F1
256
82 25 1
25 46 1
F2
256
51 2 2
2 7 2
7 46 2
46 25 2
25 69 2
69 54 2
F3
256
3 1 3
1 7 3
7 88 3
88 25 3
25 26 3
F4
256
17 74 4
74 79 4
F5
256
53 70 5
70 58 5
58 86 5
86 33 5
33 84 5
F6
256
81 70 6
70 58 6
58 86 6
86 11 6
F7
256
37 90 7
90 25 7
25 46 7
46 1 7
F8
256
87 61 8
61 90 8
90 25 8
25 69 8
F9
256
14 70 9
70 58 9
58 86 9
86 11 9
11 48 9
F10
256
31 52 10
52 66 10
66 86 10
86 71 10
F11
256
14 70 11
70 58 11
58 86 11
86 11 11
11 48 11
F12
256
55 63 12
63 74 12
74 22 12
22 67 12
67 28 12
F13
256
30 36 13
36 20 13
20 96 13
96 13 13
F14
256
30 36 14
36 20 14
20 96 14
96 13 14
F15
256
3 1 15
1 7 15
7 88 15
88 25 15
25 26 15
F16
256
38 35 16
35 74 16
74 22 16
22 57 16
F17
256
77 17 17
17 74 17
74 35 17
F18
512
88 25 18
25 82 18
82 89 18
F19
512
51 2 19
2 7 19
7 46 19
46 25 19
25 69 19
69 54 19
F20
512
53 70 20
70 58 20
58 86 20
86 33 20
33 84 20
F21
512
92 16 21
16 35 21
35 74 21
74 22 21
22 67 21
F22
512
30 36 22
36 20 22
20 96 22
96 13 22
F23
512
27 25 23
25 88 23
88 6 23
F24
512
100 8 24
8 96 24
96 75 24
F25
512
19 82 25
82 25 25
25 88 25
88 6 25
6 2 25
F26
1024
59 40 26
40 29 26
29 74 26
74 94 26
94 98 26
F27
1024
27 25 27
25 88 27
88 6 27
F28
1024
60 85 28
85 27 28
27 25 28
25 88 28
88 61 28
F29
1024
47 76 29
76 16 29
16 35 29
35 74 29
74 22 29
22 94 29
F30
1024
10 42 30
42 91 30
91 29 30
29 74 30
74 39 30
39 94 30
94 83 30
F31
1024
37 90 31
90 25 31
25 46 31
46 1 31
F32
1024
3 1 32
1 7 32
7 88 32
88 25 32
25 26 32
F33
1024
47 76 33
76 16 33
16 35 33
35 74 33
74 22 33
22 94 33
F34
1024
24 96 34
96 20 34
20 80 34
F35
1024
68 23 35
23 58 35
58 86 35
86 33 35
F36
1024
47 76 36
76 16 36
16 35 36
35 74 36
74 22 36
22 94 36
F37
1024
17 74 37
74 79 37
F38
1024
92 16 38
16 35 38
35 74 38
74 22 38
22 67 38
F39
1024
59 40 39
40 29 39
29 74 39
74 94 39
94 98 39
F40
1024
37 90 40
90 25 40
25 46 40
46 1 40
