F1
256
41 76 1
76 16 1
16 35 1
35 74 1
74 29 1
F2
256
92 16 2
16 35 2
35 74 2
74 22 2
22 67 2
F3
256
100 8 3
8 96 3
96 75 3
F4
256
82 25 4
25 46 4
F5
256
55 63 5
63 74 5
74 22 5
22 67 5
67 28 5
F6
256
8 96 6
96 13 6
13 12 6
12 32 6
F7
256
82 25 7
25 46 7
F8
256
95 70 8
70 58 8
58 86 8
86 43 8
F9
256
14 70 9
70 58 9
58 86 9
86 11 9
11 48 9
F10
256
37 90 10
90 25 10
25 46 10
46 1 10
F11
256
8 96 11
96 13 11
13 12 11
12 32 11
F12
256
17 74 12
74 79 12
F13
256
8 96 13
96 13 13
13 12 13
12 32 13
F14
256
41 76 14
76 16 14
16 35 14
35 74 14
74 29 14
F15
256
60 85 15
85 27 15
27 25 15
25 88 15
88 61 15
F16
256
95 70 16
70 58 16
58 86 16
86 43 16
F17
512
66 86 17
86 58 17
F18
512
87 61 18
61 90 18
90 25 18
25 69 18
F19
512
77 17 19
17 74 19
74 35 19
F20
512
40 29 20
29 74 20
74 39 20
F21
512
24 96 21
96 20 21
20 80 21
F22
512
95 70 22
70 58 22
58 86 22
86 43 22
F23
512
27 25 23
25 88 23
88 6 23
F24
512
27 25 24
25 88 24
88 6 24
F25
512
51 2 25
2 7 25
7 46 25
46 25 25
25 69 25
69 54 25
F26
512
17 74 26
74 79 26
F27
512
45 39 27
39 74 27
74 35 27
35 16 27
F28
1024
5 18 28
18 6 28
6 88 28
88 25 28
25 69 28
69 54 28
F29
1024
81 70 29
70 58 29
58 86 29
86 11 29
F30
1024
27 25 30
25 88 30
88 6 30
F31
1024
20 17 31
17 74 31
74 29 31
29 91 31
F32
1024
95 70 32
70 58 32
58 86 32
86 43 32
F33
1024
38 35 33
35 74 33
74 22 33
22 57 33
F34
1024
15 24 34
24 96 34
96 9 34
F35
1024
10 42 35
42 91 35
91 29 35
29 74 35
74 39 35
39 94 35
94 83 35
F36
1024
92 16 36
16 35 36
35 74 36
74 22 36
22 67 36
F37
1024
10 42 37
42 91 37
91 29 37
29 74 37
74 39 37
39 94 37
94 83 37
F38
1024
77 17 38
17 74 38
74 35 38
F39
1024
38 35 39
35 74 39
74 22 39
22 57 39
F40
1024
66 86 40
86 58 40
