F1
256
19 82 1
82 25 1
25 88 1
88 6 1
6 2 1
F2
256
45 39 2
39 74 2
74 35 2
35 16 2
F3
256
31 52 3
52 66 3
66 86 3
86 71 3
F4
256
41 76 4
76 16 4
16 35 4
35 74 4
74 29 4
F5
256
45 39 5
39 74 5
74 35 5
35 16 5
F6
256
38 35 6
35 74 6
74 22 6
22 57 6
F7
256
7 46 7
46 25 7
25 26 7
26 97 7
F8
256
20 17 8
17 74 8
74 29 8
29 91 8
F9
256
81 70 9
70 58 9
58 86 9
86 11 9
F10
512
40 29 10
29 74 10
74 39 10
F11
512
78 71 11
71 86 11
86 43 11
43 72 11
F12
512
5 18 12
18 6 12
6 88 12
88 25 12
25 69 12
69 54 12
F13
512
7 46 13
46 25 13
25 26 13
26 97 13
F14
512
31 52 14
52 66 14
66 86 14
86 71 14
F15
512
24 96 15
96 20 15
20 80 15
F16
512
59 40 16
40 29 16
29 74 16
74 94 16
94 98 16
F17
512
53 70 17
70 58 17
58 86 17
86 33 17
33 84 17
F18
512
82 25 18
25 46 18
F19
512
20 17 19
17 74 19
74 29 19
29 91 19
F20
512
17 74 20
74 79 20
F21
512
37 90 21
90 25 21
25 46 21
46 1 21
F22
512
17 74 22
74 79 22
F23
512
59 40 23
40 29 23
29 74 23
74 94 23
94 98 23
F24
512
51 2 24
2 7 24
7 46 24
46 25 24
25 69 24
69 54 24
F25
512
38 35 25
35 74 25
74 22 25
22 57 25
F26
512
50 39 26
39 74 26
74 63 26
F27
512
51 2 27
2 7 27
7 46 27
46 25 27
25 69 27
69 54 27
F28
1024
20 17 28
17 74 28
74 29 28
29 91 28
F29
1024
8 96 29
96 13 29
13 12 29
12 32 29
F30
1024
17 74 30
74 79 30
F31
1024
50 39 31
39 74 31
74 63 31
F32
1024
41 76 32
76 16 32
16 35 32
35 74 32
74 29 32
F33
1024
60 85 33
85 27 33
27 25 33
25 88 33
88 61 33
F34
1024
82 25 34
25 46 34
F35
1024
17 74 35
74 79 35
F36
1024
17 74 36
74 79 36
F37
1024
66 86 37
86 58 37
F38
1024
24 96 38
96 20 38
20 80 38
F39
1024
66 86 39
86 58 39
F40
1024
8 96 40
96 13 40
13 12 40
12 32 40
