F1
256
77 17 1
17 74 1
74 35 1
F2
256
88 25 2
25 82 2
82 89 2
F3
256
19 82 3
82 25 3
25 88 3
88 6 3
6 2 3
F4
256
60 85 4
85 27 4
27 25 4
25 88 4
88 61 4
F5
256
45 39 5
39 74 5
74 35 5
35 16 5
F6
256
87 61 6
61 90 6
90 25 6
25 69 6
F7
256
45 39 7
39 74 7
74 35 7
35 16 7
F8
256
4 3 8
3 1 8
1 46 8
46 25 8
25 26 8
26 34 8
F9
256
59 40 9
40 29 9
29 74 9
74 94 9
94 98 9
F10
512
55 63 10
63 74 10
74 22 10
22 67 10
67 28 10
F11
512
45 39 11
39 74 11
74 35 11
35 16 11
F12
512
66 86 12
86 58 12
F13
512
59 40 13
40 29 13
29 74 13
74 94 13
94 98 13
F14
512
100 8 14
8 96 14
96 75 14
F15
512
20 17 15
17 74 15
74 29 15
29 91 15
F16
512
50 39 16
39 74 16
74 63 16
F17
512
45 39 17
39 74 17
74 35 17
35 16 17
F18
512
81 70 18
70 58 18
58 86 18
86 11 18
F19
512
45 39 19
39 74 19
74 35 19
35 16 19
F20
512
7 46 20
46 25 20
25 26 20
26 97 20
F21
512
100 8 21
8 96 21
96 75 21
F22
1024
30 36 22
36 20 22
20 96 22
96 13 22
F23
1024
50 39 23
39 74 23
74 63 23
F24
1024
17 74 24
74 79 24
F25
1024
50 39 25
39 74 25
74 63 25
F26
1024
78 71 26
71 86 26
86 43 26
43 72 26
F27
1024
76 16 27
16 35 27
35 74 27
74 22 27
F28
1024
53 70 28
70 58 28
58 86 28
86 33 28
33 84 28
F29
1024
53 70 29
70 58 29
58 86 29
86 33 29
33 84 29
F30
1024
68 23 30
23 58 30
58 86 30
86 33 30
F31
1024
68 23 31
23 58 31
58 86 31
86 33 31
F32
1024
55 63 32
63 74 32
74 22 32
22 67 32
67 28 32
F33
1024
3 1 33
1 7 33
7 88 33
88 25 33
25 26 33
F34
1024
78 71 34
71 86 34
86 43 34
43 72 34
F35
1024
7 46 35
46 25 35
25 26 35
26 97 35
F36
1024
4 3 36
3 1 36
1 46 36
46 25 36
25 26 36
26 34 36
F37
1024
47 76 37
76 16 37
16 35 37
35 74 37
74 22 37
22 94 37
F38
1024
37 90 38
90 25 38
25 46 38
46 1 38
F39
1024
31 52 39
52 66 39
66 86 39
86 71 39
F40
1024
100 8 40
8 96 40
96 75 40
