F1
256
66 86 1
86 58 1
F2
256
37 90 2
90 25 2
25 46 2
46 1 2
F3
256
82 25 3
25 46 3
F4
256
95 70 4
70 58 4
58 86 4
86 43 4
F5
256
4 3 5
3 1 5
1 46 5
46 25 5
25 26 5
26 34 5
F6
256
81 70 6
70 58 6
58 86 6
86 11 6
F7
256
3 1 7
1 7 7
7 88 7
88 25 7
25 26 7
F8
256
19 82 8
82 25 8
25 88 8
88 6 8
6 2 8
F9
256
5 18 9
18 6 9
6 88 9
88 25 9
25 69 9
69 54 9
F10
512
68 23 10
23 58 10
58 86 10
86 33 10
F11
512
38 35 11
35 74 11
74 22 11
22 57 11
F12
512
41 76 12
76 16 12
16 35 12
35 74 12
74 29 12
F13
512
53 70 13
70 58 13
58 86 13
86 33 13
33 84 13
F14
512
51 2 14
2 7 14
7 46 14
46 25 14
25 69 14
69 54 14
F15
512
45 39 15
39 74 15
74 35 15
35 16 15
F16
512
4 3 16
3 1 16
1 46 16
46 25 16
25 26 16
26 34 16
F17
512
8 96 17
96 13 17
13 12 17
12 32 17
F18
512
55 63 18
63 74 18
74 22 18
22 67 18
67 28 18
F19
512
51 2 19
2 7 19
7 46 19
46 25 19
25 69 19
69 54 19
F20
512
68 23 20
23 58 20
58 86 20
86 33 20
F21
512
24 96 21
96 20 21
20 80 21
F22
512
78 71 22
71 86 22
86 43 22
43 72 22
F23
512
8 96 23
96 13 23
13 12 23
12 32 23
F24
512
53 70 24
70 58 24
58 86 24
86 33 24
33 84 24
F25
1024
7 46 25
46 25 25
25 26 25
26 97 25
F26
1024
68 23 26
23 58 26
58 86 26
86 33 26
F27
1024
38 35 27
35 74 27
74 22 27
22 57 27
F28
1024
68 23 28
23 58 28
58 86 28
86 33 28
F29
1024
14 70 29
70 58 29
58 86 29
86 11 29
11 48 29
F30
1024
52 9 30
9 96 30
96 13 30
13 12 30
F31
1024
95 70 31
70 58 31
58 86 31
86 43 31
F32
1024
45 39 32
39 74 32
74 35 32
35 16 32
F33
1024
55 63 33
63 74 33
74 22 33
22 67 33
67 28 33
F34
1024
15 24 34
24 96 34
96 9 34
F35
1024
77 17 35
17 74 35
74 35 35
F36
1024
51 2 36
2 7 36
7 46 36
46 25 36
25 69 36
69 54 36
F37
1024
95 70 37
70 58 37
58 86 37
86 43 37
F38
1024
47 76 38
76 16 38
16 35 38
35 74 38
74 22 38
22 94 38
F39
1024
51 2 39
2 7 39
7 46 39
46 25 39
25 69 39
69 54 39
F40
1024
40 29 40
29 74 40
74 39 40
