F1
256
95 70 1
70 58 1
58 86 1
86 43 1
F2
256
76 16 2
16 35 2
35 74 2
74 22 2
F3
256
88 25 3
25 82 3
82 89 3
F4
256
40 29 4
29 74 4
74 39 4
F5
256
3 1 5
1 7 5
7 88 5
88 25 5
25 26 5
F6
256
78 71 6
71 86 6
86 43 6
43 72 6
F7
256
55 63 7
63 74 7
74 22 7
22 67 7
67 28 7
F8
256
78 71 8
71 86 8
86 43 8
43 72 8
F9
256
55 63 9
63 74 9
74 22 9
22 67 9
67 28 9
F10
256
47 76 10
76 16 10
16 35 10
35 74 10
74 22 10
22 94 10
F11
512
27 25 11
25 88 11
88 6 11
F12
512
52 9 12
9 96 12
96 13 12
13 12 12
F13
512
15 24 13
24 96 13
96 9 13
F14
512
55 63 14
63 74 14
74 22 14
22 67 14
67 28 14
F15
512
100 8 15
8 96 15
96 75 15
F16
512
8 96 16
96 13 16
13 12 16
12 32 16
F17
512
30 36 17
36 20 17
20 96 17
96 13 17
F18
512
20 17 18
17 74 18
74 29 18
29 91 18
F19
512
20 17 19
17 74 19
74 29 19
29 91 19
F20
512
51 2 20
2 7 20
7 46 20
46 25 20
25 69 20
69 54 20
F21
512
78 71 21
71 86 21
86 43 21
43 72 21
F22
512
41 76 22
76 16 22
16 35 22
35 74 22
74 29 22
F23
512
100 8 23
8 96 23
96 75 23
F24
1024
7 46 24
46 25 24
25 26 24
26 97 24
F25
1024
66 86 25
86 58 25
F26
1024
37 90 26
90 25 26
25 46 26
46 1 26
F27
1024
100 8 27
8 96 27
96 75 27
F28
1024
41 76 28
76 16 28
16 35 28
35 74 28
74 29 28
F29
1024
4 3 29
3 1 29
1 46 29
46 25 29
25 26 29
26 34 29
F30
1024
82 25 30
25 46 30
F31
1024
41 76 31
76 16 31
16 35 31
35 74 31
74 29 31
F32
1024
17 74 32
74 79 32
F33
1024
27 25 33
25 88 33
88 6 33
F34
1024
10 42 34
42 91 34
91 29 34
29 74 34
74 39 34
39 94 34
94 83 34
F35
1024
41 76 35
76 16 35
16 35 35
35 74 35
74 29 35
F36
1024
60 85 36
85 27 36
27 25 36
25 88 36
88 61 36
F37
1024
41 76 37
76 16 37
16 35 37
35 74 37
74 29 37
F38
1024
81 70 38
70 58 38
58 86 38
86 11 38
F39
1024
53 70 39
70 58 39
58 86 39
86 33 39
33 84 39
F40
1024
53 70 40
70 58 40
58 86 40
86 33 40
33 84 40
