F1
256
40 29 1
29 74 1
74 39 1
F2
256
59 40 2
40 29 2
29 74 2
74 94 2
94 98 2
F3
256
88 25 3
25 82 3
82 89 3
F4
256
66 86 4
86 58 4
F5
256
81 70 5
70 58 5
58 86 5
86 11 5
F6
256
8 96 6
96 13 6
13 12 6
12 32 6
F7
256
45 39 7
39 74 7
74 35 7
35 16 7
F8
256
78 71 8
71 86 8
86 43 8
43 72 8
F9
256
40 29 9
29 74 9
74 39 9
F10
512
7 46 10
46 25 10
25 26 10
26 97 10
F11
512
47 76 11
76 16 11
16 35 11
35 74 11
74 22 11
22 94 11
F12
512
50 39 12
39 74 12
74 63 12
F13
512
50 39 13
39 74 13
74 63 13
F14
512
38 35 14
35 74 14
74 22 14
22 57 14
F15
512
77 17 15
17 74 15
74 35 15
F16
512
47 76 16
76 16 16
16 35 16
35 74 16
74 22 16
22 94 16
F17
512
59 40 17
40 29 17
29 74 17
74 94 17
94 98 17
F18
512
82 25 18
25 46 18
F19
512
4 3 19
3 1 19
1 46 19
46 25 19
25 26 19
26 34 19
F20
512
8 96 20
96 13 20
13 12 20
12 32 20
F21
512
3 1 21
1 7 21
7 88 21
88 25 21
25 26 21
F22
512
50 39 22
39 74 22
74 63 22
F23
512
95 70 23
70 58 23
58 86 23
86 43 23
F24
1024
31 52 24
52 66 24
66 86 24
86 71 24
F25
1024
87 61 25
61 90 25
90 25 25
25 69 25
F26
1024
82 25 26
25 46 26
F27
1024
3 1 27
1 7 27
7 88 27
88 25 27
25 26 27
F28
1024
31 52 28
52 66 28
66 86 28
86 71 28
F29
1024
37 90 29
90 25 29
25 46 29
46 1 29
F30
1024
27 25 30
25 88 30
88 6 30
F31
1024
47 76 31
76 16 31
16 35 31
35 74 31
74 22 31
22 94 31
F32
1024
38 35 32
35 74 32
74 22 32
22 57 32
F33
1024
51 2 33
2 7 33
7 46 33
46 25 33
25 69 33
69 54 33
F34
1024
55 63 34
63 74 34
74 22 34
22 67 34
67 28 34
F35
1024
8 96 35
96 13 35
13 12 35
12 32 35
F36
1024
41 76 36
76 16 36
16 35 36
35 74 36
74 29 36
F37
1024
37 90 37
90 25 37
25 46 37
46 1 37
F38
1024
82 25 38
25 46 38
F39
1024
60 85 39
85 27 39
27 25 39
25 88 39
88 61 39
F40
1024
59 40 40
40 29 40
29 74 40
74 94 40
94 98 40
