F1
256
66 86 1
86 58 1
F2
256
78 71 2
71 86 2
86 43 2
43 72 2
F3
256
82 25 3
25 46 3
F4
256
52 9 4
9 96 4
96 13 4
13 12 4
F5
256
78 71 5
71 86 5
86 43 5
43 72 5
F6
256
88 25 6
25 82 6
82 89 6
F7
256
40 29 7
29 74 7
74 39 7
F8
256
51 2 8
2 7 8
7 46 8
46 25 8
25 69 8
69 54 8
F9
256
77 17 9
17 74 9
74 35 9
F10
256
60 85 10
85 27 10
27 25 10
25 88 10
88 61 10
F11
256
4 3 11
3 1 11
1 46 11
46 25 11
25 26 11
26 34 11
F12
512
50 39 12
39 74 12
74 63 12
F13
512
27 25 13
25 88 13
88 6 13
F14
512
47 76 14
76 16 14
16 35 14
35 74 14
74 22 14
22 94 14
F15
512
47 76 15
76 16 15
16 35 15
35 74 15
74 22 15
22 94 15
F16
512
95 70 16
70 58 16
58 86 16
86 43 16
F17
512
37 90 17
90 25 17
25 46 17
46 1 17
F18
512
37 90 18
90 25 18
25 46 18
46 1 18
F19
512
41 76 19
76 16 19
16 35 19
35 74 19
74 29 19
F20
512
45 39 20
39 74 20
74 35 20
35 16 20
F21
512
14 70 21
70 58 21
58 86 21
86 11 21
11 48 21
F22
512
100 8 22
8 96 22
96 75 22
F23
512
95 70 23
70 58 23
58 86 23
86 43 23
F24
512
10 42 24
42 91 24
91 29 24
29 74 24
74 39 24
39 94 24
94 83 24
F25
512
10 42 25
42 91 25
91 29 25
29 74 25
74 39 25
39 94 25
94 83 25
F26
512
88 25 26
25 82 26
82 89 26
F27
512
82 25 27
25 46 27
F28
1024
47 76 28
76 16 28
16 35 28
35 74 28
74 22 28
22 94 28
F29
1024
81 70 29
70 58 29
58 86 29
86 11 29
F30
1024
76 16 30
16 35 30
35 74 30
74 22 30
F31
1024
20 17 31
17 74 31
74 29 31
29 91 31
F32
1024
100 8 32
8 96 32
96 75 32
F33
1024
77 17 33
17 74 33
74 35 33
F34
1024
78 71 34
71 86 34
86 43 34
43 72 34
F35
1024
82 25 35
25 46 35
F36
1024
41 76 36
76 16 36
16 35 36
35 74 36
74 29 36
F37
1024
59 40 37
40 29 37
29 74 37
74 94 37
94 98 37
F38
1024
81 70 38
70 58 38
58 86 38
86 11 38
F39
1024
88 25 39
25 82 39
82 89 39
F40
1024
81 70 40
70 58 40
58 86 40
86 11 40
