F1
256
17 74 1
74 79 1
F2
256
82 25 2
25 46 2
F3
256
59 40 3
40 29 3
29 74 3
74 94 3
94 98 3
F4
256
5 18 4
18 6 4
6 88 4
88 25 4
25 69 4
69 54 4
F5
256
60 85 5
85 27 5
27 25 5
25 88 5
88 61 5
F6
256
59 40 6
40 29 6
29 74 6
74 94 6
94 98 6
F7
256
92 16 7
16 35 7
35 74 7
74 22 7
22 67 7
F8
256
95 70 8
70 58 8
58 86 8
86 43 8
F9
256
50 39 9
39 74 9
74 63 9
F10
512
30 36 10
36 20 10
20 96 10
96 13 10
F11
512
51 2 11
2 7 11
7 46 11
46 25 11
25 69 11
69 54 11
F12
512
30 36 12
36 20 12
20 96 12
96 13 12
F13
512
50 39 13
39 74 13
74 63 13
F14
512
37 90 14
90 25 14
25 46 14
46 1 14
F15
512
77 17 15
17 74 15
74 35 15
F16
512
20 17 16
17 74 16
74 29 16
29 91 16
F17
512
41 76 17
76 16 17
16 35 17
35 74 17
74 29 17
F18
512
14 70 18
70 58 18
58 86 18
86 11 18
11 48 18
F19
512
38 35 19
35 74 19
74 22 19
22 57 19
F20
512
4 3 20
3 1 20
1 46 20
46 25 20
25 26 20
26 34 20
F21
512
78 71 21
71 86 21
86 43 21
43 72 21
F22
1024
95 70 22
70 58 22
58 86 22
86 43 22
F23
1024
27 25 23
25 88 23
88 6 23
F24
1024
66 86 24
86 58 24
F25
1024
20 17 25
17 74 25
74 29 25
29 91 25
F26
1024
77 17 26
17 74 26
74 35 26
F27
1024
53 70 27
70 58 27
58 86 27
86 33 27
33 84 27
F28
1024
17 74 28
74 79 28
F29
1024
92 16 29
16 35 29
35 74 29
74 22 29
22 67 29
F30
1024
8 96 30
96 13 30
13 12 30
12 32 30
F31
1024
20 17 31
17 74 31
74 29 31
29 91 31
F32
1024
40 29 32
29 74 32
74 39 32
F33
1024
40 29 33
29 74 33
74 39 33
F34
1024
95 70 34
70 58 34
58 86 34
86 43 34
F35
1024
76 16 35
16 35 35
35 74 35
74 22 35
F36
1024
60 85 36
85 27 36
27 25 36
25 88 36
88 61 36
F37
1024
31 52 37
52 66 37
66 86 37
86 71 37
F38
1024
20 17 38
17 74 38
74 29 38
29 91 38
F39
1024
3 1 39
1 7 39
7 88 39
88 25 39
25 26 39
F40
1024
14 70 40
70 58 40
58 86 40
86 11 40
11 48 40
