F1
256
40 29 1
29 74 1
74 39 1
F2
256
68 23 2
23 58 2
58 86 2
86 33 2
F3
256
8 96 3
96 13 3
13 12 3
12 32 3
F4
256
8 96 4
96 13 4
13 12 4
12 32 4
F5
256
51 2 5
2 7 5
7 46 5
46 25 5
25 69 5
69 54 5
F6
256
66 86 6
86 58 6
F7
256
52 9 7
9 96 7
96 13 7
13 12 7
F8
256
55 63 8
63 74 8
74 22 8
22 67 8
67 28 8
F9
256
47 76 9
76 16 9
16 35 9
35 74 9
74 22 9
22 94 9
F10
256
14 70 10
70 58 10
58 86 10
86 11 10
11 48 10
F11
256
52 9 11
9 96 11
96 13 11
13 12 11
F12
256
5 18 12
18 6 12
6 88 12
88 25 12
25 69 12
69 54 12
F13
512
100 8 13
8 96 13
96 75 13
F14
512
100 8 14
8 96 14
96 75 14
F15
512
8 96 15
96 13 15
13 12 15
12 32 15
F16
512
30 36 16
36 20 16
20 96 16
96 13 16
F17
512
51 2 17
2 7 17
7 46 17
46 25 17
25 69 17
69 54 17
F18
512
50 39 18
39 74 18
74 63 18
F19
512
15 24 19
24 96 19
96 9 19
F20
512
38 35 20
35 74 20
74 22 20
22 57 20
F21
512
81 70 21
70 58 21
58 86 21
86 11 21
F22
512
37 90 22
90 25 22
25 46 22
46 1 22
F23
512
5 18 23
18 6 23
6 88 23
88 25 23
25 69 23
69 54 23
F24
1024
10 42 24
42 91 24
91 29 24
29 74 24
74 39 24
39 94 24
94 83 24
F25
1024
45 39 25
39 74 25
74 35 25
35 16 25
F26
1024
15 24 26
24 96 26
96 9 26
F27
1024
76 16 27
16 35 27
35 74 27
74 22 27
F28
1024
20 17 28
17 74 28
74 29 28
29 91 28
F29
1024
55 63 29
63 74 29
74 22 29
22 67 29
67 28 29
F30
1024
77 17 30
17 74 30
74 35 30
F31
1024
66 86 31
86 58 31
F32
1024
17 74 32
74 79 32
F33
1024
59 40 33
40 29 33
29 74 33
74 94 33
94 98 33
F34
1024
51 2 34
2 7 34
7 46 34
46 25 34
25 69 34
69 54 34
F35
1024
15 24 35
24 96 35
96 9 35
F36
1024
27 25 36
25 88 36
88 6 36
F37
1024
59 40 37
40 29 37
29 74 37
74 94 37
94 98 37
F38
1024
10 42 38
42 91 38
91 29 38
29 74 38
74 39 38
39 94 38
94 83 38
F39
1024
20 17 39
17 74 39
74 29 39
29 91 39
F40
1024
5 18 40
18 6 40
6 88 40
88 25 40
25 69 40
69 54 40
