F1
256
7 46 1
46 25 1
25 26 1
26 97 1
F2
256
100 8 2
8 96 2
96 75 2
F3
256
87 61 3
61 90 3
90 25 3
25 69 3
F4
256
53 70 4
70 58 4
58 86 4
86 33 4
33 84 4
F5
256
78 71 5
71 86 5
86 43 5
43 72 5
F6
256
4 3 6
3 1 6
1 46 6
46 25 6
25 26 6
26 34 6
F7
256
24 96 7
96 20 7
20 80 7
F8
256
10 42 8
42 91 8
91 29 8
29 74 8
74 39 8
39 94 8
94 83 8
F9
256
92 16 9
16 35 9
35 74 9
74 22 9
22 67 9
F10
256
10 42 10
42 91 10
91 29 10
29 74 10
74 39 10
39 94 10
94 83 10
F11
256
10 42 11
42 91 11
91 29 11
29 74 11
74 39 11
39 94 11
94 83 11
F12
256
55 63 12
63 74 12
74 22 12
22 67 12
67 28 12
F13
256
19 82 13
82 25 13
25 88 13
88 6 13
6 2 13
F14
512
30 36 14
36 20 14
20 96 14
96 13 14
F15
512
88 25 15
25 82 15
82 89 15
F16
512
77 17 16
17 74 16
74 35 16
F17
512
53 70 17
70 58 17
58 86 17
86 33 17
33 84 17
F18
512
66 86 18
86 58 18
F19
512
55 63 19
63 74 19
74 22 19
22 67 19
67 28 19
F20
512
27 25 20
25 88 20
88 6 20
F21
512
15 24 21
24 96 21
96 9 21
F22
512
76 16 22
16 35 22
35 74 22
74 22 22
F23
512
3 1 23
1 7 23
7 88 23
88 25 23
25 26 23
F24
512
55 63 24
63 74 24
74 22 24
22 67 24
67 28 24
F25
512
52 9 25
9 96 25
96 13 25
13 12 25
F26
512
38 35 26
35 74 26
74 22 26
22 57 26
F27
512
92 16 27
16 35 27
35 74 27
74 22 27
22 67 27
F28
1024
19 82 28
82 25 28
25 88 28
88 6 28
6 2 28
F29
1024
66 86 29
86 58 29
F30
1024
50 39 30
39 74 30
74 63 30
F31
1024
82 25 31
25 46 31
F32
1024
17 74 32
74 79 32
F33
1024
19 82 33
82 25 33
25 88 33
88 6 33
6 2 33
F34
1024
100 8 34
8 96 34
96 75 34
F35
1024
100 8 35
8 96 35
96 75 35
F36
1024
68 23 36
23 58 36
58 86 36
86 33 36
F37
1024
20 17 37
17 74 37
74 29 37
29 91 37
F38
1024
78 71 38
71 86 38
86 43 38
43 72 38
F39
1024
40 29 39
29 74 39
74 39 39
F40
1024
87 61 40
61 90 40
90 25 40
25 69 40
