F1
256
45 39 1
39 74 1
74 35 1
35 16 1
F2
256
8 96 2
96 13 2
13 12 2
12 32 2
F3
256
59 40 3
40 29 3
29 74 3
74 94 3
94 98 3
F4
256
81 70 4
70 58 4
58 86 4
86 11 4
F5
256
87 61 5
61 90 5
90 25 5
25 69 5
F6
256
68 23 6
23 58 6
58 86 6
86 33 6
F7
256
47 76 7
76 16 7
16 35 7
35 74 7
74 22 7
22 94 7
F8
256
4 3 8
3 1 8
1 46 8
46 25 8
25 26 8
26 34 8
F9
256
4 3 9
3 1 9
1 46 9
46 25 9
25 26 9
26 34 9
F10
256
40 29 10
29 74 10
74 39 10
F11
256
52 9 11
9 96 11
96 13 11
13 12 11
F12
256
15 24 12
24 96 12
96 9 12
F13
256
24 96 13
96 20 13
20 80 13
F14
256
47 76 14
76 16 14
16 35 14
35 74 14
74 22 14
22 94 14
F15
256
59 40 15
40 29 15
29 74 15
74 94 15
94 98 15
F16
512
77 17 16
17 74 16
74 35 16
F17
512
95 70 17
70 58 17
58 86 17
86 43 17
F18
512
4 3 18
3 1 18
1 46 18
46 25 18
25 26 18
26 34 18
F19
512
40 29 19
29 74 19
74 39 19
F20
512
7 46 20
46 25 20
25 26 20
26 97 20
F21
512
51 2 21
2 7 21
7 46 21
46 25 21
25 69 21
69 54 21
F22
512
81 70 22
70 58 22
58 86 22
86 11 22
F23
1024
88 25 23
25 82 23
82 89 23
F24
1024
5 18 24
18 6 24
6 88 24
88 25 24
25 69 24
69 54 24
F25
1024
92 16 25
16 35 25
35 74 25
74 22 25
22 67 25
F26
1024
100 8 26
8 96 26
96 75 26
F27
1024
14 70 27
70 58 27
58 86 27
86 11 27
11 48 27
F28
1024
87 61 28
61 90 28
90 25 28
25 69 28
F29
1024
15 24 29
24 96 29
96 9 29
F30
1024
14 70 30
70 58 30
58 86 30
86 11 30
11 48 30
F31
1024
17 74 31
74 79 31
F32
1024
82 25 32
25 46 32
F33
1024
20 17 33
17 74 33
74 29 33
29 91 33
F34
1024
92 16 34
16 35 34
35 74 34
74 22 34
22 67 34
F35
1024
52 9 35
9 96 35
96 13 35
13 12 35
F36
1024
14 70 36
70 58 36
58 86 36
86 11 36
11 48 36
F37
1024
82 25 37
25 46 37
F38
1024
10 42 38
42 91 38
91 29 38
29 74 38
74 39 38
39 94 38
94 83 38
F39
1024
60 85 39
85 27 39
27 25 39
25 88 39
88 61 39
F40
1024
3 1 40
1 7 40
7 88 40
88 25 40
25 26 40
