F1
256
20 17 1
17 74 1
74 29 1
29 91 1
F2
256
100 8 2
8 96 2
96 75 2
F3
256
82 25 3
25 46 3
F4
256
30 36 4
36 20 4
20 96 4
96 13 4
F5
256
59 40 5
40 29 5
29 74 5
74 94 5
94 98 5
F6
256
19 82 6
82 25 6
25 88 6
88 6 6
6 2 6
F7
256
88 25 7
25 82 7
82 89 7
F8
256
53 70 8
70 58 8
58 86 8
86 33 8
33 84 8
F9
256
92 16 9
16 35 9
35 74 9
74 22 9
22 67 9
F10
256
37 90 10
90 25 10
25 46 10
46 1 10
F11
256
7 46 11
46 25 11
25 26 11
26 97 11
F12
256
81 70 12
70 58 12
58 86 12
86 11 12
F13
256
15 24 13
24 96 13
96 9 13
F14
256
45 39 14
39 74 14
74 35 14
35 16 14
F15
512
5 18 15
18 6 15
6 88 15
88 25 15
25 69 15
69 54 15
F16
512
41 76 16
76 16 16
16 35 16
35 74 16
74 29 16
F17
512
82 25 17
25 46 17
F18
512
38 35 18
35 74 18
74 22 18
22 57 18
F19
512
68 23 19
23 58 19
58 86 19
86 33 19
F20
512
68 23 20
23 58 20
58 86 20
86 33 20
F21
512
78 71 21
71 86 21
86 43 21
43 72 21
F22
512
50 39 22
39 74 22
74 63 22
F23
512
50 39 23
39 74 23
74 63 23
F24
512
24 96 24
96 20 24
20 80 24
F25
512
55 63 25
63 74 25
74 22 25
22 67 25
67 28 25
F26
512
77 17 26
17 74 26
74 35 26
F27
512
92 16 27
16 35 27
35 74 27
74 22 27
22 67 27
F28
1024
59 40 28
40 29 28
29 74 28
74 94 28
94 98 28
F29
1024
30 36 29
36 20 29
20 96 29
96 13 29
F30
1024
31 52 30
52 66 30
66 86 30
86 71 30
F31
1024
37 90 31
90 25 31
25 46 31
46 1 31
F32
1024
68 23 32
23 58 32
58 86 32
86 33 32
F33
1024
7 46 33
46 25 33
25 26 33
26 97 33
F34
1024
37 90 34
90 25 34
25 46 34
46 1 34
F35
1024
78 71 35
71 86 35
86 43 35
43 72 35
F36
1024
8 96 36
96 13 36
13 12 36
12 32 36
F37
1024
15 24 37
24 96 37
96 9 37
F38
1024
59 40 38
40 29 38
29 74 38
74 94 38
94 98 38
F39
1024
100 8 39
8 96 39
96 75 39
F40
1024
81 70 40
70 58 40
58 86 40
86 11 40
