F1
256
53 70 1
70 58 1
58 86 1
86 33 1
33 84 1
F2
256
68 23 2
23 58 2
58 86 2
86 33 2
F3
256
37 90 3
90 25 3
25 46 3
46 1 3
F4
256
60 85 4
85 27 4
27 25 4
25 88 4
88 61 4
F5
256
66 86 5
86 58 5
F6
256
38 35 6
35 74 6
74 22 6
22 57 6
F7
256
4 3 7
3 1 7
1 46 7
46 25 7
25 26 7
26 34 7
F8
256
20 17 8
17 74 8
74 29 8
29 91 8
F9
256
8 96 9
96 13 9
13 12 9
12 32 9
F10
256
87 61 10
61 90 10
90 25 10
25 69 10
F11
256
53 70 11
70 58 11
58 86 11
86 33 11
33 84 11
F12
256
3 1 12
1 7 12
7 88 12
88 25 12
25 26 12
F13
256
77 17 13
17 74 13
74 35 13
F14
512
52 9 14
9 96 14
96 13 14
13 12 14
F15
512
53 70 15
70 58 15
58 86 15
86 33 15
33 84 15
F16
512
41 76 16
76 16 16
16 35 16
35 74 16
74 29 16
F17
512
87 61 17
61 90 17
90 25 17
25 69 17
F18
512
5 18 18
18 6 18
6 88 18
88 25 18
25 69 18
69 54 18
F19
512
52 9 19
9 96 19
96 13 19
13 12 19
F20
512
51 2 20
2 7 20
7 46 20
46 25 20
25 69 20
69 54 20
F21
512
20 17 21
17 74 21
74 29 21
29 91 21
F22
512
77 17 22
17 74 22
74 35 22
F23
512
8 96 23
96 13 23
13 12 23
12 32 23
F24
512
51 2 24
2 7 24
7 46 24
46 25 24
25 69 24
69 54 24
F25
512
5 18 25
18 6 25
6 88 25
88 25 25
25 69 25
69 54 25
F26
512
68 23 26
23 58 26
58 86 26
86 33 26
F27
1024
4 3 27
3 1 27
1 46 27
46 25 27
25 26 27
26 34 27
F28
1024
81 70 28
70 58 28
58 86 28
86 11 28
F29
1024
60 85 29
85 27 29
27 25 29
25 88 29
88 61 29
F30
1024
37 90 30
90 25 30
25 46 30
46 1 30
F31
1024
77 17 31
17 74 31
74 35 31
F32
1024
52 9 32
9 96 32
96 13 32
13 12 32
F33
1024
95 70 33
70 58 33
58 86 33
86 43 33
F34
1024
7 46 34
46 25 34
25 26 34
26 97 34
F35
1024
5 18 35
18 6 35
6 88 35
88 25 35
25 69 35
69 54 35
F36
1024
27 25 36
25 88 36
88 6 36
F37
1024
53 70 37
70 58 37
58 86 37
86 33 37
33 84 37
F38
1024
10 42 38
42 91 38
91 29 38
29 74 38
74 39 38
39 94 38
94 83 38
F39
1024
82 25 39
25 46 39
F40
1024
5 18 40
18 6 40
6 88 40
88 25 40
25 69 40
69 54 40
