F1
256
7 46 1
46 25 1
25 26 1
26 97 1
F2
256
3 1 2
1 7 2
7 88 2
88 25 2
25 26 2
F3
256
51 2 3
2 7 3
7 46 3
46 25 3
25 69 3
69 54 3
F4
256
19 82 4
82 25 4
25 88 4
88 6 4
6 2 4
F5
256
52 9 5
9 96 5
96 13 5
13 12 5
F6
256
14 70 6
70 58 6
58 86 6
86 11 6
11 48 6
F7
256
31 52 7
52 66 7
66 86 7
86 71 7
F8
256
41 76 8
76 16 8
16 35 8
35 74 8
74 29 8
F9
256
41 76 9
76 16 9
16 35 9
35 74 9
74 29 9
F10
256
3 1 10
1 7 10
7 88 10
88 25 10
25 26 10
F11
256
37 90 11
90 25 11
25 46 11
46 1 11
F12
256
78 71 12
71 86 12
86 43 12
43 72 12
F13
256
19 82 13
82 25 13
25 88 13
88 6 13
6 2 13
F14
256
47 76 14
76 16 14
16 35 14
35 74 14
74 22 14
22 94 14
F15
256
50 39 15
39 74 15
74 63 15
F16
512
17 74 16
74 79 16
F17
512
100 8 17
8 96 17
96 75 17
F18
512
53 70 18
70 58 18
58 86 18
86 33 18
33 84 18
F19
512
77 17 19
17 74 19
74 35 19
F20
512
8 96 20
96 13 20
13 12 20
12 32 20
F21
512
55 63 21
63 74 21
74 22 21
22 67 21
67 28 21
F22
512
31 52 22
52 66 22
66 86 22
86 71 22
F23
512
95 70 23
70 58 23
58 86 23
86 43 23
F24
512
92 16 24
16 35 24
35 74 24
74 22 24
22 67 24
F25
512
87 61 25
61 90 25
90 25 25
25 69 25
F26
1024
53 70 26
70 58 26
58 86 26
86 33 26
33 84 26
F27
1024
55 63 27
63 74 27
74 22 27
22 67 27
67 28 27
F28
1024
68 23 28
23 58 28
58 86 28
86 33 28
F29
1024
38 35 29
35 74 29
74 22 29
22 57 29
F30
1024
87 61 30
61 90 30
90 25 30
25 69 30
F31
1024
76 16 31
16 35 31
35 74 31
74 22 31
F32
1024
82 25 32
25 46 32
F33
1024
45 39 33
39 74 33
74 35 33
35 16 33
F34
1024
14 70 34
70 58 34
58 86 34
86 11 34
11 48 34
F35
1024
95 70 35
70 58 35
58 86 35
86 43 35
F36
1024
88 25 36
25 82 36
82 89 36
F37
1024
5 18 37
18 6 37
6 88 37
88 25 37
25 69 37
69 54 37
F38
1024
50 39 38
39 74 38
74 63 38
F39
1024
77 17 39
17 74 39
74 35 39
F40
1024
8 96 40
96 13 40
13 12 40
12 32 40
