F1
256
31 52 1
52 66 1
66 86 1
86 71 1
F2
256
52 9 2
9 96 2
96 13 2
13 12 2
F3
256
82 25 3
25 46 3
F4
256
8 96 4
96 13 4
13 12 4
12 32 4
F5
256
37 90 5
90 25 5
25 46 5
46 1 5
F6
256
40 29 6
29 74 6
74 39 6
F7
256
30 36 7
36 20 7
20 96 7
96 13 7
F8
256
60 85 8
85 27 8
27 25 8
25 88 8
88 61 8
F9
256
100 8 9
8 96 9
96 75 9
F10
256
7 46 10
46 25 10
25 26 10
26 97 10
F11
256
95 70 11
70 58 11
58 86 11
86 43 11
F12
256
51 2 12
2 7 12
7 46 12
46 25 12
25 69 12
69 54 12
F13
256
68 23 13
23 58 13
58 86 13
86 33 13
F14
256
78 71 14
71 86 14
86 43 14
43 72 14
F15
256
7 46 15
46 25 15
25 26 15
26 97 15
F16
256
19 82 16
82 25 16
25 88 16
88 6 16
6 2 16
F17
512
88 25 17
25 82 17
82 89 17
F18
512
59 40 18
40 29 18
29 74 18
74 94 18
94 98 18
F19
512
8 96 19
96 13 19
13 12 19
12 32 19
F20
512
95 70 20
70 58 20
58 86 20
86 43 20
F21
512
78 71 21
71 86 21
86 43 21
43 72 21
F22
512
68 23 22
23 58 22
58 86 22
86 33 22
F23
512
50 39 23
39 74 23
74 63 23
F24
512
27 25 24
25 88 24
88 6 24
F25
512
31 52 25
52 66 25
66 86 25
86 71 25
F26
512
17 74 26
74 79 26
F27
512
52 9 27
9 96 27
96 13 27
13 12 27
F28
512
76 16 28
16 35 28
35 74 28
74 22 28
F29
1024
81 70 29
70 58 29
58 86 29
86 11 29
F30
1024
51 2 30
2 7 30
7 46 30
46 25 30
25 69 30
69 54 30
F31
1024
87 61 31
61 90 31
90 25 31
25 69 31
F32
1024
4 3 32
3 1 32
1 46 32
46 25 32
25 26 32
26 34 32
F33
1024
27 25 33
25 88 33
88 6 33
F34
1024
77 17 34
17 74 34
74 35 34
F35
1024
10 42 35
42 91 35
91 29 35
29 74 35
74 39 35
39 94 35
94 83 35
F36
1024
78 71 36
71 86 36
86 43 36
43 72 36
F37
1024
7 46 37
46 25 37
25 26 37
26 97 37
F38
1024
4 3 38
3 1 38
1 46 38
46 25 38
25 26 38
26 34 38
F39
1024
8 96 39
96 13 39
13 12 39
12 32 39
F40
1024
78 71 40
71 86 40
86 43 40
43 72 40
