F1
256
81 70 1
70 58 1
58 86 1
86 11 1
F2
256
76 16 2
16 35 2
35 74 2
74 22 2
F3
256
59 40 3
40 29 3
29 74 3
74 94 3
94 98 3
F4
256
38 35 4
35 74 4
74 22 4
22 57 4
F5
256
59 40 5
40 29 5
29 74 5
74 94 5
94 98 5
F6
256
40 29 6
29 74 6
74 39 6
F7
256
47 76 7
76 16 7
16 35 7
35 74 7
74 22 7
22 94 7
F8
256
55 63 8
63 74 8
74 22 8
22 67 8
67 28 8
F9
256
5 18 9
18 6 9
6 88 9
88 25 9
25 69 9
69 54 9
F10
256
87 61 10
61 90 10
90 25 10
25 69 10
F11
256
30 36 11
36 20 11
20 96 11
96 13 11
F12
256
24 96 12
96 20 12
20 80 12
F13
256
68 23 13
23 58 13
58 86 13
86 33 13
F14
256
95 70 14
70 58 14
58 86 14
86 43 14
F15
256
27 25 15
25 88 15
88 6 15
F16
256
45 39 16
39 74 16
74 35 16
35 16 16
F17
512
38 35 17
35 74 17
74 22 17
22 57 17
F18
512
92 16 18
16 35 18
35 74 18
74 22 18
22 67 18
F19
512
37 90 19
90 25 19
25 46 19
46 1 19
F20
512
51 2 20
2 7 20
7 46 20
46 25 20
25 69 20
69 54 20
F21
512
7 46 21
46 25 21
25 26 21
26 97 21
F22
512
30 36 22
36 20 22
20 96 22
96 13 22
F23
512
77 17 23
17 74 23
74 35 23
F24
512
76 16 24
16 35 24
35 74 24
74 22 24
F25
512
60 85 25
85 27 25
27 25 25
25 88 25
88 61 25
F26
512
40 29 26
29 74 26
74 39 26
F27
512
37 90 27
90 25 27
25 46 27
46 1 27
F28
512
8 96 28
96 13 28
13 12 28
12 32 28
F29
512
4 3 29
3 1 29
1 46 29
46 25 29
25 26 29
26 34 29
F30
512
59 40 30
40 29 30
29 74 30
74 94 30
94 98 30
F31
512
24 96 31
96 20 31
20 80 31
F32
1024
5 18 32
18 6 32
6 88 32
88 25 32
25 69 32
69 54 32
F33
1024
31 52 33
52 66 33
66 86 33
86 71 33
F34
1024
45 39 34
39 74 34
74 35 34
35 16 34
F35
1024
87 61 35
61 90 35
90 25 35
25 69 35
F36
1024
14 70 36
70 58 36
58 86 36
86 11 36
11 48 36
F37
1024
68 23 37
23 58 37
58 86 37
86 33 37
F38
1024
52 9 38
9 96 38
96 13 38
13 12 38
F39
1024
95 70 39
70 58 39
58 86 39
86 43 39
F40
1024
52 9 40
9 96 40
96 13 40
13 12 40
