F1
256
88 25 1
25 82 1
82 89 1
F2
256
53 70 2
70 58 2
58 86 2
86 33 2
33 84 2
F3
256
14 70 3
70 58 3
58 86 3
86 11 3
11 48 3
F4
256
41 76 4
76 16 4
16 35 4
35 74 4
74 29 4
F5
256
100 8 5
8 96 5
96 75 5
F6
256
78 71 6
71 86 6
86 43 6
43 72 6
F7
256
20 17 7
17 74 7
74 29 7
29 91 7
F8
256
10 42 8
42 91 8
91 29 8
29 74 8
74 39 8
39 94 8
94 83 8
F9
256
14 70 9
70 58 9
58 86 9
86 11 9
11 48 9
F10
256
3 1 10
1 7 10
7 88 10
88 25 10
25 26 10
F11
256
59 40 11
40 29 11
29 74 11
74 94 11
94 98 11
F12
256
95 70 12
70 58 12
58 86 12
86 43 12
F13
256
24 96 13
96 20 13
20 80 13
F14
256
78 71 14
71 86 14
86 43 14
43 72 14
F15
512
20 17 15
17 74 15
74 29 15
29 91 15
F16
512
60 85 16
85 27 16
27 25 16
25 88 16
88 61 16
F17
512
41 76 17
76 16 17
16 35 17
35 74 17
74 29 17
F18
512
40 29 18
29 74 18
74 39 18
F19
512
66 86 19
86 58 19
F20
512
76 16 20
16 35 20
35 74 20
74 22 20
F21
512
77 17 21
17 74 21
74 35 21
F22
512
51 2 22
2 7 22
7 46 22
46 25 22
25 69 22
69 54 22
F23
512
87 61 23
61 90 23
90 25 23
25 69 23
F24
512
81 70 24
70 58 24
58 86 24
86 11 24
F25
512
17 74 25
74 79 25
F26
512
87 61 26
61 90 26
90 25 26
25 69 26
F27
1024
88 25 27
25 82 27
82 89 27
F28
1024
20 17 28
17 74 28
74 29 28
29 91 28
F29
1024
20 17 29
17 74 29
74 29 29
29 91 29
F30
1024
31 52 30
52 66 30
66 86 30
86 71 30
F31
1024
10 42 31
42 91 31
91 29 31
29 74 31
74 39 31
39 94 31
94 83 31
F32
1024
52 9 32
9 96 32
96 13 32
13 12 32
F33
1024
60 85 33
85 27 33
27 25 33
25 88 33
88 61 33
F34
1024
24 96 34
96 20 34
20 80 34
F35
1024
14 70 35
70 58 35
58 86 35
86 11 35
11 48 35
F36
1024
87 61 36
61 90 36
90 25 36
25 69 36
F37
1024
38 35 37
35 74 37
74 22 37
22 57 37
F38
1024
45 39 38
39 74 38
74 35 38
35 16 38
F39
1024
82 25 39
25 46 39
F40
1024
92 16 40
16 35 40
35 74 40
74 22 40
22 67 40
