F1
256
55 63 1
63 74 1
74 22 1
22 67 1
67 28 1
F2
256
87 61 2
61 90 2
90 25 2
25 69 2
F3
256
52 9 3
9 96 3
96 13 3
13 12 3
F4
256
20 17 4
17 74 4
74 29 4
29 91 4
F5
256
59 40 5
40 29 5
29 74 5
74 94 5
94 98 5
F6
256
40 29 6
29 74 6
74 39 6
F7
256
30 36 7
36 20 7
20 96 7
96 13 7
F8
256
92 16 8
16 35 8
35 74 8
74 22 8
22 67 8
F9
256
60 85 9
85 27 9
27 25 9
25 88 9
88 61 9
F10
256
66 86 10
86 58 10
F11
256
81 70 11
70 58 11
58 86 11
86 11 11
F12
256
15 24 12
24 96 12
96 9 12
F13
256
8 96 13
96 13 13
13 12 13
12 32 13
F14
256
37 90 14
90 25 14
25 46 14
46 1 14
F15
256
40 29 15
29 74 15
74 39 15
F16
512
27 25 16
25 88 16
88 6 16
F17
512
20 17 17
17 74 17
74 29 17
29 91 17
F18
512
53 70 18
70 58 18
58 86 18
86 33 18
33 84 18
F19
512
66 86 19
86 58 19
F20
512
3 1 20
1 7 20
7 88 20
88 25 20
25 26 20
F21
512
53 70 21
70 58 21
58 86 21
86 33 21
33 84 21
F22
512
55 63 22
63 74 22
74 22 22
22 67 22
67 28 22
F23
512
27 25 23
25 88 23
88 6 23
F24
512
30 36 24
36 20 24
20 96 24
96 13 24
F25
512
92 16 25
16 35 25
35 74 25
74 22 25
22 67 25
F26
512
88 25 26
25 82 26
82 89 26
F27
512
100 8 27
8 96 27
96 75 27
F28
512
31 52 28
52 66 28
66 86 28
86 71 28
F29
1024
95 70 29
70 58 29
58 86 29
86 43 29
F30
1024
14 70 30
70 58 30
58 86 30
86 11 30
11 48 30
F31
1024
17 74 31
74 79 31
F32
1024
14 70 32
70 58 32
58 86 32
86 11 32
11 48 32
F33
1024
81 70 33
70 58 33
58 86 33
86 11 33
F34
1024
14 70 34
70 58 34
58 86 34
86 11 34
11 48 34
F35
1024
66 86 35
86 58 35
F36
1024
7 46 36
46 25 36
25 26 36
26 97 36
F37
1024
52 9 37
9 96 37
96 13 37
13 12 37
F38
1024
5 18 38
18 6 38
6 88 38
88 25 38
25 69 38
69 54 38
F39
1024
59 40 39
40 29 39
29 74 39
74 94 39
94 98 39
F40
1024
95 70 40
70 58 40
58 86 40
86 43 40
