F1
256
82 25 1
25 46 1
F2
256
5 18 2
18 6 2
6 88 2
88 25 2
25 69 2
69 54 2
F3
256
10 42 3
42 91 3
91 29 3
29 74 3
74 39 3
39 94 3
94 83 3
F4
256
92 16 4
16 35 4
35 74 4
74 22 4
22 67 4
F5
256
50 39 5
39 74 5
74 63 5
F6
256
27 25 6
25 88 6
88 6 6
F7
256
8 96 7
96 13 7
13 12 7
12 32 7
F8
256
52 9 8
9 96 8
96 13 8
13 12 8
F9
256
51 2 9
2 7 9
7 46 9
46 25 9
25 69 9
69 54 9
F10
256
60 85 10
85 27 10
27 25 10
25 88 10
88 61 10
F11
512
45 39 11
39 74 11
74 35 11
35 16 11
F12
512
88 25 12
25 82 12
82 89 12
F13
512
5 18 13
18 6 13
6 88 13
88 25 13
25 69 13
69 54 13
F14
512
4 3 14
3 1 14
1 46 14
46 25 14
25 26 14
26 34 14
F15
512
50 39 15
39 74 15
74 63 15
F16
512
27 25 16
25 88 16
88 6 16
F17
512
47 76 17
76 16 17
16 35 17
35 74 17
74 22 17
22 94 17
F18
512
92 16 18
16 35 18
35 74 18
74 22 18
22 67 18
F19
512
76 16 19
16 35 19
35 74 19
74 22 19
F20
512
37 90 20
90 25 20
25 46 20
46 1 20
F21
512
51 2 21
2 7 21
7 46 21
46 25 21
25 69 21
69 54 21
F22
512
4 3 22
3 1 22
1 46 22
46 25 22
25 26 22
26 34 22
F23
512
38 35 23
35 74 23
74 22 23
22 57 23
F24
512
3 1 24
1 7 24
7 88 24
88 25 24
25 26 24
F25
512
87 61 25
61 90 25
90 25 25
25 69 25
F26
512
59 40 26
40 29 26
29 74 26
74 94 26
94 98 26
F27
512
37 90 27
90 25 27
25 46 27
46 1 27
F28
1024
95 70 28
70 58 28
58 86 28
86 43 28
F29
1024
14 70 29
70 58 29
58 86 29
86 11 29
11 48 29
F30
1024
82 25 30
25 46 30
F31
1024
5 18 31
18 6 31
6 88 31
88 25 31
25 69 31
69 54 31
F32
1024
52 9 32
9 96 32
96 13 32
13 12 32
F33
1024
7 46 33
46 25 33
25 26 33
26 97 33
F34
1024
47 76 34
76 16 34
16 35 34
35 74 34
74 22 34
22 94 34
F35
1024
78 71 35
71 86 35
86 43 35
43 72 35
F36
1024
95 70 36
70 58 36
58 86 36
86 43 36
F37
1024
78 71 37
71 86 37
86 43 37
43 72 37
F38
1024
81 70 38
70 58 38
58 86 38
86 11 38
F39
1024
78 71 39
71 86 39
86 43 39
43 72 39
F40
1024
7 46 40
46 25 40
25 26 40
26 97 40
