F1
256
53 70 1
70 58 1
58 86 1
86 33 1
33 84 1
F2
256
47 76 2
76 16 2
16 35 2
35 74 2
74 22 2
22 94 2
F3
256
76 16 3
16 35 3
35 74 3
74 22 3
F4
256
19 82 4
82 25 4
25 88 4
88 6 4
6 2 4
F5
256
17 74 5
74 79 5
F6
256
82 25 6
25 46 6
F7
256
10 42 7
42 91 7
91 29 7
29 74 7
74 39 7
39 94 7
94 83 7
F8
256
47 76 8
76 16 8
16 35 8
35 74 8
74 22 8
22 94 8
F9
256
95 70 9
70 58 9
58 86 9
86 43 9
F10
512
20 17 10
17 74 10
74 29 10
29 91 10
F11
512
40 29 11
29 74 11
74 39 11
F12
512
55 63 12
63 74 12
74 22 12
22 67 12
67 28 12
F13
512
50 39 13
39 74 13
74 63 13
F14
512
27 25 14
25 88 14
88 6 14
F15
512
68 23 15
23 58 15
58 86 15
86 33 15
F16
512
78 71 16
71 86 16
86 43 16
43 72 16
F17
512
8 96 17
96 13 17
13 12 17
12 32 17
F18
512
87 61 18
61 90 18
90 25 18
25 69 18
F19
512
55 63 19
63 74 19
74 22 19
22 67 19
67 28 19
F20
512
60 85 20
85 27 20
27 25 20
25 88 20
88 61 20
F21
512
31 52 21
52 66 21
66 86 21
86 71 21
F22
512
82 25 22
25 46 22
F23
512
88 25 23
25 82 23
82 89 23
F24
512
38 35 24
35 74 24
74 22 24
22 57 24
F25
512
88 25 25
25 82 25
82 89 25
F26
512
78 71 26
71 86 26
86 43 26
43 72 26
F27
1024
53 70 27
70 58 27
58 86 27
86 33 27
33 84 27
F28
1024
47 76 28
76 16 28
16 35 28
35 74 28
74 22 28
22 94 28
F29
1024
8 96 29
96 13 29
13 12 29
12 32 29
F30
1024
66 86 30
86 58 30
F31
1024
76 16 31
16 35 31
35 74 31
74 22 31
F32
1024
88 25 32
25 82 32
82 89 32
F33
1024
20 17 33
17 74 33
74 29 33
29 91 33
F34
1024
59 40 34
40 29 34
29 74 34
74 94 34
94 98 34
F35
1024
87 61 35
61 90 35
90 25 35
25 69 35
F36
1024
4 3 36
3 1 36
1 46 36
46 25 36
25 26 36
26 34 36
F37
1024
92 16 37
16 35 37
35 74 37
74 22 37
22 67 37
F38
1024
7 46 38
46 25 38
25 26 38
26 97 38
F39
1024
100 8 39
8 96 39
96 75 39
F40
1024
68 23 40
23 58 40
58 86 40
86 33 40
