F1
256
55 63 1
63 74 1
74 22 1
22 67 1
67 28 1
F2
256
41 76 2
76 16 2
16 35 2
35 74 2
74 29 2
F3
256
38 35 3
35 74 3
74 22 3
22 57 3
F4
256
77 17 4
17 74 4
74 35 4
F5
256
8 96 5
96 13 5
13 12 5
12 32 5
F6
256
66 86 6
86 58 6
F7
256
81 70 7
70 58 7
58 86 7
86 11 7
F8
256
95 70 8
70 58 8
58 86 8
86 43 8
F9
256
100 8 9
8 96 9
96 75 9
F10
256
40 29 10
29 74 10
74 39 10
F11
256
30 36 11
36 20 11
20 96 11
96 13 11
F12
256
38 35 12
35 74 12
74 22 12
22 57 12
F13
256
31 52 13
52 66 13
66 86 13
86 71 13
F14
256
87 61 14
61 90 14
90 25 14
25 69 14
F15
512
4 3 15
3 1 15
1 46 15
46 25 15
25 26 15
26 34 15
F16
512
78 71 16
71 86 16
86 43 16
43 72 16
F17
512
37 90 17
90 25 17
25 46 17
46 1 17
F18
512
27 25 18
25 88 18
88 6 18
F19
512
31 52 19
52 66 19
66 86 19
86 71 19
F20
512
14 70 20
70 58 20
58 86 20
86 11 20
11 48 20
F21
512
87 61 21
61 90 21
90 25 21
25 69 21
F22
512
7 46 22
46 25 22
25 26 22
26 97 22
F23
512
5 18 23
18 6 23
6 88 23
88 25 23
25 69 23
69 54 23
F24
512
41 76 24
76 16 24
16 35 24
35 74 24
74 29 24
F25
512
45 39 25
39 74 25
74 35 25
35 16 25
F26
512
55 63 26
63 74 26
74 22 26
22 67 26
67 28 26
F27
512
3 1 27
1 7 27
7 88 27
88 25 27
25 26 27
F28
512
10 42 28
42 91 28
91 29 28
29 74 28
74 39 28
39 94 28
94 83 28
F29
512
59 40 29
40 29 29
29 74 29
74 94 29
94 98 29
F30
512
87 61 30
61 90 30
90 25 30
25 69 30
F31
512
40 29 31
29 74 31
74 39 31
F32
512
51 2 32
2 7 32
7 46 32
46 25 32
25 69 32
69 54 32
F33
512
66 86 33
86 58 33
F34
1024
78 71 34
71 86 34
86 43 34
43 72 34
F35
1024
50 39 35
39 74 35
74 63 35
F36
1024
17 74 36
74 79 36
F37
1024
82 25 37
25 46 37
F38
1024
51 2 38
2 7 38
7 46 38
46 25 38
25 69 38
69 54 38
F39
1024
31 52 39
52 66 39
66 86 39
86 71 39
F40
1024
52 9 40
9 96 40
96 13 40
13 12 40
