F1
256
60 85 1
85 27 1
27 25 1
25 88 1
88 61 1
F2
256
24 96 2
96 20 2
20 80 2
F3
256
20 17 3
17 74 3
74 29 3
29 91 3
F4
256
88 25 4
25 82 4
82 89 4
F5
256
37 90 5
90 25 5
25 46 5
46 1 5
F6
256
76 16 6
16 35 6
35 74 6
74 22 6
F7
256
53 70 7
70 58 7
58 86 7
86 33 7
33 84 7
F8
256
66 86 8
86 58 8
F9
256
78 71 9
71 86 9
86 43 9
43 72 9
F10
256
10 42 10
42 91 10
91 29 10
29 74 10
74 39 10
39 94 10
94 83 10
F11
256
27 25 11
25 88 11
88 6 11
F12
256
30 36 12
36 20 12
20 96 12
96 13 12
F13
256
51 2 13
2 7 13
7 46 13
46 25 13
25 69 13
69 54 13
F14
256
60 85 14
85 27 14
27 25 14
25 88 14
88 61 14
F15
512
40 29 15
29 74 15
74 39 15
F16
512
4 3 16
3 1 16
1 46 16
46 25 16
25 26 16
26 34 16
F17
512
82 25 17
25 46 17
F18
512
15 24 18
24 96 18
96 9 18
F19
512
30 36 19
36 20 19
20 96 19
96 13 19
F20
512
27 25 20
25 88 20
88 6 20
F21
512
41 76 21
76 16 21
16 35 21
35 74 21
74 29 21
F22
512
68 23 22
23 58 22
58 86 22
86 33 22
F23
512
31 52 23
52 66 23
66 86 23
86 71 23
F24
512
14 70 24
70 58 24
58 86 24
86 11 24
11 48 24
F25
512
55 63 25
63 74 25
74 22 25
22 67 25
67 28 25
F26
512
14 70 26
70 58 26
58 86 26
86 11 26
11 48 26
F27
1024
45 39 27
39 74 27
74 35 27
35 16 27
F28
1024
78 71 28
71 86 28
86 43 28
43 72 28
F29
1024
55 63 29
63 74 29
74 22 29
22 67 29
67 28 29
F30
1024
8 96 30
96 13 30
13 12 30
12 32 30
F31
1024
4 3 31
3 1 31
1 46 31
46 25 31
25 26 31
26 34 31
F32
1024
30 36 32
36 20 32
20 96 32
96 13 32
F33
1024
53 70 33
70 58 33
58 86 33
86 33 33
33 84 33
F34
1024
15 24 34
24 96 34
96 9 34
F35
1024
15 24 35
24 96 35
96 9 35
F36
1024
38 35 36
35 74 36
74 22 36
22 57 36
F37
1024
7 46 37
46 25 37
25 26 37
26 97 37
F38
1024
14 70 38
70 58 38
58 86 38
86 11 38
11 48 38
F39
1024
40 29 39
29 74 39
74 39 39
F40
1024
27 25 40
25 88 40
88 6 40
