F1
256
3 1 1
1 7 1
7 88 1
88 25 1
25 26 1
F2
256
53 70 2
70 58 2
58 86 2
86 33 2
33 84 2
F3
256
95 70 3
70 58 3
58 86 3
86 43 3
F4
256
68 23 4
23 58 4
58 86 4
86 33 4
F5
256
88 25 5
25 82 5
82 89 5
F6
256
82 25 6
25 46 6
F7
256
77 17 7
17 74 7
74 35 7
F8
256
24 96 8
96 20 8
20 80 8
F9
256
82 25 9
25 46 9
F10
256
52 9 10
9 96 10
96 13 10
13 12 10
F11
256
4 3 11
3 1 11
1 46 11
46 25 11
25 26 11
26 34 11
F12
512
5 18 12
18 6 12
6 88 12
88 25 12
25 69 12
69 54 12
F13
512
77 17 13
17 74 13
74 35 13
F14
512
92 16 14
16 35 14
35 74 14
74 22 14
22 67 14
F15
512
92 16 15
16 35 15
35 74 15
74 22 15
22 67 15
F16
512
87 61 16
61 90 16
90 25 16
25 69 16
F17
512
41 76 17
76 16 17
16 35 17
35 74 17
74 29 17
F18
512
4 3 18
3 1 18
1 46 18
46 25 18
25 26 18
26 34 18
F19
512
100 8 19
8 96 19
96 75 19
F20
512
52 9 20
9 96 20
96 13 20
13 12 20
F21
512
53 70 21
70 58 21
58 86 21
86 33 21
33 84 21
F22
512
15 24 22
24 96 22
96 9 22
F23
512
14 70 23
70 58 23
58 86 23
86 11 23
11 48 23
F24
512
100 8 24
8 96 24
96 75 24
F25
1024
14 70 25
70 58 25
58 86 25
86 11 25
11 48 25
F26
1024
53 70 26
70 58 26
58 86 26
86 33 26
33 84 26
F27
1024
5 18 27
18 6 27
6 88 27
88 25 27
25 69 27
69 54 27
F28
1024
66 86 28
86 58 28
F29
1024
17 74 29
74 79 29
F30
1024
27 25 30
25 88 30
88 6 30
F31
1024
59 40 31
40 29 31
29 74 31
74 94 31
94 98 31
F32
1024
15 24 32
24 96 32
96 9 32
F33
1024
81 70 33
70 58 33
58 86 33
86 11 33
F34
1024
92 16 34
16 35 34
35 74 34
74 22 34
22 67 34
F35
1024
78 71 35
71 86 35
86 43 35
43 72 35
F36
1024
95 70 36
70 58 36
58 86 36
86 43 36
F37
1024
45 39 37
39 74 37
74 35 37
35 16 37
F38
1024
95 70 38
70 58 38
58 86 38
86 43 38
F39
1024
24 96 39
96 20 39
20 80 39
F40
1024
45 39 40
39 74 40
74 35 40
35 16 40
