F1
256
47 76 1
76 16 1
16 35 1
35 74 1
74 22 1
22 94 1
F2
256
40 29 2
29 74 2
74 39 2
F3
256
30 36 3
36 20 3
20 96 3
96 13 3
F4
256
41 76 4
76 16 4
16 35 4
35 74 4
74 29 4
F5
256
95 70 5
70 58 5
58 86 5
86 43 5
F6
256
52 9 6
9 96 6
96 13 6
13 12 6
F7
256
76 16 7
16 35 7
35 74 7
74 22 7
F8
256
19 82 8
82 25 8
25 88 8
88 6 8
6 2 8
F9
256
55 63 9
63 74 9
74 22 9
22 67 9
67 28 9
F10
256
78 71 10
71 86 10
86 43 10
43 72 10
F11
256
95 70 11
70 58 11
58 86 11
86 43 11
F12
256
52 9 12
9 96 12
96 13 12
13 12 12
F13
256
37 90 13
90 25 13
25 46 13
46 1 13
F14
256
30 36 14
36 20 14
20 96 14
96 13 14
F15
256
52 9 15
9 96 15
96 13 15
13 12 15
F16
256
20 17 16
17 74 16
74 29 16
29 91 16
F17
512
27 25 17
25 88 17
88 6 17
F18
512
15 24 18
24 96 18
96 9 18
F19
512
47 76 19
76 16 19
16 35 19
35 74 19
74 22 19
22 94 19
F20
512
8 96 20
96 13 20
13 12 20
12 32 20
F21
512
38 35 21
35 74 21
74 22 21
22 57 21
F22
512
14 70 22
70 58 22
58 86 22
86 11 22
11 48 22
F23
512
3 1 23
1 7 23
7 88 23
88 25 23
25 26 23
F24
512
38 35 24
35 74 24
74 22 24
22 57 24
F25
512
47 76 25
76 16 25
16 35 25
35 74 25
74 22 25
22 94 25
F26
512
53 70 26
70 58 26
58 86 26
86 33 26
33 84 26
F27
512
7 46 27
46 25 27
25 26 27
26 97 27
F28
512
37 90 28
90 25 28
25 46 28
46 1 28
F29
1024
66 86 29
86 58 29
F30
1024
82 25 30
25 46 30
F31
1024
47 76 31
76 16 31
16 35 31
35 74 31
74 22 31
22 94 31
F32
1024
41 76 32
76 16 32
16 35 32
35 74 32
74 29 32
F33
1024
20 17 33
17 74 33
74 29 33
29 91 33
F34
1024
3 1 34
1 7 34
7 88 34
88 25 34
25 26 34
F35
1024
95 70 35
70 58 35
58 86 35
86 43 35
F36
1024
8 96 36
96 13 36
13 12 36
12 32 36
F37
1024
31 52 37
52 66 37
66 86 37
86 71 37
F38
1024
3 1 38
1 7 38
7 88 38
88 25 38
25 26 38
F39
1024
31 52 39
52 66 39
66 86 39
86 71 39
F40
1024
95 70 40
70 58 40
58 86 40
86 43 40
