F1
256
50 39 1
39 74 1
74 63 1
F2
256
87 61 2
61 90 2
90 25 2
25 69 2
F3
256
47 76 3
76 16 3
16 35 3
35 74 3
74 22 3
22 94 3
F4
256
30 36 4
36 20 4
20 96 4
96 13 4
F5
256
60 85 5
85 27 5
27 25 5
25 88 5
88 61 5
F6
256
76 16 6
16 35 6
35 74 6
74 22 6
F7
256
55 63 7
63 74 7
74 22 7
22 67 7
67 28 7
F8
256
17 74 8
74 79 8
F9
256
20 17 9
17 74 9
74 29 9
29 91 9
F10
256
17 74 10
74 79 10
F11
256
88 25 11
25 82 11
82 89 11
F12
256
10 42 12
42 91 12
91 29 12
29 74 12
74 39 12
39 94 12
94 83 12
F13
256
4 3 13
3 1 13
1 46 13
46 25 13
25 26 13
26 34 13
F14
256
14 70 14
70 58 14
58 86 14
86 11 14
11 48 14
F15
512
66 86 15
86 58 15
F16
512
8 96 16
96 13 16
13 12 16
12 32 16
F17
512
7 46 17
46 25 17
25 26 17
26 97 17
F18
512
87 61 18
61 90 18
90 25 18
25 69 18
F19
512
24 96 19
96 20 19
20 80 19
F20
512
88 25 20
25 82 20
82 89 20
F21
512
27 25 21
25 88 21
88 6 21
F22
512
40 29 22
29 74 22
74 39 22
F23
512
17 74 23
74 79 23
F24
512
24 96 24
96 20 24
20 80 24
F25
1024
52 9 25
9 96 25
96 13 25
13 12 25
F26
1024
40 29 26
29 74 26
74 39 26
F27
1024
10 42 27
42 91 27
91 29 27
29 74 27
74 39 27
39 94 27
94 83 27
F28
1024
59 40 28
40 29 28
29 74 28
74 94 28
94 98 28
F29
1024
68 23 29
23 58 29
58 86 29
86 33 29
F30
1024
41 76 30
76 16 30
16 35 30
35 74 30
74 29 30
F31
1024
76 16 31
16 35 31
35 74 31
74 22 31
F32
1024
24 96 32
96 20 32
20 80 32
F33
1024
92 16 33
16 35 33
35 74 33
74 22 33
22 67 33
F34
1024
20 17 34
17 74 34
74 29 34
29 91 34
F35
1024
4 3 35
3 1 35
1 46 35
46 25 35
25 26 35
26 34 35
F36
1024
7 46 36
46 25 36
25 26 36
26 97 36
F37
1024
88 25 37
25 82 37
82 89 37
F38
1024
88 25 38
25 82 38
82 89 38
F39
1024
30 36 39
36 20 39
20 96 39
96 13 39
F40
1024
3 1 40
1 7 40
7 88 40
88 25 40
25 26 40
