F1
256
27 25 1
25 88 1
88 6 1
F2
256
78 71 2
71 86 2
86 43 2
43 72 2
F3
256
31 52 3
52 66 3
66 86 3
86 71 3
F4
256
40 29 4
29 74 4
74 39 4
F5
256
95 70 5
70 58 5
58 86 5
86 43 5
F6
256
5 18 6
18 6 6
6 88 6
88 25 6
25 69 6
69 54 6
F7
256
52 9 7
9 96 7
96 13 7
13 12 7
F8
256
82 25 8
25 46 8
F9
256
17 74 9
74 79 9
F10
256
17 74 10
74 79 10
F11
256
50 39 11
39 74 11
74 63 11
F12
256
17 74 12
74 79 12
F13
256
92 16 13
16 35 13
35 74 13
74 22 13
22 67 13
F14
512
81 70 14
70 58 14
58 86 14
86 11 14
F15
512
15 24 15
24 96 15
96 9 15
F16
512
37 90 16
90 25 16
25 46 16
46 1 16
F17
512
4 3 17
3 1 17
1 46 17
46 25 17
25 26 17
26 34 17
F18
512
20 17 18
17 74 18
74 29 18
29 91 18
F19
512
4 3 19
3 1 19
1 46 19
46 25 19
25 26 19
26 34 19
F20
512
50 39 20
39 74 20
74 63 20
F21
512
27 25 21
25 88 21
88 6 21
F22
512
52 9 22
9 96 22
96 13 22
13 12 22
F23
512
66 86 23
86 58 23
F24
512
37 90 24
90 25 24
25 46 24
46 1 24
F25
512
19 82 25
82 25 25
25 88 25
88 6 25
6 2 25
F26
512
31 52 26
52 66 26
66 86 26
86 71 26
F27
512
3 1 27
1 7 27
7 88 27
88 25 27
25 26 27
F28
512
30 36 28
36 20 28
20 96 28
96 13 28
F29
512
51 2 29
2 7 29
7 46 29
46 25 29
25 69 29
69 54 29
F30
1024
5 18 30
18 6 30
6 88 30
88 25 30
25 69 30
69 54 30
F31
1024
92 16 31
16 35 31
35 74 31
74 22 31
22 67 31
F32
1024
60 85 32
85 27 32
27 25 32
25 88 32
88 61 32
F33
1024
77 17 33
17 74 33
74 35 33
F34
1024
37 90 34
90 25 34
25 46 34
46 1 34
F35
1024
50 39 35
39 74 35
74 63 35
F36
1024
55 63 36
63 74 36
74 22 36
22 67 36
67 28 36
F37
1024
14 70 37
70 58 37
58 86 37
86 11 37
11 48 37
F38
1024
15 24 38
24 96 38
96 9 38
F39
1024
100 8 39
8 96 39
96 75 39
F40
1024
51 2 40
2 7 40
7 46 40
46 25 40
25 69 40
69 54 40
