F1
256
10 42 1
42 91 1
91 29 1
29 74 1
74 39 1
39 94 1
94 83 1
F2
256
66 86 2
86 58 2
F3
256
10 42 3
42 91 3
91 29 3
29 74 3
74 39 3
39 94 3
94 83 3
F4
256
51 2 4
2 7 4
7 46 4
46 25 4
25 69 4
69 54 4
F5
256
31 52 5
52 66 5
66 86 5
86 71 5
F6
256
88 25 6
25 82 6
82 89 6
F7
256
30 36 7
36 20 7
20 96 7
96 13 7
F8
256
52 9 8
9 96 8
96 13 8
13 12 8
F9
256
10 42 9
42 91 9
91 29 9
29 74 9
74 39 9
39 94 9
94 83 9
F10
256
3 1 10
1 7 10
7 88 10
88 25 10
25 26 10
F11
256
95 70 11
70 58 11
58 86 11
86 43 11
F12
512
24 96 12
96 20 12
20 80 12
F13
512
68 23 13
23 58 13
58 86 13
86 33 13
F14
512
20 17 14
17 74 14
74 29 14
29 91 14
F15
512
3 1 15
1 7 15
7 88 15
88 25 15
25 26 15
F16
512
45 39 16
39 74 16
74 35 16
35 16 16
F17
512
51 2 17
2 7 17
7 46 17
46 25 17
25 69 17
69 54 17
F18
512
19 82 18
82 25 18
25 88 18
88 6 18
6 2 18
F19
512
81 70 19
70 58 19
58 86 19
86 11 19
F20
512
31 52 20
52 66 20
66 86 20
86 71 20
F21
512
15 24 21
24 96 21
96 9 21
F22
512
40 29 22
29 74 22
74 39 22
F23
512
92 16 23
16 35 23
35 74 23
74 22 23
22 67 23
F24
512
20 17 24
17 74 24
74 29 24
29 91 24
F25
512
50 39 25
39 74 25
74 63 25
F26
512
52 9 26
9 96 26
96 13 26
13 12 26
F27
512
37 90 27
90 25 27
25 46 27
46 1 27
F28
512
31 52 28
52 66 28
66 86 28
86 71 28
F29
512
14 70 29
70 58 29
58 86 29
86 11 29
11 48 29
F30
512
10 42 30
42 91 30
91 29 30
29 74 30
74 39 30
39 94 30
94 83 30
F31
1024
38 35 31
35 74 31
74 22 31
22 57 31
F32
1024
51 2 32
2 7 32
7 46 32
46 25 32
25 69 32
69 54 32
F33
1024
76 16 33
16 35 33
35 74 33
74 22 33
F34
1024
19 82 34
82 25 34
25 88 34
88 6 34
6 2 34
F35
1024
77 17 35
17 74 35
74 35 35
F36
1024
88 25 36
25 82 36
82 89 36
F37
1024
7 46 37
46 25 37
25 26 37
26 97 37
F38
1024
76 16 38
16 35 38
35 74 38
74 22 38
F39
1024
45 39 39
39 74 39
74 35 39
35 16 39
F40
1024
19 82 40
82 25 40
25 88 40
88 6 40
6 2 40
