F1
256
40 29 1
29 74 1
74 39 1
F2
256
24 96 2
96 20 2
20 80 2
F3
256
40 29 3
29 74 3
74 39 3
F4
256
52 9 4
9 96 4
96 13 4
13 12 4
F5
256
30 36 5
36 20 5
20 96 5
96 13 5
F6
256
41 76 6
76 16 6
16 35 6
35 74 6
74 29 6
F7
256
37 90 7
90 25 7
25 46 7
46 1 7
F8
256
30 36 8
36 20 8
20 96 8
96 13 8
F9
256
88 25 9
25 82 9
82 89 9
F10
256
41 76 10
76 16 10
16 35 10
35 74 10
74 29 10
F11
256
77 17 11
17 74 11
74 35 11
F12
256
52 9 12
9 96 12
96 13 12
13 12 12
F13
256
37 90 13
90 25 13
25 46 13
46 1 13
F14
256
14 70 14
70 58 14
58 86 14
86 11 14
11 48 14
F15
256
78 71 15
71 86 15
86 43 15
43 72 15
F16
256
55 63 16
63 74 16
74 22 16
22 67 16
67 28 16
F17
256
92 16 17
16 35 17
35 74 17
74 22 17
22 67 17
F18
256
30 36 18
36 20 18
20 96 18
96 13 18
F19
256
100 8 19
8 96 19
96 75 19
F20
512
40 29 20
29 74 20
74 39 20
F21
512
17 74 21
74 79 21
F22
512
37 90 22
90 25 22
25 46 22
46 1 22
F23
512
8 96 23
96 13 23
13 12 23
12 32 23
F24
512
95 70 24
70 58 24
58 86 24
86 43 24
F25
512
30 36 25
36 20 25
20 96 25
96 13 25
F26
512
14 70 26
70 58 26
58 86 26
86 11 26
11 48 26
F27
512
60 85 27
85 27 27
27 25 27
25 88 27
88 61 27
F28
1024
77 17 28
17 74 28
74 35 28
F29
1024
76 16 29
16 35 29
35 74 29
74 22 29
F30
1024
87 61 30
61 90 30
90 25 30
25 69 30
F31
1024
15 24 31
24 96 31
96 9 31
F32
1024
41 76 32
76 16 32
16 35 32
35 74 32
74 29 32
F33
1024
51 2 33
2 7 33
7 46 33
46 25 33
25 69 33
69 54 33
F34
1024
38 35 34
35 74 34
74 22 34
22 57 34
F35
1024
60 85 35
85 27 35
27 25 35
25 88 35
88 61 35
F36
1024
37 90 36
90 25 36
25 46 36
46 1 36
F37
1024
77 17 37
17 74 37
74 35 37
F38
1024
88 25 38
25 82 38
82 89 38
F39
1024
24 96 39
96 20 39
20 80 39
F40
1024
53 70 40
70 58 40
58 86 40
86 33 40
33 84 40
