F1
256
59 40 1
40 29 1
29 74 1
74 94 1
94 98 1
F2
256
53 70 2
70 58 2
58 86 2
86 33 2
33 84 2
F3
256
40 29 3
29 74 3
74 39 3
F4
256
76 16 4
16 35 4
35 74 4
74 22 4
F5
256
53 70 5
70 58 5
58 86 5
86 33 5
33 84 5
F6
256
82 25 6
25 46 6
F7
256
88 25 7
25 82 7
82 89 7
F8
256
19 82 8
82 25 8
25 88 8
88 6 8
6 2 8
F9
256
27 25 9
25 88 9
88 6 9
F10
256
52 9 10
9 96 10
96 13 10
13 12 10
F11
256
95 70 11
70 58 11
58 86 11
86 43 11
F12
256
81 70 12
70 58 12
58 86 12
86 11 12
F13
256
92 16 13
16 35 13
35 74 13
74 22 13
22 67 13
F14
256
24 96 14
96 20 14
20 80 14
F15
256
8 96 15
96 13 15
13 12 15
12 32 15
F16
512
45 39 16
39 74 16
74 35 16
35 16 16
F17
512
100 8 17
8 96 17
96 75 17
F18
512
76 16 18
16 35 18
35 74 18
74 22 18
F19
512
41 76 19
76 16 19
16 35 19
35 74 19
74 29 19
F20
512
53 70 20
70 58 20
58 86 20
86 33 20
33 84 20
F21
512
82 25 21
25 46 21
F22
512
31 52 22
52 66 22
66 86 22
86 71 22
F23
512
41 76 23
76 16 23
16 35 23
35 74 23
74 29 23
F24
512
8 96 24
96 13 24
13 12 24
12 32 24
F25
512
88 25 25
25 82 25
82 89 25
F26
512
10 42 26
42 91 26
91 29 26
29 74 26
74 39 26
39 94 26
94 83 26
F27
1024
47 76 27
76 16 27
16 35 27
35 74 27
74 22 27
22 94 27
F28
1024
37 90 28
90 25 28
25 46 28
46 1 28
F29
1024
41 76 29
76 16 29
16 35 29
35 74 29
74 29 29
F30
1024
20 17 30
17 74 30
74 29 30
29 91 30
F31
1024
19 82 31
82 25 31
25 88 31
88 6 31
6 2 31
F32
1024
3 1 32
1 7 32
7 88 32
88 25 32
25 26 32
F33
1024
47 76 33
76 16 33
16 35 33
35 74 33
74 22 33
22 94 33
F34
1024
30 36 34
36 20 34
20 96 34
96 13 34
F35
1024
82 25 35
25 46 35
F36
1024
24 96 36
96 20 36
20 80 36
F37
1024
17 74 37
74 79 37
F38
1024
92 16 38
16 35 38
35 74 38
74 22 38
22 67 38
F39
1024
15 24 39
24 96 39
96 9 39
F40
1024
31 52 40
52 66 40
66 86 40
86 71 40
