F1
256
14 70 1
70 58 1
58 86 1
86 11 1
11 48 1
F2
256
95 70 2
70 58 2
58 86 2
86 43 2
F3
256
37 90 3
90 25 3
25 46 3
46 1 3
F4
256
76 16 4
16 35 4
35 74 4
74 22 4
F5
256
20 17 5
17 74 5
74 29 5
29 91 5
F6
256
55 63 6
63 74 6
74 22 6
22 67 6
67 28 6
F7
256
15 24 7
24 96 7
96 9 7
F8
256
50 39 8
39 74 8
74 63 8
F9
256
52 9 9
9 96 9
96 13 9
13 12 9
F10
256
66 86 10
86 58 10
F11
512
30 36 11
36 20 11
20 96 11
96 13 11
F12
512
19 82 12
82 25 12
25 88 12
88 6 12
6 2 12
F13
512
27 25 13
25 88 13
88 6 13
F14
512
4 3 14
3 1 14
1 46 14
46 25 14
25 26 14
26 34 14
F15
512
8 96 15
96 13 15
13 12 15
12 32 15
F16
512
27 25 16
25 88 16
88 6 16
F17
512
30 36 17
36 20 17
20 96 17
96 13 17
F18
512
24 96 18
96 20 18
20 80 18
F19
512
78 71 19
71 86 19
86 43 19
43 72 19
F20
1024
45 39 20
39 74 20
74 35 20
35 16 20
F21
1024
50 39 21
39 74 21
74 63 21
F22
1024
81 70 22
70 58 22
58 86 22
86 11 22
F23
1024
81 70 23
70 58 23
58 86 23
86 11 23
F24
1024
51 2 24
2 7 24
7 46 24
46 25 24
25 69 24
69 54 24
F25
1024
60 85 25
85 27 25
27 25 25
25 88 25
88 61 25
F26
1024
38 35 26
35 74 26
74 22 26
22 57 26
F27
1024
38 35 27
35 74 27
74 22 27
22 57 27
F28
1024
50 39 28
39 74 28
74 63 28
F29
1024
8 96 29
96 13 29
13 12 29
12 32 29
F30
1024
38 35 30
35 74 30
74 22 30
22 57 30
F31
1024
100 8 31
8 96 31
96 75 31
F32
1024
55 63 32
63 74 32
74 22 32
22 67 32
67 28 32
F33
1024
92 16 33
16 35 33
35 74 33
74 22 33
22 67 33
F34
1024
76 16 34
16 35 34
35 74 34
74 22 34
F35
1024
88 25 35
25 82 35
82 89 35
F36
1024
20 17 36
17 74 36
74 29 36
29 91 36
F37
1024
52 9 37
9 96 37
96 13 37
13 12 37
F38
1024
82 25 38
25 46 38
F39
1024
37 90 39
90 25 39
25 46 39
46 1 39
F40
1024
47 76 40
76 16 40
16 35 40
35 74 40
74 22 40
22 94 40
