F1
256
40 29 1
29 74 1
74 39 1
F2
256
52 9 2
9 96 2
96 13 2
13 12 2
F3
256
24 96 3
96 20 3
20 80 3
F4
256
68 23 4
23 58 4
58 86 4
86 33 4
F5
256
17 74 5
74 79 5
F6
256
20 17 6
17 74 6
74 29 6
29 91 6
F7
256
4 3 7
3 1 7
1 46 7
46 25 7
25 26 7
26 34 7
F8
256
100 8 8
8 96 8
96 75 8
F9
256
68 23 9
23 58 9
58 86 9
86 33 9
F10
256
92 16 10
16 35 10
35 74 10
74 22 10
22 67 10
F11
256
7 46 11
46 25 11
25 26 11
26 97 11
F12
512
88 25 12
25 82 12
82 89 12
F13
512
92 16 13
16 35 13
35 74 13
74 22 13
22 67 13
F14
512
20 17 14
17 74 14
74 29 14
29 91 14
F15
512
82 25 15
25 46 15
F16
512
82 25 16
25 46 16
F17
512
45 39 17
39 74 17
74 35 17
35 16 17
F18
512
17 74 18
74 79 18
F19
512
78 71 19
71 86 19
86 43 19
43 72 19
F20
512
82 25 20
25 46 20
F21
512
92 16 21
16 35 21
35 74 21
74 22 21
22 67 21
F22
512
7 46 22
46 25 22
25 26 22
26 97 22
F23
512
8 96 23
96 13 23
13 12 23
12 32 23
F24
512
47 76 24
76 16 24
16 35 24
35 74 24
74 22 24
22 94 24
F25
512
7 46 25
46 25 25
25 26 25
26 97 25
F26
512
3 1 26
1 7 26
7 88 26
88 25 26
25 26 26
F27
1024
95 70 27
70 58 27
58 86 27
86 43 27
F28
1024
78 71 28
71 86 28
86 43 28
43 72 28
F29
1024
59 40 29
40 29 29
29 74 29
74 94 29
94 98 29
F30
1024
68 23 30
23 58 30
58 86 30
86 33 30
F31
1024
81 70 31
70 58 31
58 86 31
86 11 31
F32
1024
55 63 32
63 74 32
74 22 32
22 67 32
67 28 32
F33
1024
81 70 33
70 58 33
58 86 33
86 11 33
F34
1024
60 85 34
85 27 34
27 25 34
25 88 34
88 61 34
F35
1024
59 40 35
40 29 35
29 74 35
74 94 35
94 98 35
F36
1024
95 70 36
70 58 36
58 86 36
86 43 36
F37
1024
59 40 37
40 29 37
29 74 37
74 94 37
94 98 37
F38
1024
15 24 38
24 96 38
96 9 38
F39
1024
45 39 39
39 74 39
74 35 39
35 16 39
F40
1024
41 76 40
76 16 40
16 35 40
35 74 40
74 29 40
