F1
256
78 71 1
71 86 1
86 43 1
43 72 1
F2
256
38 35 2
35 74 2
74 22 2
22 57 2
F3
256
19 82 3
82 25 3
25 88 3
88 6 3
6 2 3
F4
256
19 82 4
82 25 4
25 88 4
88 6 4
6 2 4
F5
256
45 39 5
39 74 5
74 35 5
35 16 5
F6
256
76 16 6
16 35 6
35 74 6
74 22 6
F7
256
15 24 7
24 96 7
96 9 7
F8
256
92 16 8
16 35 8
35 74 8
74 22 8
22 67 8
F9
256
76 16 9
16 35 9
35 74 9
74 22 9
F10
256
40 29 10
29 74 10
74 39 10
F11
256
38 35 11
35 74 11
74 22 11
22 57 11
F12
256
88 25 12
25 82 12
82 89 12
F13
256
82 25 13
25 46 13
F14
256
41 76 14
76 16 14
16 35 14
35 74 14
74 29 14
F15
256
55 63 15
63 74 15
74 22 15
22 67 15
67 28 15
F16
256
31 52 16
52 66 16
66 86 16
86 71 16
F17
256
8 96 17
96 13 17
13 12 17
12 32 17
F18
512
30 36 18
36 20 18
20 96 18
96 13 18
F19
512
24 96 19
96 20 19
20 80 19
F20
512
50 39 20
39 74 20
74 63 20
F21
512
14 70 21
70 58 21
58 86 21
86 11 21
11 48 21
F22
512
27 25 22
25 88 22
88 6 22
F23
512
27 25 23
25 88 23
88 6 23
F24
512
14 70 24
70 58 24
58 86 24
86 11 24
11 48 24
F25
512
7 46 25
46 25 25
25 26 25
26 97 25
F26
1024
81 70 26
70 58 26
58 86 26
86 11 26
F27
1024
59 40 27
40 29 27
29 74 27
74 94 27
94 98 27
F28
1024
50 39 28
39 74 28
74 63 28
F29
1024
37 90 29
90 25 29
25 46 29
46 1 29
F30
1024
88 25 30
25 82 30
82 89 30
F31
1024
77 17 31
17 74 31
74 35 31
F32
1024
17 74 32
74 79 32
F33
1024
53 70 33
70 58 33
58 86 33
86 33 33
33 84 33
F34
1024
55 63 34
63 74 34
74 22 34
22 67 34
67 28 34
F35
1024
3 1 35
1 7 35
7 88 35
88 25 35
25 26 35
F36
1024
95 70 36
70 58 36
58 86 36
86 43 36
F37
1024
27 25 37
25 88 37
88 6 37
F38
1024
24 96 38
96 20 38
20 80 38
F39
1024
38 35 39
35 74 39
74 22 39
22 57 39
F40
1024
4 3 40
3 1 40
1 46 40
46 25 40
25 26 40
26 34 40
