F1
256
100 8 1
8 96 1
96 75 1
F2
256
76 16 2
16 35 2
35 74 2
74 22 2
F3
256
27 25 3
25 88 3
88 6 3
F4
256
7 46 4
46 25 4
25 26 4
26 97 4
F5
256
24 96 5
96 20 5
20 80 5
F6
256
50 39 6
39 74 6
74 63 6
F7
256
88 25 7
25 82 7
82 89 7
F8
256
24 96 8
96 20 8
20 80 8
F9
256
92 16 9
16 35 9
35 74 9
74 22 9
22 67 9
F10
256
82 25 10
25 46 10
F11
256
5 18 11
18 6 11
6 88 11
88 25 11
25 69 11
69 54 11
F12
256
7 46 12
46 25 12
25 26 12
26 97 12
F13
256
8 96 13
96 13 13
13 12 13
12 32 13
F14
256
92 16 14
16 35 14
35 74 14
74 22 14
22 67 14
F15
512
100 8 15
8 96 15
96 75 15
F16
512
40 29 16
29 74 16
74 39 16
F17
512
76 16 17
16 35 17
35 74 17
74 22 17
F18
512
92 16 18
16 35 18
35 74 18
74 22 18
22 67 18
F19
512
77 17 19
17 74 19
74 35 19
F20
512
47 76 20
76 16 20
16 35 20
35 74 20
74 22 20
22 94 20
F21
512
45 39 21
39 74 21
74 35 21
35 16 21
F22
512
27 25 22
25 88 22
88 6 22
F23
512
31 52 23
52 66 23
66 86 23
86 71 23
F24
512
24 96 24
96 20 24
20 80 24
F25
512
10 42 25
42 91 25
91 29 25
29 74 25
74 39 25
39 94 25
94 83 25
F26
512
41 76 26
76 16 26
16 35 26
35 74 26
74 29 26
F27
512
40 29 27
29 74 27
74 39 27
F28
1024
88 25 28
25 82 28
82 89 28
F29
1024
53 70 29
70 58 29
58 86 29
86 33 29
33 84 29
F30
1024
92 16 30
16 35 30
35 74 30
74 22 30
22 67 30
F31
1024
30 36 31
36 20 31
20 96 31
96 13 31
F32
1024
41 76 32
76 16 32
16 35 32
35 74 32
74 29 32
F33
1024
88 25 33
25 82 33
82 89 33
F34
1024
76 16 34
16 35 34
35 74 34
74 22 34
F35
1024
88 25 35
25 82 35
82 89 35
F36
1024
60 85 36
85 27 36
27 25 36
25 88 36
88 61 36
F37
1024
45 39 37
39 74 37
74 35 37
35 16 37
F38
1024
55 63 38
63 74 38
74 22 38
22 67 38
67 28 38
F39
1024
40 29 39
29 74 39
74 39 39
F40
1024
4 3 40
3 1 40
1 46 40
46 25 40
25 26 40
26 34 40
