F1
256
37 90 1
90 25 1
25 46 1
46 1 1
F2
256
59 40 2
40 29 2
29 74 2
74 94 2
94 98 2
F3
256
55 63 3
63 74 3
74 22 3
22 67 3
67 28 3
F4
256
31 52 4
52 66 4
66 86 4
86 71 4
F5
256
4 3 5
3 1 5
1 46 5
46 25 5
25 26 5
26 34 5
F6
256
24 96 6
96 20 6
20 80 6
F7
256
55 63 7
63 74 7
74 22 7
22 67 7
67 28 7
F8
256
31 52 8
52 66 8
66 86 8
86 71 8
F9
256
4 3 9
3 1 9
1 46 9
46 25 9
25 26 9
26 34 9
F10
256
5 18 10
18 6 10
6 88 10
88 25 10
25 69 10
69 54 10
F11
256
5 18 11
18 6 11
6 88 11
88 25 11
25 69 11
69 54 11
F12
512
51 2 12
2 7 12
7 46 12
46 25 12
25 69 12
69 54 12
F13
512
31 52 13
52 66 13
66 86 13
86 71 13
F14
512
15 24 14
24 96 14
96 9 14
F15
512
59 40 15
40 29 15
29 74 15
74 94 15
94 98 15
F16
512
19 82 16
82 25 16
25 88 16
88 6 16
6 2 16
F17
512
5 18 17
18 6 17
6 88 17
88 25 17
25 69 17
69 54 17
F18
512
5 18 18
18 6 18
6 88 18
88 25 18
25 69 18
69 54 18
F19
512
31 52 19
52 66 19
66 86 19
86 71 19
F20
512
7 46 20
46 25 20
25 26 20
26 97 20
F21
512
4 3 21
3 1 21
1 46 21
46 25 21
25 26 21
26 34 21
F22
512
4 3 22
3 1 22
1 46 22
46 25 22
25 26 22
26 34 22
F23
512
92 16 23
16 35 23
35 74 23
74 22 23
22 67 23
F24
512
17 74 24
74 79 24
F25
1024
66 86 25
86 58 25
F26
1024
100 8 26
8 96 26
96 75 26
F27
1024
27 25 27
25 88 27
88 6 27
F28
1024
14 70 28
70 58 28
58 86 28
86 11 28
11 48 28
F29
1024
95 70 29
70 58 29
58 86 29
86 43 29
F30
1024
55 63 30
63 74 30
74 22 30
22 67 30
67 28 30
F31
1024
52 9 31
9 96 31
96 13 31
13 12 31
F32
1024
88 25 32
25 82 32
82 89 32
F33
1024
15 24 33
24 96 33
96 9 33
F34
1024
50 39 34
39 74 34
74 63 34
F35
1024
66 86 35
86 58 35
F36
1024
52 9 36
9 96 36
96 13 36
13 12 36
F37
1024
38 35 37
35 74 37
74 22 37
22 57 37
F38
1024
55 63 38
63 74 38
74 22 38
22 67 38
67 28 38
F39
1024
8 96 39
96 13 39
13 12 39
12 32 39
F40
1024
55 63 40
63 74 40
74 22 40
22 67 40
67 28 40
