F1
256
78 71 1
71 86 1
86 43 1
43 72 1
F2
256
20 17 2
17 74 2
74 29 2
29 91 2
F3
256
47 76 3
76 16 3
16 35 3
35 74 3
74 22 3
22 94 3
F4
256
76 16 4
16 35 4
35 74 4
74 22 4
F5
256
82 25 5
25 46 5
F6
256
24 96 6
96 20 6
20 80 6
F7
256
100 8 7
8 96 7
96 75 7
F8
256
81 70 8
70 58 8
58 86 8
86 11 8
F9
256
38 35 9
35 74 9
74 22 9
22 57 9
F10
256
38 35 10
35 74 10
74 22 10
22 57 10
F11
256
8 96 11
96 13 11
13 12 11
12 32 11
F12
256
60 85 12
85 27 12
27 25 12
25 88 12
88 61 12
F13
256
8 96 13
96 13 13
13 12 13
12 32 13
F14
256
59 40 14
40 29 14
29 74 14
74 94 14
94 98 14
F15
256
3 1 15
1 7 15
7 88 15
88 25 15
25 26 15
F16
256
92 16 16
16 35 16
35 74 16
74 22 16
22 67 16
F17
256
38 35 17
35 74 17
74 22 17
22 57 17
F18
512
10 42 18
42 91 18
91 29 18
29 74 18
74 39 18
39 94 18
94 83 18
F19
512
30 36 19
36 20 19
20 96 19
96 13 19
F20
512
4 3 20
3 1 20
1 46 20
46 25 20
25 26 20
26 34 20
F21
512
88 25 21
25 82 21
82 89 21
F22
512
68 23 22
23 58 22
58 86 22
86 33 22
F23
512
78 71 23
71 86 23
86 43 23
43 72 23
F24
512
95 70 24
70 58 24
58 86 24
86 43 24
F25
512
68 23 25
23 58 25
58 86 25
86 33 25
F26
512
15 24 26
24 96 26
96 9 26
F27
512
47 76 27
76 16 27
16 35 27
35 74 27
74 22 27
22 94 27
F28
512
78 71 28
71 86 28
86 43 28
43 72 28
F29
512
24 96 29
96 20 29
20 80 29
F30
512
47 76 30
76 16 30
16 35 30
35 74 30
74 22 30
22 94 30
F31
512
88 25 31
25 82 31
82 89 31
F32
1024
47 76 32
76 16 32
16 35 32
35 74 32
74 22 32
22 94 32
F33
1024
4 3 33
3 1 33
1 46 33
46 25 33
25 26 33
26 34 33
F34
1024
81 70 34
70 58 34
58 86 34
86 11 34
F35
1024
82 25 35
25 46 35
F36
1024
47 76 36
76 16 36
16 35 36
35 74 36
74 22 36
22 94 36
F37
1024
40 29 37
29 74 37
74 39 37
F38
1024
66 86 38
86 58 38
F39
1024
66 86 39
86 58 39
F40
1024
77 17 40
17 74 40
74 35 40
