F1
256
81 70 1
70 58 1
58 86 1
86 11 1
F2
256
76 16 2
16 35 2
35 74 2
74 22 2
F3
256
14 70 3
70 58 3
58 86 3
86 11 3
11 48 3
F4
256
3 1 4
1 7 4
7 88 4
88 25 4
25 26 4
F5
256
3 1 5
1 7 5
7 88 5
88 25 5
25 26 5
F6
256
50 39 6
39 74 6
74 63 6
F7
256
77 17 7
17 74 7
74 35 7
F8
256
3 1 8
1 7 8
7 88 8
88 25 8
25 26 8
F9
256
95 70 9
70 58 9
58 86 9
86 43 9
F10
256
17 74 10
74 79 10
F11
256
81 70 11
70 58 11
58 86 11
86 11 11
F12
256
88 25 12
25 82 12
82 89 12
F13
256
7 46 13
46 25 13
25 26 13
26 97 13
F14
256
60 85 14
85 27 14
27 25 14
25 88 14
88 61 14
F15
256
31 52 15
52 66 15
66 86 15
86 71 15
F16
256
37 90 16
90 25 16
25 46 16
46 1 16
F17
512
31 52 17
52 66 17
66 86 17
86 71 17
F18
512
38 35 18
35 74 18
74 22 18
22 57 18
F19
512
52 9 19
9 96 19
96 13 19
13 12 19
F20
512
40 29 20
29 74 20
74 39 20
F21
512
87 61 21
61 90 21
90 25 21
25 69 21
F22
512
3 1 22
1 7 22
7 88 22
88 25 22
25 26 22
F23
512
60 85 23
85 27 23
27 25 23
25 88 23
88 61 23
F24
512
66 86 24
86 58 24
F25
512
14 70 25
70 58 25
58 86 25
86 11 25
11 48 25
F26
512
40 29 26
29 74 26
74 39 26
F27
512
4 3 27
3 1 27
1 46 27
46 25 27
25 26 27
26 34 27
F28
1024
87 61 28
61 90 28
90 25 28
25 69 28
F29
1024
38 35 29
35 74 29
74 22 29
22 57 29
F30
1024
40 29 30
29 74 30
74 39 30
F31
1024
60 85 31
85 27 31
27 25 31
25 88 31
88 61 31
F32
1024
14 70 32
70 58 32
58 86 32
86 11 32
11 48 32
F33
1024
27 25 33
25 88 33
88 6 33
F34
1024
81 70 34
70 58 34
58 86 34
86 11 34
F35
1024
31 52 35
52 66 35
66 86 35
86 71 35
F36
1024
55 63 36
63 74 36
74 22 36
22 67 36
67 28 36
F37
1024
66 86 37
86 58 37
F38
1024
10 42 38
42 91 38
91 29 38
29 74 38
74 39 38
39 94 38
94 83 38
F39
1024
24 96 39
96 20 39
20 80 39
F40
1024
19 82 40
82 25 40
25 88 40
88 6 40
6 2 40
