F1
256
83 82 1
82 68 1
68 54 1
54 34 1
F2
512
41 40 2
40 36 2
36 37 2
37 73 2
F3
512
2 15 3
15 14 3
14 11 3
11 12 3
12 47 3
47 61 3
61 75 3
F4
512
96 95 4
95 76 4
75 77 4
77 63 4
63 49 4
49 18 4
18 17 4
17 20 4
F5
512
58 19 5
19 15 5
15 13 5
13 11 5
11 8 5
8 10 5
10 7 5
F6
1024
70 69 6
69 68 6
68 82 6
82 81 6
F7
1024
93 78 7
78 64 7
64 63 7
63 49 7
49 18 7
18 16 7
16 12 7
F8
1024
54 68 8
68 82 8
82 81 8
81 80 8
80 79 8
F9
1024
71 56 9
56 38 9
38 40 9
40 36 9
36 32 9
32 34 9
34 31 9
31 28 9
F10
1024
86 87 10
87 88 10
88 83 10
83 82 10
82 81 10
81 80 10
80 79 10
79 92 10
