F1
256
4 9 1
9 8 1
8 11 1
11 12 1
12 47 1
47 46 1
F2
256
85 84 2
84 83 2
83 82 2
82 81 2
81 80 2
80 91 2
F3
256
51 50 3
50 49 3
49 63 3
63 64 3
F4
256
22 50 4
50 49 4
49 63 4
63 62 4
62 61 4
F5
512
54 68 5
68 82 5
82 81 5
81 80 5
80 79 5
F6
512
74 75 6
75 76 6
76 77 6
77 63 6
63 64 6
64 78 6
78 77 6
77 94 6
F7
512
21 19 7
19 17 7
17 14 7
14 11 7
11 8 7
8 5 7
F8
1024
17 18 8
18 49 8
49 63 8
63 77 8
F9
1024
45 42 9
42 39 9
39 40 9
40 36 9
36 37 9
37 33 9
33 98 9
F10
1024
70 69 10
69 68 10
68 82 10
82 81 10
