F1
256
95 76 1
76 77 1
77 63 1
63 49 1
49 50 1
50 22 1
22 18 1
F2
256
59 39 2
39 40 2
40 36 2
36 37 2
37 33 2
33 98 2
F3
256
50 64 3
64 63 3
63 77 3
77 76 3
F4
512
4 9 4
9 8 4
8 11 4
11 12 4
12 47 4
47 46 4
F5
512
44 19 5
19 15 5
15 14 5
14 11 5
11 12 5
12 47 5
47 48 5
48 49 5
F6
1024
44 19 6
19 15 6
15 14 6
14 11 6
11 12 6
12 47 6
47 48 6
48 49 6
F7
1024
9 8 7
8 11 7
11 14 7
14 15 7
F8
1024
69 68 8
68 82 8
82 81 8
81 80 8
F9
1024
88 83 9
83 69 9
69 55 9
55 54 9
54 53 9
F10
1024
1 13 10
13 11 10
11 12 10
12 47 10
47 61 10
61 60 10
