F1
256
70 69 1
69 68 1
68 82 1
82 81 1
F2
256
17 18 2
18 49 2
49 63 2
63 77 2
F3
256
22 50 3
50 49 3
49 63 3
63 62 3
62 61 3
F4
512
58 19 4
19 15 4
15 13 4
13 11 4
11 8 4
8 10 4
10 7 4
F5
512
57 56 5
56 55 5
55 35 5
35 36 5
36 32 5
32 29 5
29 30 5
F6
512
84 83 6
83 82 6
82 81 6
81 90 6
F7
1024
19 15 7
15 13 7
13 11 7
11 12 7
12 10 7
F8
1024
69 68 8
68 82 8
82 81 8
81 80 8
F9
1024
88 83 9
83 69 9
69 55 9
55 54 9
54 53 9
F10
1024
71 56 10
56 38 10
38 40 10
40 36 10
36 32 10
32 34 10
34 31 10
31 28 10
