F1
256
59 39 1
39 40 1
40 36 1
36 37 1
37 33 1
33 98 1
F2
256
97 76 2
76 77 2
77 63 2
63 49 2
49 48 2
48 16 2
16 14 2
F3
256
52 51 3
51 50 3
50 49 3
49 63 3
63 64 3
64 65 3
F4
256
58 19 4
19 15 4
15 13 4
13 11 4
11 8 4
8 10 4
10 7 4
F5
512
96 95 5
95 76 5
75 77 5
77 63 5
63 49 5
49 18 5
18 17 5
17 20 5
F6
512
41 40 6
40 36 6
36 37 6
37 73 6
F7
512
97 76 7
76 77 7
77 63 7
63 49 7
49 48 7
48 16 7
16 14 7
F8
1024
19 15 8
15 13 8
13 11 8
11 12 8
12 10 8
F9
1024
21 19 9
19 17 9
17 14 9
14 11 9
11 8 9
8 5 9
F10
1024
54 68 10
68 82 10
82 81 10
81 80 10
80 79 10
