F1
256
1 13 1
13 11 1
11 12 1
12 47 1
47 61 1
61 60 1
F2
256
52 51 2
51 50 2
50 49 2
49 63 2
63 64 2
64 65 2
F3
256
43 38 3
38 40 3
40 36 3
36 32 3
32 29 3
29 27 3
27 26 3
F4
512
44 19 4
19 15 4
15 14 4
14 11 4
11 12 4
12 47 4
47 48 4
48 49 4
F5
512
85 84 5
84 83 5
83 82 5
82 81 5
81 80 5
80 91 5
F6
1024
96 95 6
95 76 6
75 77 6
77 63 6
63 49 6
49 18 6
18 17 6
17 20 6
F7
1024
88 83 7
83 69 7
69 55 7
55 54 7
54 53 7
F8
1024
57 56 8
56 55 8
55 35 8
35 36 8
36 32 8
32 29 8
29 30 8
F9
1024
27 29 9
29 32 9
32 36 9
36 35 9
35 55 9
F10
1024
72 20 10
20 17 10
17 14 10
14 11 10
11 8 10
8 9 10
9 6 10
