F1
256
59 39 1
39 40 1
40 36 1
36 37 1
37 33 1
33 98 1
F2
256
96 95 2
95 76 2
75 77 2
77 63 2
63 49 2
49 18 2
18 17 2
17 20 2
F3
256
56 55 3
55 54 3
54 68 3
68 82 3
82 81 3
81 67 3
F4
256
84 83 4
83 82 4
82 81 4
81 90 4
F5
256
97 76 5
76 77 5
77 63 5
63 49 5
49 48 5
48 16 5
16 14 5
F6
256
9 8 6
8 11 6
11 14 6
14 15 6
F7
512
86 87 7
87 88 7
88 83 7
83 82 7
82 81 7
81 80 7
80 79 7
79 92 7
F8
1024
71 56 8
56 38 8
38 40 8
40 36 8
36 32 8
32 34 8
34 31 8
31 28 8
F9
1024
1 13 9
13 11 9
11 12 9
12 47 9
47 61 9
61 60 9
F10
1024
85 84 10
84 83 10
83 82 10
82 81 10
81 80 10
80 91 10
