F1
256
69 68 1
68 82 1
82 81 1
81 80 1
F2
256
96 95 2
95 76 2
75 77 2
77 63 2
63 49 2
49 18 2
18 17 2
17 20 2
F3
256
57 56 3
56 55 3
55 35 3
35 36 3
36 32 3
32 29 3
29 30 3
F4
256
9 8 4
8 11 4
11 14 4
14 15 4
F5
512
50 64 5
64 63 5
63 77 5
77 76 5
F6
512
69 68 6
68 82 6
82 81 6
81 80 6
F7
1024
42 41 7
41 40 7
40 36 7
36 37 7
37 73 7
73 98 7
98 100 7
F8
1024
59 39 8
39 40 8
40 36 8
36 37 8
37 33 8
33 98 8
F9
1024
23 20 9
20 17 9
17 14 9
14 11 9
11 12 9
12 16 9
F10
1024
71 56 10
56 38 10
38 40 10
40 36 10
36 32 10
32 34 10
34 31 10
31 28 10
