F1
256
85 84 1
84 83 1
83 82 1
82 81 1
81 80 1
80 91 1
F2
256
2 15 2
15 14 2
14 11 2
11 12 2
12 47 2
47 61 2
61 75 2
F3
256
96 95 3
95 76 3
75 77 3
77 63 3
63 49 3
49 18 3
18 17 3
17 20 3
F4
256
69 68 4
68 82 4
82 81 4
81 80 4
F5
512
88 83 5
83 69 5
69 55 5
55 54 5
54 53 5
F6
512
87 84 6
84 83 6
83 82 6
82 89 6
F7
512
84 83 7
83 82 7
82 81 7
81 90 7
F8
512
96 95 8
95 76 8
75 77 8
77 63 8
63 49 8
49 18 8
18 17 8
17 20 8
F9
1024
88 83 9
83 69 9
69 55 9
55 54 9
54 53 9
F10
1024
86 87 10
87 88 10
88 83 10
83 82 10
82 81 10
81 80 10
80 79 10
79 92 10
