F1
256
83 82 1
82 68 1
68 54 1
54 34 1
F2
256
93 78 2
78 64 2
64 63 2
63 49 2
49 18 2
18 16 2
16 12 2
F3
256
57 56 3
56 55 3
55 35 3
35 36 3
36 32 3
32 29 3
29 30 3
F4
512
88 83 4
83 69 4
69 55 4
55 54 4
54 53 4
F5
512
87 84 5
84 83 5
83 82 5
82 89 5
F6
1024
83 82 6
82 68 6
68 54 6
54 34 6
F7
1024
74 75 7
75 76 7
76 77 7
77 63 7
63 64 7
64 78 7
78 77 7
77 94 7
F8
1024
17 18 8
18 49 8
49 63 8
63 77 8
F9
1024
17 18 9
18 49 9
49 63 9
63 77 9
F10
1024
45 42 10
42 39 10
39 40 10
40 36 10
36 37 10
37 33 10
33 98 10
