F1
256
88 83 1
83 69 1
69 55 1
55 54 1
54 53 1
F2
256
42 41 2
41 40 2
40 36 2
36 37 2
37 73 2
73 98 2
98 100 2
F3
256
41 40 3
40 36 3
36 37 3
37 73 3
F4
512
45 42 4
42 39 4
39 40 4
40 36 4
36 37 4
37 33 4
33 98 4
F5
512
17 18 5
18 49 5
49 63 5
63 77 5
F6
1024
86 87 6
87 88 6
88 83 6
83 82 6
82 81 6
81 80 6
80 79 6
79 92 6
F7
1024
88 83 7
83 69 7
69 55 7
55 54 7
54 53 7
F8
1024
52 51 8
51 50 8
50 49 8
49 63 8
63 64 8
64 65 8
F9
1024
88 83 9
83 69 9
69 55 9
55 54 9
54 53 9
F10
1024
84 83 10
83 82 10
82 81 10
81 90 10
