F1
256
74 75 1
75 76 1
76 77 1
77 63 1
63 64 1
64 78 1
78 77 1
77 94 1
F2
256
71 56 2
56 38 2
38 40 2
40 36 2
36 32 2
32 34 2
34 31 2
31 28 2
F3
256
17 18 3
18 49 3
49 63 3
63 77 3
F4
256
2 15 4
15 14 4
14 11 4
11 12 4
12 47 4
47 61 4
61 75 4
F5
512
71 56 5
56 38 5
38 40 5
40 36 5
36 32 5
32 34 5
34 31 5
31 28 5
F6
512
3 6 6
6 9 6
9 13 6
13 11 6
11 14 6
14 16 6
16 48 6
48 62 6
F7
1024
88 83 7
83 69 7
69 55 7
55 54 7
54 53 7
F8
1024
88 83 8
83 69 8
69 55 8
55 54 8
54 53 8
F9
1024
59 39 9
39 40 9
40 36 9
36 37 9
37 33 9
33 98 9
F10
1024
85 84 10
84 83 10
83 82 10
82 81 10
81 80 10
80 91 10
