F1
256
59 39 1
39 40 1
40 36 1
36 37 1
37 33 1
33 98 1
F2
256
51 50 2
50 49 2
49 63 2
63 64 2
F3
512
57 56 3
56 55 3
55 35 3
35 36 3
36 32 3
32 29 3
29 30 3
F4
512
27 29 4
29 32 4
32 36 4
36 35 4
35 55 4
F5
512
54 68 5
68 82 5
82 81 5
81 80 5
80 79 5
F6
512
71 56 6
56 38 6
38 40 6
40 36 6
36 32 6
32 34 6
34 31 6
31 28 6
F7
512
4 9 7
9 8 7
8 11 7
11 12 7
12 47 7
47 46 7
F8
512
1 13 8
13 11 8
11 12 8
12 47 8
47 61 8
61 60 8
F9
1024
21 19 9
19 17 9
17 14 9
14 11 9
11 8 9
8 5 9
F10
1024
23 20 10
20 17 10
17 14 10
14 11 10
11 12 10
12 16 10
