F1
256
23 20 1
20 17 1
17 14 1
14 11 1
11 12 1
12 16 1
F2
256
56 55 2
55 54 2
54 68 2
68 82 2
82 81 2
81 67 2
F3
256
57 56 3
56 55 3
55 35 3
35 36 3
36 32 3
32 29 3
29 30 3
F4
256
2 15 4
15 14 4
14 11 4
11 12 4
12 47 4
47 61 4
61 75 4
F5
512
43 38 5
38 40 5
40 36 5
36 32 5
32 29 5
29 27 5
27 26 5
F6
512
70 69 6
69 68 6
68 82 6
82 81 6
F7
512
71 56 7
56 38 7
38 40 7
40 36 7
36 32 7
32 34 7
34 31 7
31 28 7
F8
1024
96 95 8
95 76 8
75 77 8
77 63 8
63 49 8
49 18 8
18 17 8
17 20 8
F9
1024
84 83 9
83 82 9
82 81 9
81 90 9
F10
1024
2 15 10
15 14 10
14 11 10
11 12 10
12 47 10
47 61 10
61 75 10
