F1
512
74 75 1
75 76 1
76 77 1
77 63 1
63 64 1
64 78 1
78 77 1
77 94 1
F2
512
41 40 2
40 36 2
36 37 2
37 73 2
F3
512
45 42 3
42 39 3
39 40 3
40 36 3
36 37 3
37 33 3
33 98 3
F4
512
85 84 4
84 83 4
83 82 4
82 81 4
81 80 4
80 91 4
F5
512
74 75 5
75 76 5
76 77 5
77 63 5
63 64 5
64 78 5
78 77 5
77 94 5
F6
512
41 40 6
40 36 6
36 37 6
37 73 6
F7
1024
74 75 7
75 76 7
76 77 7
77 63 7
63 64 7
64 78 7
78 77 7
77 94 7
F8
1024
96 95 8
95 76 8
75 77 8
77 63 8
63 49 8
49 18 8
18 17 8
17 20 8
F9
1024
59 39 9
39 40 9
40 36 9
36 37 9
37 33 9
33 98 9
F10
1024
17 18 10
18 49 10
49 63 10
63 77 10
