F1
256
50 64 1
64 63 1
63 77 1
77 76 1
F2
256
87 84 2
84 83 2
83 82 2
82 89 2
F3
256
44 19 3
19 15 3
15 14 3
14 11 3
11 12 3
12 47 3
47 48 3
48 49 3
F4
512
97 76 4
76 77 4
77 63 4
63 49 4
49 48 4
48 16 4
16 14 4
F5
512
83 82 5
82 68 5
68 54 5
54 34 5
F6
512
83 82 6
82 68 6
68 54 6
54 34 6
F7
512
74 75 7
75 76 7
76 77 7
77 63 7
63 64 7
64 78 7
78 77 7
77 94 7
F8
1024
72 20 8
20 17 8
17 14 8
14 11 8
11 8 8
8 9 8
9 6 8
F9
1024
4 9 9
9 8 9
8 11 9
11 12 9
12 47 9
47 46 9
F10
1024
22 50 10
50 49 10
49 63 10
63 62 10
62 61 10
