F1
256
87 84 1
84 83 1
83 82 1
82 89 1
F2
256
58 19 2
19 15 2
15 13 2
13 11 2
11 8 2
8 10 2
10 7 2
F3
256
83 82 3
82 68 3
68 54 3
54 34 3
F4
512
17 18 4
18 49 4
49 63 4
63 77 4
F5
512
54 68 5
68 82 5
82 81 5
81 80 5
80 79 5
F6
512
1 13 6
13 11 6
11 12 6
12 47 6
47 61 6
61 60 6
F7
512
41 40 7
40 36 7
36 37 7
37 73 7
F8
1024
86 87 8
87 88 8
88 83 8
83 82 8
82 81 8
81 80 8
80 79 8
79 92 8
F9
1024
95 76 9
76 77 9
77 63 9
63 49 9
49 50 9
50 22 9
22 18 9
F10
1024
52 51 10
51 50 10
50 49 10
49 63 10
63 64 10
64 65 10
