F1
256
4 9 1
9 8 1
8 11 1
11 12 1
12 47 1
47 46 1
F2
256
71 56 2
56 38 2
38 40 2
40 36 2
36 32 2
32 34 2
34 31 2
31 28 2
F3
256
4 9 3
9 8 3
8 11 3
11 12 3
12 47 3
47 46 3
F4
256
96 95 4
95 76 4
75 77 4
77 63 4
63 49 4
49 18 4
18 17 4
17 20 4
F5
512
43 38 5
38 40 5
40 36 5
36 32 5
32 29 5
29 27 5
27 26 5
F6
512
22 50 6
50 49 6
49 63 6
63 62 6
62 61 6
F7
512
69 68 7
68 82 7
82 81 7
81 80 7
F8
512
45 42 8
42 39 8
39 40 8
40 36 8
36 37 8
37 33 8
33 98 8
F9
512
57 56 9
56 55 9
55 35 9
35 36 9
36 32 9
32 29 9
29 30 9
F10
1024
4 9 10
9 8 10
8 11 10
11 12 10
12 47 10
47 46 10
