F1
256
68 23 1
23 58 1
58 86 1
86 33 1
F2
256
14 70 2
70 58 2
58 86 2
86 11 2
11 48 2
F3
256
5 18 3
18 6 3
6 88 3
88 25 3
25 69 3
69 54 3
F4
256
38 35 4
35 74 4
74 22 4
22 57 4
F5
256
60 85 5
85 27 5
27 25 5
25 88 5
88 61 5
F6
512
8 96 6
96 13 6
13 12 6
12 32 6
F7
512
59 40 7
40 29 7
29 74 7
74 94 7
94 98 7
F8
512
38 35 8
35 74 8
74 22 8
22 57 8
F9
512
40 29 9
29 74 9
74 39 9
F10
512
100 8 10
8 96 10
96 75 10
F11
512
10 42 11
42 91 11
91 29 11
29 74 11
74 39 11
39 94 11
94 83 11
F12
512
53 70 12
70 58 12
58 86 12
86 33 12
33 84 12
F13
1024
76 16 13
16 35 13
35 74 13
74 22 13
F14
1024
88 25 14
25 82 14
82 89 14
F15
1024
88 25 15
25 82 15
82 89 15
F16
1024
31 52 16
52 66 16
66 86 16
86 71 16
F17
1024
5 18 17
18 6 17
6 88 17
88 25 17
25 69 17
69 54 17
F18
1024
14 70 18
70 58 18
58 86 18
86 11 18
11 48 18
F19
1024
24 96 19
96 20 19
20 80 19
F20
1024
59 40 20
40 29 20
29 74 20
74 94 20
94 98 20
