F1
256
4 3 1
3 1 1
1 46 1
46 25 1
25 26 1
26 34 1
F2
256
3 1 2
1 7 2
7 88 2
88 25 2
25 26 2
F3
256
47 76 3
76 16 3
16 35 3
35 74 3
74 22 3
22 94 3
F4
256
19 82 4
82 25 4
25 88 4
88 6 4
6 2 4
F5
256
38 35 5
35 74 5
74 22 5
22 57 5
F6
256
7 46 6
46 25 6
25 26 6
26 97 6
F7
256
4 3 7
3 1 7
1 46 7
46 25 7
25 26 7
26 34 7
F8
256
7 46 8
46 25 8
25 26 8
26 97 8
F9
256
88 25 9
25 82 9
82 89 9
F10
512
77 17 10
17 74 10
74 35 10
F11
1024
88 25 11
25 82 11
82 89 11
F12
1024
41 76 12
76 16 12
16 35 12
35 74 12
74 29 12
F13
1024
50 39 13
39 74 13
74 63 13
F14
1024
37 90 14
90 25 14
25 46 14
46 1 14
F15
1024
5 18 15
18 6 15
6 88 15
88 25 15
25 69 15
69 54 15
F16
1024
50 39 16
39 74 16
74 63 16
F17
1024
4 3 17
3 1 17
1 46 17
46 25 17
25 26 17
26 34 17
F18
1024
52 9 18
9 96 18
96 13 18
13 12 18
F19
1024
27 25 19
25 88 19
88 6 19
F20
1024
59 40 20
40 29 20
29 74 20
74 94 20
94 98 20
