F1
256
30 36 1
36 20 1
20 96 1
96 13 1
F2
256
81 70 2
70 58 2
58 86 2
86 11 2
F3
256
92 16 3
16 35 3
35 74 3
74 22 3
22 67 3
F4
256
5 18 4
18 6 4
6 88 4
88 25 4
25 69 4
69 54 4
F5
256
4 3 5
3 1 5
1 46 5
46 25 5
25 26 5
26 34 5
F6
256
20 17 6
17 74 6
74 29 6
29 91 6
F7
256
92 16 7
16 35 7
35 74 7
74 22 7
22 67 7
F8
256
7 46 8
46 25 8
25 26 8
26 97 8
F9
512
10 42 9
42 91 9
91 29 9
29 74 9
74 39 9
39 94 9
94 83 9
F10
512
37 90 10
90 25 10
25 46 10
46 1 10
F11
512
37 90 11
90 25 11
25 46 11
46 1 11
F12
512
15 24 12
24 96 12
96 9 12
F13
512
87 61 13
61 90 13
90 25 13
25 69 13
F14
512
81 70 14
70 58 14
58 86 14
86 11 14
F15
512
68 23 15
23 58 15
58 86 15
86 33 15
F16
1024
27 25 16
25 88 16
88 6 16
F17
1024
4 3 17
3 1 17
1 46 17
46 25 17
25 26 17
26 34 17
F18
1024
100 8 18
8 96 18
96 75 18
F19
1024
59 40 19
40 29 19
29 74 19
74 94 19
94 98 19
F20
1024
81 70 20
70 58 20
58 86 20
86 11 20
