F1
256
40 29 1
29 74 1
74 39 1
F2
256
37 90 2
90 25 2
25 46 2
46 1 2
F3
256
14 70 3
70 58 3
58 86 3
86 11 3
11 48 3
F4
256
52 9 4
9 96 4
96 13 4
13 12 4
F5
256
82 25 5
25 46 5
F6
256
38 35 6
35 74 6
74 22 6
22 57 6
F7
256
81 70 7
70 58 7
58 86 7
86 11 7
F8
256
100 8 8
8 96 8
96 75 8
F9
512
50 39 9
39 74 9
74 63 9
F10
512
60 85 10
85 27 10
27 25 10
25 88 10
88 61 10
F11
512
82 25 11
25 46 11
F12
512
14 70 12
70 58 12
58 86 12
86 11 12
11 48 12
F13
512
37 90 13
90 25 13
25 46 13
46 1 13
F14
1024
24 96 14
96 20 14
20 80 14
F15
1024
51 2 15
2 7 15
7 46 15
46 25 15
25 69 15
69 54 15
F16
1024
50 39 16
39 74 16
74 63 16
F17
1024
20 17 17
17 74 17
74 29 17
29 91 17
F18
1024
7 46 18
46 25 18
25 26 18
26 97 18
F19
1024
88 25 19
25 82 19
82 89 19
F20
1024
52 9 20
9 96 20
96 13 20
13 12 20
