F1
256
20 17 1
17 74 1
74 29 1
29 91 1
F2
256
55 63 2
63 74 2
74 22 2
22 67 2
67 28 2
F3
256
88 25 3
25 82 3
82 89 3
F4
256
95 70 4
70 58 4
58 86 4
86 43 4
F5
256
100 8 5
8 96 5
96 75 5
F6
256
37 90 6
90 25 6
25 46 6
46 1 6
F7
256
7 46 7
46 25 7
25 26 7
26 97 7
F8
512
53 70 8
70 58 8
58 86 8
86 33 8
33 84 8
F9
512
45 39 9
39 74 9
74 35 9
35 16 9
F10
512
59 40 10
40 29 10
29 74 10
74 94 10
94 98 10
F11
512
78 71 11
71 86 11
86 43 11
43 72 11
F12
512
59 40 12
40 29 12
29 74 12
74 94 12
94 98 12
F13
512
24 96 13
96 20 13
20 80 13
F14
512
95 70 14
70 58 14
58 86 14
86 43 14
F15
512
88 25 15
25 82 15
82 89 15
F16
512
47 76 16
76 16 16
16 35 16
35 74 16
74 22 16
22 94 16
F17
1024
15 24 17
24 96 17
96 9 17
F18
1024
20 17 18
17 74 18
74 29 18
29 91 18
F19
1024
10 42 19
42 91 19
91 29 19
29 74 19
74 39 19
39 94 19
94 83 19
F20
1024
15 24 20
24 96 20
96 9 20
