F1
256
3 1 1
1 7 1
7 88 1
88 25 1
25 26 1
F2
256
77 17 2
17 74 2
74 35 2
F3
256
37 90 3
90 25 3
25 46 3
46 1 3
F4
256
19 82 4
82 25 4
25 88 4
88 6 4
6 2 4
F5
256
92 16 5
16 35 5
35 74 5
74 22 5
22 67 5
F6
256
52 9 6
9 96 6
96 13 6
13 12 6
F7
256
24 96 7
96 20 7
20 80 7
F8
256
60 85 8
85 27 8
27 25 8
25 88 8
88 61 8
F9
512
51 2 9
2 7 9
7 46 9
46 25 9
25 69 9
69 54 9
F10
512
82 25 10
25 46 10
F11
512
82 25 11
25 46 11
F12
512
20 17 12
17 74 12
74 29 12
29 91 12
F13
512
45 39 13
39 74 13
74 35 13
35 16 13
F14
1024
45 39 14
39 74 14
74 35 14
35 16 14
F15
1024
37 90 15
90 25 15
25 46 15
46 1 15
F16
1024
47 76 16
76 16 16
16 35 16
35 74 16
74 22 16
22 94 16
F17
1024
95 70 17
70 58 17
58 86 17
86 43 17
F18
1024
15 24 18
24 96 18
96 9 18
F19
1024
45 39 19
39 74 19
74 35 19
35 16 19
F20
1024
52 9 20
9 96 20
96 13 20
13 12 20
