F1
256
55 63 1
63 74 1
74 22 1
22 67 1
67 28 1
F2
256
47 76 2
76 16 2
16 35 2
35 74 2
74 22 2
22 94 2
F3
256
55 63 3
63 74 3
74 22 3
22 67 3
67 28 3
F4
256
51 2 4
2 7 4
7 46 4
46 25 4
25 69 4
69 54 4
F5
256
5 18 5
18 6 5
6 88 5
88 25 5
25 69 5
69 54 5
F6
256
88 25 6
25 82 6
82 89 6
F7
256
19 82 7
82 25 7
25 88 7
88 6 7
6 2 7
F8
256
19 82 8
82 25 8
25 88 8
88 6 8
6 2 8
F9
256
15 24 9
24 96 9
96 9 9
F10
256
76 16 10
16 35 10
35 74 10
74 22 10
F11
512
59 40 11
40 29 11
29 74 11
74 94 11
94 98 11
F12
512
40 29 12
29 74 12
74 39 12
F13
512
14 70 13
70 58 13
58 86 13
86 11 13
11 48 13
F14
1024
66 86 14
86 58 14
F15
1024
38 35 15
35 74 15
74 22 15
22 57 15
F16
1024
17 74 16
74 79 16
F17
1024
8 96 17
96 13 17
13 12 17
12 32 17
F18
1024
68 23 18
23 58 18
58 86 18
86 33 18
F19
1024
81 70 19
70 58 19
58 86 19
86 11 19
F20
1024
17 74 20
74 79 20
