F1
256
68 23 1
23 58 1
58 86 1
86 33 1
F2
256
45 39 2
39 74 2
74 35 2
35 16 2
F3
256
17 74 3
74 79 3
F4
256
27 25 4
25 88 4
88 6 4
F5
256
17 74 5
74 79 5
F6
256
53 70 6
70 58 6
58 86 6
86 33 6
33 84 6
F7
512
37 90 7
90 25 7
25 46 7
46 1 7
F8
512
55 63 8
63 74 8
74 22 8
22 67 8
67 28 8
F9
512
17 74 9
74 79 9
F10
512
14 70 10
70 58 10
58 86 10
86 11 10
11 48 10
F11
1024
20 17 11
17 74 11
74 29 11
29 91 11
F12
1024
31 52 12
52 66 12
66 86 12
86 71 12
F13
1024
53 70 13
70 58 13
58 86 13
86 33 13
33 84 13
F14
1024
81 70 14
70 58 14
58 86 14
86 11 14
F15
1024
52 9 15
9 96 15
96 13 15
13 12 15
F16
1024
100 8 16
8 96 16
96 75 16
F17
1024
45 39 17
39 74 17
74 35 17
35 16 17
F18
1024
60 85 18
85 27 18
27 25 18
25 88 18
88 61 18
F19
1024
4 3 19
3 1 19
1 46 19
46 25 19
25 26 19
26 34 19
F20
1024
66 86 20
86 58 20
