F1
256
41 76 1
76 16 1
16 35 1
35 74 1
74 29 1
F2
256
88 25 2
25 82 2
82 89 2
F3
256
50 39 3
39 74 3
74 63 3
F4
256
15 24 4
24 96 4
96 9 4
F5
256
59 40 5
40 29 5
29 74 5
74 94 5
94 98 5
F6
512
78 71 6
71 86 6
86 43 6
43 72 6
F7
512
51 2 7
2 7 7
7 46 7
46 25 7
25 69 7
69 54 7
F8
512
66 86 8
86 58 8
F9
512
87 61 9
61 90 9
90 25 9
25 69 9
F10
512
81 70 10
70 58 10
58 86 10
86 11 10
F11
1024
30 36 11
36 20 11
20 96 11
96 13 11
F12
1024
45 39 12
39 74 12
74 35 12
35 16 12
F13
1024
59 40 13
40 29 13
29 74 13
74 94 13
94 98 13
F14
1024
88 25 14
25 82 14
82 89 14
F15
1024
45 39 15
39 74 15
74 35 15
35 16 15
F16
1024
7 46 16
46 25 16
25 26 16
26 97 16
F17
1024
5 18 17
18 6 17
6 88 17
88 25 17
25 69 17
69 54 17
F18
1024
24 96 18
96 20 18
20 80 18
F19
1024
88 25 19
25 82 19
82 89 19
F20
1024
24 96 20
96 20 20
20 80 20
