F1
256
55 63 1
63 74 1
74 22 1
22 67 1
67 28 1
F2
256
81 70 2
70 58 2
58 86 2
86 11 2
F3
256
55 63 3
63 74 3
74 22 3
22 67 3
67 28 3
F4
256
5 18 4
18 6 4
6 88 4
88 25 4
25 69 4
69 54 4
F5
256
7 46 5
46 25 5
25 26 5
26 97 5
F6
256
27 25 6
25 88 6
88 6 6
F7
512
76 16 7
16 35 7
35 74 7
74 22 7
F8
512
8 96 8
96 13 8
13 12 8
12 32 8
F9
512
81 70 9
70 58 9
58 86 9
86 11 9
F10
512
20 17 10
17 74 10
74 29 10
29 91 10
F11
512
30 36 11
36 20 11
20 96 11
96 13 11
F12
512
24 96 12
96 20 12
20 80 12
F13
512
92 16 13
16 35 13
35 74 13
74 22 13
22 67 13
F14
512
82 25 14
25 46 14
F15
512
55 63 15
63 74 15
74 22 15
22 67 15
67 28 15
F16
1024
68 23 16
23 58 16
58 86 16
86 33 16
F17
1024
31 52 17
52 66 17
66 86 17
86 71 17
F18
1024
45 39 18
39 74 18
74 35 18
35 16 18
F19
1024
92 16 19
16 35 19
35 74 19
74 22 19
22 67 19
F20
1024
17 74 20
74 79 20
