F1
256
92 16 1
16 35 1
35 74 1
74 22 1
22 67 1
F2
256
19 82 2
82 25 2
25 88 2
88 6 2
6 2 2
F3
256
60 85 3
85 27 3
27 25 3
25 88 3
88 61 3
F4
256
10 42 4
42 91 4
91 29 4
29 74 4
74 39 4
39 94 4
94 83 4
F5
256
20 17 5
17 74 5
74 29 5
29 91 5
F6
256
27 25 6
25 88 6
88 6 6
F7
512
92 16 7
16 35 7
35 74 7
74 22 7
22 67 7
F8
512
10 42 8
42 91 8
91 29 8
29 74 8
74 39 8
39 94 8
94 83 8
F9
512
59 40 9
40 29 9
29 74 9
74 94 9
94 98 9
F10
512
52 9 10
9 96 10
96 13 10
13 12 10
F11
512
100 8 11
8 96 11
96 75 11
F12
512
40 29 12
29 74 12
74 39 12
F13
512
81 70 13
70 58 13
58 86 13
86 11 13
F14
512
82 25 14
25 46 14
F15
1024
100 8 15
8 96 15
96 75 15
F16
1024
5 18 16
18 6 16
6 88 16
88 25 16
25 69 16
69 54 16
F17
1024
47 76 17
76 16 17
16 35 17
35 74 17
74 22 17
22 94 17
F18
1024
41 76 18
76 16 18
16 35 18
35 74 18
74 29 18
F19
1024
76 16 19
16 35 19
35 74 19
74 22 19
F20
1024
4 3 20
3 1 20
1 46 20
46 25 20
25 26 20
26 34 20
