F1
256
10 42 1
42 91 1
91 29 1
29 74 1
74 39 1
39 94 1
94 83 1
F2
256
87 61 2
61 90 2
90 25 2
25 69 2
F3
256
3 1 3
1 7 3
7 88 3
88 25 3
25 26 3
F4
256
92 16 4
16 35 4
35 74 4
74 22 4
22 67 4
F5
256
66 86 5
86 58 5
F6
512
30 36 6
36 20 6
20 96 6
96 13 6
F7
512
7 46 7
46 25 7
25 26 7
26 97 7
F8
512
27 25 8
25 88 8
88 6 8
F9
512
100 8 9
8 96 9
96 75 9
F10
512
78 71 10
71 86 10
86 43 10
43 72 10
F11
512
53 70 11
70 58 11
58 86 11
86 33 11
33 84 11
F12
512
78 71 12
71 86 12
86 43 12
43 72 12
F13
512
8 96 13
96 13 13
13 12 13
12 32 13
F14
512
40 29 14
29 74 14
74 39 14
F15
1024
19 82 15
82 25 15
25 88 15
88 6 15
6 2 15
F16
1024
51 2 16
2 7 16
7 46 16
46 25 16
25 69 16
69 54 16
F17
1024
81 70 17
70 58 17
58 86 17
86 11 17
F18
1024
40 29 18
29 74 18
74 39 18
F19
1024
8 96 19
96 13 19
13 12 19
12 32 19
F20
1024
17 74 20
74 79 20
