F1
256
100 8 1
8 96 1
96 75 1
F2
256
40 29 2
29 74 2
74 39 2
F3
256
45 39 3
39 74 3
74 35 3
35 16 3
F4
256
20 17 4
17 74 4
74 29 4
29 91 4
F5
256
82 25 5
25 46 5
F6
256
47 76 6
76 16 6
16 35 6
35 74 6
74 22 6
22 94 6
F7
256
76 16 7
16 35 7
35 74 7
74 22 7
F8
256
14 70 8
70 58 8
58 86 8
86 11 8
11 48 8
F9
512
7 46 9
46 25 9
25 26 9
26 97 9
F10
512
81 70 10
70 58 10
58 86 10
86 11 10
F11
512
17 74 11
74 79 11
F12
512
78 71 12
71 86 12
86 43 12
43 72 12
F13
512
27 25 13
25 88 13
88 6 13
F14
512
4 3 14
3 1 14
1 46 14
46 25 14
25 26 14
26 34 14
F15
512
15 24 15
24 96 15
96 9 15
F16
1024
55 63 16
63 74 16
74 22 16
22 67 16
67 28 16
F17
1024
60 85 17
85 27 17
27 25 17
25 88 17
88 61 17
F18
1024
47 76 18
76 16 18
16 35 18
35 74 18
74 22 18
22 94 18
F19
1024
47 76 19
76 16 19
16 35 19
35 74 19
74 22 19
22 94 19
F20
1024
14 70 20
70 58 20
58 86 20
86 11 20
11 48 20
