F1
256
95 70 1
70 58 1
58 86 1
86 43 1
F2
256
76 16 2
16 35 2
35 74 2
74 22 2
F3
256
20 17 3
17 74 3
74 29 3
29 91 3
F4
256
51 2 4
2 7 4
7 46 4
46 25 4
25 69 4
69 54 4
F5
256
59 40 5
40 29 5
29 74 5
74 94 5
94 98 5
F6
256
60 85 6
85 27 6
27 25 6
25 88 6
88 61 6
F7
512
82 25 7
25 46 7
F8
512
19 82 8
82 25 8
25 88 8
88 6 8
6 2 8
F9
512
55 63 9
63 74 9
74 22 9
22 67 9
67 28 9
F10
512
47 76 10
76 16 10
16 35 10
35 74 10
74 22 10
22 94 10
F11
512
31 52 11
52 66 11
66 86 11
86 71 11
F12
512
52 9 12
9 96 12
96 13 12
13 12 12
F13
512
88 25 13
25 82 13
82 89 13
F14
512
55 63 14
63 74 14
74 22 14
22 67 14
67 28 14
F15
1024
15 24 15
24 96 15
96 9 15
F16
1024
50 39 16
39 74 16
74 63 16
F17
1024
10 42 17
42 91 17
91 29 17
29 74 17
74 39 17
39 94 17
94 83 17
F18
1024
92 16 18
16 35 18
35 74 18
74 22 18
22 67 18
F19
1024
87 61 19
61 90 19
90 25 19
25 69 19
F20
1024
77 17 20
17 74 20
74 35 20
