F1
256
76 16 1
16 35 1
35 74 1
74 22 1
F2
256
15 24 2
24 96 2
96 9 2
F3
256
53 70 3
70 58 3
58 86 3
86 33 3
33 84 3
F4
256
53 70 4
70 58 4
58 86 4
86 33 4
33 84 4
F5
256
15 24 5
24 96 5
96 9 5
F6
256
82 25 6
25 46 6
F7
512
19 82 7
82 25 7
25 88 7
88 6 7
6 2 7
F8
512
38 35 8
35 74 8
74 22 8
22 57 8
F9
512
53 70 9
70 58 9
58 86 9
86 33 9
33 84 9
F10
1024
47 76 10
76 16 10
16 35 10
35 74 10
74 22 10
22 94 10
F11
1024
5 18 11
18 6 11
6 88 11
88 25 11
25 69 11
69 54 11
F12
1024
38 35 12
35 74 12
74 22 12
22 57 12
F13
1024
14 70 13
70 58 13
58 86 13
86 11 13
11 48 13
F14
1024
100 8 14
8 96 14
96 75 14
F15
1024
47 76 15
76 16 15
16 35 15
35 74 15
74 22 15
22 94 15
F16
1024
82 25 16
25 46 16
F17
1024
66 86 17
86 58 17
F18
1024
76 16 18
16 35 18
35 74 18
74 22 18
F19
1024
20 17 19
17 74 19
74 29 19
29 91 19
F20
1024
5 18 20
18 6 20
6 88 20
88 25 20
25 69 20
69 54 20
