F1
256
53 70 1
70 58 1
58 86 1
86 33 1
33 84 1
F2
256
38 35 2
35 74 2
74 22 2
22 57 2
F3
256
31 52 3
52 66 3
66 86 3
86 71 3
F4
256
68 23 4
23 58 4
58 86 4
86 33 4
F5
256
24 96 5
96 20 5
20 80 5
F6
512
31 52 6
52 66 6
66 86 6
86 71 6
F7
512
77 17 7
17 74 7
74 35 7
F8
512
60 85 8
85 27 8
27 25 8
25 88 8
88 61 8
F9
512
3 1 9
1 7 9
7 88 9
88 25 9
25 26 9
F10
1024
87 61 10
61 90 10
90 25 10
25 69 10
F11
1024
77 17 11
17 74 11
74 35 11
F12
1024
81 70 12
70 58 12
58 86 12
86 11 12
F13
1024
50 39 13
39 74 13
74 63 13
F14
1024
41 76 14
76 16 14
16 35 14
35 74 14
74 29 14
F15
1024
82 25 15
25 46 15
F16
1024
81 70 16
70 58 16
58 86 16
86 11 16
F17
1024
87 61 17
61 90 17
90 25 17
25 69 17
F18
1024
51 2 18
2 7 18
7 46 18
46 25 18
25 69 18
69 54 18
F19
1024
15 24 19
24 96 19
96 9 19
F20
1024
100 8 20
8 96 20
96 75 20
