F1
256
100 8 1
8 96 1
96 75 1
F2
256
76 16 2
16 35 2
35 74 2
74 22 2
F3
256
81 70 3
70 58 3
58 86 3
86 11 3
F4
256
87 61 4
61 90 4
90 25 4
25 69 4
F5
256
77 17 5
17 74 5
74 35 5
F6
256
77 17 6
17 74 6
74 35 6
F7
256
27 25 7
25 88 7
88 6 7
F8
256
4 3 8
3 1 8
1 46 8
46 25 8
25 26 8
26 34 8
F9
256
5 18 9
18 6 9
6 88 9
88 25 9
25 69 9
69 54 9
F10
512
53 70 10
70 58 10
58 86 10
86 33 10
33 84 10
F11
512
14 70 11
70 58 11
58 86 11
86 11 11
11 48 11
F12
512
27 25 12
25 88 12
88 6 12
F13
1024
37 90 13
90 25 13
25 46 13
46 1 13
F14
1024
81 70 14
70 58 14
58 86 14
86 11 14
F15
1024
81 70 15
70 58 15
58 86 15
86 11 15
F16
1024
30 36 16
36 20 16
20 96 16
96 13 16
F17
1024
68 23 17
23 58 17
58 86 17
86 33 17
F18
1024
47 76 18
76 16 18
16 35 18
35 74 18
74 22 18
22 94 18
F19
1024
60 85 19
85 27 19
27 25 19
25 88 19
88 61 19
F20
1024
27 25 20
25 88 20
88 6 20
