F1
256
8 96 1
96 13 1
13 12 1
12 32 1
F2
256
14 70 2
70 58 2
58 86 2
86 11 2
11 48 2
F3
256
100 8 3
8 96 3
96 75 3
F4
256
53 70 4
70 58 4
58 86 4
86 33 4
33 84 4
F5
256
78 71 5
71 86 5
86 43 5
43 72 5
F6
256
8 96 6
96 13 6
13 12 6
12 32 6
F7
256
52 9 7
9 96 7
96 13 7
13 12 7
F8
256
24 96 8
96 20 8
20 80 8
F9
256
87 61 9
61 90 9
90 25 9
25 69 9
F10
256
81 70 10
70 58 10
58 86 10
86 11 10
F11
512
68 23 11
23 58 11
58 86 11
86 33 11
F12
512
50 39 12
39 74 12
74 63 12
F13
512
10 42 13
42 91 13
91 29 13
29 74 13
74 39 13
39 94 13
94 83 13
F14
1024
92 16 14
16 35 14
35 74 14
74 22 14
22 67 14
F15
1024
15 24 15
24 96 15
96 9 15
F16
1024
31 52 16
52 66 16
66 86 16
86 71 16
F17
1024
38 35 17
35 74 17
74 22 17
22 57 17
F18
1024
40 29 18
29 74 18
74 39 18
F19
1024
7 46 19
46 25 19
25 26 19
26 97 19
F20
1024
95 70 20
70 58 20
58 86 20
86 43 20
