F1
256
37 90 1
90 25 1
25 46 1
46 1 1
F2
256
53 70 2
70 58 2
58 86 2
86 33 2
33 84 2
F3
256
24 96 3
96 20 3
20 80 3
F4
256
77 17 4
17 74 4
74 35 4
F5
256
95 70 5
70 58 5
58 86 5
86 43 5
F6
256
3 1 6
1 7 6
7 88 6
88 25 6
25 26 6
F7
512
24 96 7
96 20 7
20 80 7
F8
512
76 16 8
16 35 8
35 74 8
74 22 8
F9
512
81 70 9
70 58 9
58 86 9
86 11 9
F10
512
87 61 10
61 90 10
90 25 10
25 69 10
F11
512
53 70 11
70 58 11
58 86 11
86 33 11
33 84 11
F12
512
5 18 12
18 6 12
6 88 12
88 25 12
25 69 12
69 54 12
F13
512
82 25 13
25 46 13
F14
1024
78 71 14
71 86 14
86 43 14
43 72 14
F15
1024
59 40 15
40 29 15
29 74 15
74 94 15
94 98 15
F16
1024
37 90 16
90 25 16
25 46 16
46 1 16
F17
1024
38 35 17
35 74 17
74 22 17
22 57 17
F18
1024
47 76 18
76 16 18
16 35 18
35 74 18
74 22 18
22 94 18
F19
1024
17 74 19
74 79 19
F20
1024
50 39 20
39 74 20
74 63 20
