F1
256
27 25 1
25 88 1
88 6 1
F2
256
52 9 2
9 96 2
96 13 2
13 12 2
F3
256
81 70 3
70 58 3
58 86 3
86 11 3
F4
256
15 24 4
24 96 4
96 9 4
F5
256
88 25 5
25 82 5
82 89 5
F6
256
30 36 6
36 20 6
20 96 6
96 13 6
F7
256
37 90 7
90 25 7
25 46 7
46 1 7
F8
512
38 35 8
35 74 8
74 22 8
22 57 8
F9
512
66 86 9
86 58 9
F10
512
19 82 10
82 25 10
25 88 10
88 6 10
6 2 10
F11
512
51 2 11
2 7 11
7 46 11
46 25 11
25 69 11
69 54 11
F12
512
45 39 12
39 74 12
74 35 12
35 16 12
F13
512
24 96 13
96 20 13
20 80 13
F14
512
82 25 14
25 46 14
F15
512
3 1 15
1 7 15
7 88 15
88 25 15
25 26 15
F16
1024
17 74 16
74 79 16
F17
1024
52 9 17
9 96 17
96 13 17
13 12 17
F18
1024
88 25 18
25 82 18
82 89 18
F19
1024
78 71 19
71 86 19
86 43 19
43 72 19
F20
1024
50 39 20
39 74 20
74 63 20
