F1
256
15 24 1
24 96 1
96 9 1
F2
256
31 52 2
52 66 2
66 86 2
86 71 2
F3
256
68 23 3
23 58 3
58 86 3
86 33 3
F4
256
53 70 4
70 58 4
58 86 4
86 33 4
33 84 4
F5
256
15 24 5
24 96 5
96 9 5
F6
256
37 90 6
90 25 6
25 46 6
46 1 6
F7
512
76 16 7
16 35 7
35 74 7
74 22 7
F8
512
51 2 8
2 7 8
7 46 8
46 25 8
25 69 8
69 54 8
F9
512
88 25 9
25 82 9
82 89 9
F10
512
78 71 10
71 86 10
86 43 10
43 72 10
F11
512
59 40 11
40 29 11
29 74 11
74 94 11
94 98 11
F12
512
52 9 12
9 96 12
96 13 12
13 12 12
F13
512
100 8 13
8 96 13
96 75 13
F14
512
20 17 14
17 74 14
74 29 14
29 91 14
F15
512
100 8 15
8 96 15
96 75 15
F16
1024
52 9 16
9 96 16
96 13 16
13 12 16
F17
1024
15 24 17
24 96 17
96 9 17
F18
1024
5 18 18
18 6 18
6 88 18
88 25 18
25 69 18
69 54 18
F19
1024
68 23 19
23 58 19
58 86 19
86 33 19
F20
1024
100 8 20
8 96 20
96 75 20
