F1
256
5 18 1
18 6 1
6 88 1
88 25 1
25 69 1
69 54 1
F2
256
88 25 2
25 82 2
82 89 2
F3
256
19 82 3
82 25 3
25 88 3
88 6 3
6 2 3
F4
256
40 29 4
29 74 4
74 39 4
F5
512
68 23 5
23 58 5
58 86 5
86 33 5
F6
512
50 39 6
39 74 6
74 63 6
F7
512
76 16 7
16 35 7
35 74 7
74 22 7
F8
512
47 76 8
76 16 8
16 35 8
35 74 8
74 22 8
22 94 8
F9
512
88 25 9
25 82 9
82 89 9
F10
1024
14 70 10
70 58 10
58 86 10
86 11 10
11 48 10
F11
1024
5 18 11
18 6 11
6 88 11
88 25 11
25 69 11
69 54 11
F12
1024
76 16 12
16 35 12
35 74 12
74 22 12
F13
1024
55 63 13
63 74 13
74 22 13
22 67 13
67 28 13
F14
1024
8 96 14
96 13 14
13 12 14
12 32 14
F15
1024
17 74 15
74 79 15
F16
1024
100 8 16
8 96 16
96 75 16
F17
1024
81 70 17
70 58 17
58 86 17
86 11 17
F18
1024
100 8 18
8 96 18
96 75 18
F19
1024
100 8 19
8 96 19
96 75 19
F20
1024
50 39 20
39 74 20
74 63 20
