F1
256
20 17 1
17 74 1
74 29 1
29 91 1
F2
256
60 85 2
85 27 2
27 25 2
25 88 2
88 61 2
F3
256
37 90 3
90 25 3
25 46 3
46 1 3
F4
256
14 70 4
70 58 4
58 86 4
86 11 4
11 48 4
F5
512
8 96 5
96 13 5
13 12 5
12 32 5
F6
512
88 25 6
25 82 6
82 89 6
F7
512
77 17 7
17 74 7
74 35 7
F8
512
4 3 8
3 1 8
1 46 8
46 25 8
25 26 8
26 34 8
F9
512
78 71 9
71 86 9
86 43 9
43 72 9
F10
512
41 76 10
76 16 10
16 35 10
35 74 10
74 29 10
F11
512
53 70 11
70 58 11
58 86 11
86 33 11
33 84 11
F12
512
77 17 12
17 74 12
74 35 12
F13
512
30 36 13
36 20 13
20 96 13
96 13 13
F14
512
53 70 14
70 58 14
58 86 14
86 33 14
33 84 14
F15
1024
15 24 15
24 96 15
96 9 15
F16
1024
24 96 16
96 20 16
20 80 16
F17
1024
4 3 17
3 1 17
1 46 17
46 25 17
25 26 17
26 34 17
F18
1024
68 23 18
23 58 18
58 86 18
86 33 18
F19
1024
77 17 19
17 74 19
74 35 19
F20
1024
37 90 20
90 25 20
25 46 20
46 1 20
