F1
256
4 3 1
3 1 1
1 46 1
46 25 1
25 26 1
26 34 1
F2
256
24 96 2
96 20 2
20 80 2
F3
256
45 39 3
39 74 3
74 35 3
35 16 3
F4
256
66 86 4
86 58 4
F5
256
60 85 5
85 27 5
27 25 5
25 88 5
88 61 5
F6
512
88 25 6
25 82 6
82 89 6
F7
512
5 18 7
18 6 7
6 88 7
88 25 7
25 69 7
69 54 7
F8
512
60 85 8
85 27 8
27 25 8
25 88 8
88 61 8
F9
512
95 70 9
70 58 9
58 86 9
86 43 9
F10
512
77 17 10
17 74 10
74 35 10
F11
512
19 82 11
82 25 11
25 88 11
88 6 11
6 2 11
F12
1024
52 9 12
9 96 12
96 13 12
13 12 12
F13
1024
78 71 13
71 86 13
86 43 13
43 72 13
F14
1024
20 17 14
17 74 14
74 29 14
29 91 14
F15
1024
100 8 15
8 96 15
96 75 15
F16
1024
55 63 16
63 74 16
74 22 16
22 67 16
67 28 16
F17
1024
24 96 17
96 20 17
20 80 17
F18
1024
52 9 18
9 96 18
96 13 18
13 12 18
F19
1024
78 71 19
71 86 19
86 43 19
43 72 19
F20
1024
87 61 20
61 90 20
90 25 20
25 69 20
