F1
256
41 76 1
76 16 1
16 35 1
35 74 1
74 29 1
F2
256
20 17 2
17 74 2
74 29 2
29 91 2
F3
256
52 9 3
9 96 3
96 13 3
13 12 3
F4
256
100 8 4
8 96 4
96 75 4
F5
256
78 71 5
71 86 5
86 43 5
43 72 5
F6
256
19 82 6
82 25 6
25 88 6
88 6 6
6 2 6
F7
256
76 16 7
16 35 7
35 74 7
74 22 7
F8
256
76 16 8
16 35 8
35 74 8
74 22 8
F9
512
45 39 9
39 74 9
74 35 9
35 16 9
F10
512
76 16 10
16 35 10
35 74 10
74 22 10
F11
512
59 40 11
40 29 11
29 74 11
74 94 11
94 98 11
F12
512
81 70 12
70 58 12
58 86 12
86 11 12
F13
512
4 3 13
3 1 13
1 46 13
46 25 13
25 26 13
26 34 13
F14
512
50 39 14
39 74 14
74 63 14
F15
1024
53 70 15
70 58 15
58 86 15
86 33 15
33 84 15
F16
1024
3 1 16
1 7 16
7 88 16
88 25 16
25 26 16
F17
1024
3 1 17
1 7 17
7 88 17
88 25 17
25 26 17
F18
1024
92 16 18
16 35 18
35 74 18
74 22 18
22 67 18
F19
1024
60 85 19
85 27 19
27 25 19
25 88 19
88 61 19
F20
1024
81 70 20
70 58 20
58 86 20
86 11 20
