F1
256
27 25 1
25 88 1
88 6 1
F2
256
8 96 2
96 13 2
13 12 2
12 32 2
F3
256
31 52 3
52 66 3
66 86 3
86 71 3
F4
256
10 42 4
42 91 4
91 29 4
29 74 4
74 39 4
39 94 4
94 83 4
F5
256
7 46 5
46 25 5
25 26 5
26 97 5
F6
256
100 8 6
8 96 6
96 75 6
F7
512
77 17 7
17 74 7
74 35 7
F8
512
50 39 8
39 74 8
74 63 8
F9
512
30 36 9
36 20 9
20 96 9
96 13 9
F10
512
37 90 10
90 25 10
25 46 10
46 1 10
F11
512
8 96 11
96 13 11
13 12 11
12 32 11
F12
512
52 9 12
9 96 12
96 13 12
13 12 12
F13
512
30 36 13
36 20 13
20 96 13
96 13 13
F14
512
81 70 14
70 58 14
58 86 14
86 11 14
F15
512
77 17 15
17 74 15
74 35 15
F16
512
30 36 16
36 20 16
20 96 16
96 13 16
F17
512
10 42 17
42 91 17
91 29 17
29 74 17
74 39 17
39 94 17
94 83 17
F18
1024
10 42 18
42 91 18
91 29 18
29 74 18
74 39 18
39 94 18
94 83 18
F19
1024
52 9 19
9 96 19
96 13 19
13 12 19
F20
1024
81 70 20
70 58 20
58 86 20
86 11 20
