F1
256
52 9 1
9 96 1
96 13 1
13 12 1
F2
256
31 52 2
52 66 2
66 86 2
86 71 2
F3
256
40 29 3
29 74 3
74 39 3
F4
512
51 2 4
2 7 4
7 46 4
46 25 4
25 69 4
69 54 4
F5
512
14 70 5
70 58 5
58 86 5
86 11 5
11 48 5
F6
512
100 8 6
8 96 6
96 75 6
F7
512
52 9 7
9 96 7
96 13 7
13 12 7
F8
512
68 23 8
23 58 8
58 86 8
86 33 8
F9
512
4 3 9
3 1 9
1 46 9
46 25 9
25 26 9
26 34 9
F10
1024
60 85 10
85 27 10
27 25 10
25 88 10
88 61 10
F11
1024
10 42 11
42 91 11
91 29 11
29 74 11
74 39 11
39 94 11
94 83 11
F12
1024
15 24 12
24 96 12
96 9 12
F13
1024
5 18 13
18 6 13
6 88 13
88 25 13
25 69 13
69 54 13
F14
1024
3 1 14
1 7 14
7 88 14
88 25 14
25 26 14
F15
1024
10 42 15
42 91 15
91 29 15
29 74 15
74 39 15
39 94 15
94 83 15
F16
1024
41 76 16
76 16 16
16 35 16
35 74 16
74 29 16
F17
1024
5 18 17
18 6 17
6 88 17
88 25 17
25 69 17
69 54 17
F18
1024
3 1 18
1 7 18
7 88 18
88 25 18
25 26 18
F19
1024
8 96 19
96 13 19
13 12 19
12 32 19
F20
1024
95 70 20
70 58 20
58 86 20
86 43 20
