F1
256
71 56 1
56 38 1
38 40 1
40 36 1
36 32 1
32 34 1
34 31 1
31 28 1
F2
256
84 83 2
83 82 2
82 81 2
81 90 2
F3
256
50 64 3
64 63 3
63 77 3
77 76 3
F4
256
4 9 4
9 8 4
8 11 4
11 12 4
12 47 4
47 46 4
F5
256
85 84 5
84 83 5
83 82 5
82 81 5
81 80 5
80 91 5
F6
512
93 78 6
78 64 6
64 63 6
63 49 6
49 18 6
18 16 6
16 12 6
F7
512
86 87 7
87 88 7
88 83 7
83 82 7
82 81 7
81 80 7
80 79 7
79 92 7
F8
1024
58 19 8
19 15 8
15 13 8
13 11 8
11 8 8
8 10 8
10 7 8
F9
1024
95 76 9
76 77 9
77 63 9
63 49 9
49 50 9
50 22 9
22 18 9
F10
1024
2 15 10
15 14 10
14 11 10
11 12 10
12 47 10
47 61 10
61 75 10
