F1
256
27 29 1
29 32 1
32 36 1
36 35 1
35 55 1
F2
256
58 19 2
19 15 2
15 13 2
13 11 2
11 8 2
8 10 2
10 7 2
F3
512
44 19 3
19 15 3
15 14 3
14 11 3
11 12 3
12 47 3
47 48 3
48 49 3
F4
1024
43 38 4
38 40 4
40 36 4
36 32 4
32 29 4
29 27 4
27 26 4
F5
1024
84 83 5
83 82 5
82 81 5
81 90 5
F6
1024
45 42 6
42 39 6
39 40 6
40 36 6
36 37 6
37 33 6
33 98 6
F7
1024
44 19 7
19 15 7
15 14 7
14 11 7
11 12 7
12 47 7
47 48 7
48 49 7
F8
1024
1 13 8
13 11 8
11 12 8
12 47 8
47 61 8
61 60 8
F9
1024
57 56 9
56 55 9
55 35 9
35 36 9
36 32 9
32 29 9
29 30 9
F10
1024
23 20 10
20 17 10
17 14 10
14 11 10
11 12 10
12 16 10
