F1
256
59 39 1
39 40 1
40 36 1
36 37 1
37 33 1
33 98 1
F2
256
84 83 2
83 82 2
82 81 2
81 90 2
F3
256
66 80 3
80 81 3
81 82 3
82 68 3
F4
256
21 19 4
19 17 4
17 14 4
14 11 4
11 8 4
8 5 4
F5
256
88 83 5
83 69 5
69 55 5
55 54 5
54 53 5
F6
512
86 87 6
87 88 6
88 83 6
83 82 6
82 81 6
81 80 6
80 79 6
79 92 6
F7
512
69 68 7
68 82 7
82 81 7
81 80 7
F8
1024
59 39 8
39 40 8
40 36 8
36 37 8
37 33 8
33 98 8
F9
1024
2 15 9
15 14 9
14 11 9
11 12 9
12 47 9
47 61 9
61 75 9
F10
1024
1 13 10
13 11 10
11 12 10
12 47 10
47 61 10
61 60 10
