F1
256
54 68 1
68 82 1
82 81 1
81 80 1
80 79 1
F2
256
4 9 2
9 8 2
8 11 2
11 12 2
12 47 2
47 46 2
F3
256
57 56 3
56 55 3
55 35 3
35 36 3
36 32 3
32 29 3
29 30 3
F4
256
42 41 4
41 40 4
40 36 4
36 37 4
37 73 4
73 98 4
98 100 4
F5
256
52 51 5
51 50 5
50 49 5
49 63 5
63 64 5
64 65 5
F6
256
85 84 6
84 83 6
83 82 6
82 81 6
81 80 6
80 91 6
F7
256
86 87 7
87 88 7
88 83 7
83 82 7
82 81 7
81 80 7
80 79 7
79 92 7
F8
1024
56 55 8
55 54 8
54 68 8
68 82 8
82 81 8
81 67 8
F9
1024
21 19 9
19 17 9
17 14 9
14 11 9
11 8 9
8 5 9
F10
1024
50 64 10
64 63 10
63 77 10
77 76 10
