F1
256
50 64 1
64 63 1
63 77 1
77 76 1
F2
256
88 83 2
83 69 2
69 55 2
55 54 2
54 53 2
F3
512
85 84 3
84 83 3
83 82 3
82 81 3
81 80 3
80 91 3
F4
512
66 80 4
80 81 4
81 82 4
82 68 4
F5
512
51 50 5
50 49 5
49 63 5
63 64 5
F6
512
85 84 6
84 83 6
83 82 6
82 81 6
81 80 6
80 91 6
F7
1024
85 84 7
84 83 7
83 82 7
82 81 7
81 80 7
80 91 7
F8
1024
74 75 8
75 76 8
76 77 8
77 63 8
63 64 8
64 78 8
78 77 8
77 94 8
F9
1024
45 42 9
42 39 9
39 40 9
40 36 9
36 37 9
37 33 9
33 98 9
F10
1024
50 64 10
64 63 10
63 77 10
77 76 10
