F1
256
93 78 1
78 64 1
64 63 1
63 49 1
49 18 1
18 16 1
16 12 1
F2
256
72 20 2
20 17 2
17 14 2
14 11 2
11 8 2
8 9 2
9 6 2
F3
256
54 68 3
68 82 3
82 81 3
81 80 3
80 79 3
F4
256
96 95 4
95 76 4
75 77 4
77 63 4
63 49 4
49 18 4
18 17 4
17 20 4
F5
512
22 50 5
50 49 5
49 63 5
63 62 5
62 61 5
F6
512
44 19 6
19 15 6
15 14 6
14 11 6
11 12 6
12 47 6
47 48 6
48 49 6
F7
512
72 20 7
20 17 7
17 14 7
14 11 7
11 8 7
8 9 7
9 6 7
F8
1024
57 56 8
56 55 8
55 35 8
35 36 8
36 32 8
32 29 8
29 30 8
F9
1024
9 8 9
8 11 9
11 14 9
14 15 9
F10
1024
54 68 10
68 82 10
82 81 10
81 80 10
80 79 10
