F1
256
9 8 1
8 11 1
11 14 1
14 15 1
F2
256
95 76 2
76 77 2
77 63 2
63 49 2
49 50 2
50 22 2
22 18 2
F3
256
1 13 3
13 11 3
11 12 3
12 47 3
47 61 3
61 60 3
F4
512
97 76 4
76 77 4
77 63 4
63 49 4
49 48 4
48 16 4
16 14 4
F5
512
3 6 5
6 9 5
9 13 5
13 11 5
11 14 5
14 16 5
16 48 5
48 62 5
F6
512
50 64 6
64 63 6
63 77 6
77 76 6
F7
512
66 80 7
80 81 7
81 82 7
82 68 7
F8
512
72 20 8
20 17 8
17 14 8
14 11 8
11 8 8
8 9 8
9 6 8
F9
1024
21 19 9
19 17 9
17 14 9
14 11 9
11 8 9
8 5 9
F10
1024
57 56 10
56 55 10
55 35 10
35 36 10
36 32 10
32 29 10
29 30 10
