F1
256
87 84 1
84 83 1
83 82 1
82 89 1
F2
256
56 55 2
55 54 2
54 68 2
68 82 2
82 81 2
81 67 2
F3
256
96 95 3
95 76 3
75 77 3
77 63 3
63 49 3
49 18 3
18 17 3
17 20 3
F4
256
85 84 4
84 83 4
83 82 4
82 81 4
81 80 4
80 91 4
F5
512
66 80 5
80 81 5
81 82 5
82 68 5
F6
512
84 83 6
83 82 6
82 81 6
81 90 6
F7
512
95 76 7
76 77 7
77 63 7
63 49 7
49 50 7
50 22 7
22 18 7
F8
1024
3 6 8
6 9 8
9 13 8
13 11 8
11 14 8
14 16 8
16 48 8
48 62 8
F9
1024
27 29 9
29 32 9
32 36 9
36 35 9
35 55 9
F10
1024
50 64 10
64 63 10
63 77 10
77 76 10
