F1
256
22 50 1
50 49 1
49 63 1
63 62 1
62 61 1
F2
256
57 56 2
56 55 2
55 35 2
35 36 2
36 32 2
32 29 2
29 30 2
F3
256
44 19 3
19 15 3
15 14 3
14 11 3
11 12 3
12 47 3
47 48 3
48 49 3
F4
256
70 69 4
69 68 4
68 82 4
82 81 4
F5
256
95 76 5
76 77 5
77 63 5
63 49 5
49 50 5
50 22 5
22 18 5
F6
512
19 15 6
15 13 6
13 11 6
11 12 6
12 10 6
F7
512
84 83 7
83 82 7
82 81 7
81 90 7
F8
1024
2 15 8
15 14 8
14 11 8
11 12 8
12 47 8
47 61 8
61 75 8
F9
1024
27 29 9
29 32 9
32 36 9
36 35 9
35 55 9
F10
1024
59 39 10
39 40 10
40 36 10
36 37 10
37 33 10
33 98 10
