F1
256
93 78 1
78 64 1
64 63 1
63 49 1
49 18 1
18 16 1
16 12 1
F2
256
84 83 2
83 82 2
82 81 2
81 90 2
F3
512
19 15 3
15 13 3
13 11 3
11 12 3
12 10 3
F4
512
1 13 4
13 11 4
11 12 4
12 47 4
47 61 4
61 60 4
F5
512
74 75 5
75 76 5
76 77 5
77 63 5
63 64 5
64 78 5
78 77 5
77 94 5
F6
512
1 13 6
13 11 6
11 12 6
12 47 6
47 61 6
61 60 6
F7
1024
9 8 7
8 11 7
11 14 7
14 15 7
F8
1024
45 42 8
42 39 8
39 40 8
40 36 8
36 37 8
37 33 8
33 98 8
F9
1024
95 76 9
76 77 9
77 63 9
63 49 9
49 50 9
50 22 9
22 18 9
F10
1024
66 80 10
80 81 10
81 82 10
82 68 10
