F1
256
83 82 1
82 68 1
68 54 1
54 34 1
F2
512
88 83 2
83 69 2
69 55 2
55 54 2
54 53 2
F3
512
88 83 3
83 69 3
69 55 3
55 54 3
54 53 3
F4
512
50 64 4
64 63 4
63 77 4
77 76 4
F5
512
17 18 5
18 49 5
49 63 5
63 77 5
F6
1024
45 42 6
42 39 6
39 40 6
40 36 6
36 37 6
37 33 6
33 98 6
F7
1024
85 84 7
84 83 7
83 82 7
82 81 7
81 80 7
80 91 7
F8
1024
95 76 8
76 77 8
77 63 8
63 49 8
49 50 8
50 22 8
22 18 8
F9
1024
71 56 9
56 38 9
38 40 9
40 36 9
36 32 9
32 34 9
34 31 9
31 28 9
F10
1024
59 39 10
39 40 10
40 36 10
36 37 10
37 33 10
33 98 10
