F1
256
45 42 1
42 39 1
39 40 1
40 36 1
36 37 1
37 33 1
33 98 1
F2
256
43 38 2
38 40 2
40 36 2
36 32 2
32 29 2
29 27 2
27 26 2
F3
256
21 19 3
19 17 3
17 14 3
14 11 3
11 8 3
8 5 3
F4
256
41 40 4
40 36 4
36 37 4
37 73 4
F5
512
3 6 5
6 9 5
9 13 5
13 11 5
11 14 5
14 16 5
16 48 5
48 62 5
F6
512
42 41 6
41 40 6
40 36 6
36 37 6
37 73 6
73 98 6
98 100 6
F7
512
9 8 7
8 11 7
11 14 7
14 15 7
F8
1024
96 95 8
95 76 8
75 77 8
77 63 8
63 49 8
49 18 8
18 17 8
17 20 8
F9
1024
74 75 9
75 76 9
76 77 9
77 63 9
63 64 9
64 78 9
78 77 9
77 94 9
F10
1024
43 38 10
38 40 10
40 36 10
36 32 10
32 29 10
29 27 10
27 26 10
