F1
256
66 80 1
80 81 1
81 82 1
82 68 1
F2
256
23 20 2
20 17 2
17 14 2
14 11 2
11 12 2
12 16 2
F3
256
83 82 3
82 68 3
68 54 3
54 34 3
F4
256
22 50 4
50 49 4
49 63 4
63 62 4
62 61 4
F5
256
97 76 5
76 77 5
77 63 5
63 49 5
49 48 5
48 16 5
16 14 5
F6
256
72 20 6
20 17 6
17 14 6
14 11 6
11 8 6
8 9 6
9 6 6
F7
512
17 18 7
18 49 7
49 63 7
63 77 7
F8
1024
96 95 8
95 76 8
75 77 8
77 63 8
63 49 8
49 18 8
18 17 8
17 20 8
F9
1024
57 56 9
56 55 9
55 35 9
35 36 9
36 32 9
32 29 9
29 30 9
F10
1024
56 55 10
55 54 10
54 68 10
68 82 10
82 81 10
81 67 10
