F1
256
56 55 1
55 54 1
54 68 1
68 82 1
82 81 1
81 67 1
F2
256
22 50 2
50 49 2
49 63 2
63 62 2
62 61 2
F3
512
45 42 3
42 39 3
39 40 3
40 36 3
36 37 3
37 33 3
33 98 3
F4
512
19 15 4
15 13 4
13 11 4
11 12 4
12 10 4
F5
512
52 51 5
51 50 5
50 49 5
49 63 5
63 64 5
64 65 5
F6
512
44 19 6
19 15 6
15 14 6
14 11 6
11 12 6
12 47 6
47 48 6
48 49 6
F7
1024
57 56 7
56 55 7
55 35 7
35 36 7
36 32 7
32 29 7
29 30 7
F8
1024
70 69 8
69 68 8
68 82 8
82 81 8
F9
1024
83 82 9
82 68 9
68 54 9
54 34 9
F10
1024
71 56 10
56 38 10
38 40 10
40 36 10
36 32 10
32 34 10
34 31 10
31 28 10
