F1
256
71 56 1
56 38 1
38 40 1
40 36 1
36 32 1
32 34 1
34 31 1
31 28 1
F2
256
27 29 2
29 32 2
32 36 2
36 35 2
35 55 2
F3
256
70 69 3
69 68 3
68 82 3
82 81 3
F4
256
69 68 4
68 82 4
82 81 4
81 80 4
F5
512
97 76 5
76 77 5
77 63 5
63 49 5
49 48 5
48 16 5
16 14 5
F6
512
58 19 6
19 15 6
15 13 6
13 11 6
11 8 6
8 10 6
10 7 6
F7
1024
41 40 7
40 36 7
36 37 7
37 73 7
F8
1024
97 76 8
76 77 8
77 63 8
63 49 8
49 48 8
48 16 8
16 14 8
F9
1024
56 55 9
55 54 9
54 68 9
68 82 9
82 81 9
81 67 9
F10
1024
85 84 10
84 83 10
83 82 10
82 81 10
81 80 10
80 91 10
