F1
256
69 68 1
68 82 1
82 81 1
81 80 1
F2
256
3 6 2
6 9 2
9 13 2
13 11 2
11 14 2
14 16 2
16 48 2
48 62 2
F3
256
58 19 3
19 15 3
15 13 3
13 11 3
11 8 3
8 10 3
10 7 3
F4
512
69 68 4
68 82 4
82 81 4
81 80 4
F5
512
74 75 5
75 76 5
76 77 5
77 63 5
63 64 5
64 78 5
78 77 5
77 94 5
F6
512
58 19 6
19 15 6
15 13 6
13 11 6
11 8 6
8 10 6
10 7 6
F7
512
56 55 7
55 54 7
54 68 7
68 82 7
82 81 7
81 67 7
F8
512
51 50 8
50 49 8
49 63 8
63 64 8
F9
1024
72 20 9
20 17 9
17 14 9
14 11 9
11 8 9
8 9 9
9 6 9
F10
1024
27 29 10
29 32 10
32 36 10
36 35 10
35 55 10
