F1
256
69 68 1
68 82 1
82 81 1
81 80 1
F2
512
4 9 2
9 8 2
8 11 2
11 12 2
12 47 2
47 46 2
F3
512
21 19 3
19 17 3
17 14 3
14 11 3
11 8 3
8 5 3
F4
512
71 56 4
56 38 4
38 40 4
40 36 4
36 32 4
32 34 4
34 31 4
31 28 4
F5
512
95 76 5
76 77 5
77 63 5
63 49 5
49 50 5
50 22 5
22 18 5
F6
1024
23 20 6
20 17 6
17 14 6
14 11 6
11 12 6
12 16 6
F7
1024
56 55 7
55 54 7
54 68 7
68 82 7
82 81 7
81 67 7
F8
1024
50 64 8
64 63 8
63 77 8
77 76 8
F9
1024
45 42 9
42 39 9
39 40 9
40 36 9
36 37 9
37 33 9
33 98 9
F10
1024
44 19 10
19 15 10
15 14 10
14 11 10
11 12 10
12 47 10
47 48 10
48 49 10
