F1
256
52 51 1
51 50 1
50 49 1
49 63 1
63 64 1
64 65 1
F2
256
66 80 2
80 81 2
81 82 2
82 68 2
F3
256
52 51 3
51 50 3
50 49 3
49 63 3
63 64 3
64 65 3
F4
256
1 13 4
13 11 4
11 12 4
12 47 4
47 61 4
61 60 4
F5
512
22 50 5
50 49 5
49 63 5
63 62 5
62 61 5
F6
512
51 50 6
50 49 6
49 63 6
63 64 6
F7
1024
2 15 7
15 14 7
14 11 7
11 12 7
12 47 7
47 61 7
61 75 7
F8
1024
1 13 8
13 11 8
11 12 8
12 47 8
47 61 8
61 60 8
F9
1024
71 56 9
56 38 9
38 40 9
40 36 9
36 32 9
32 34 9
34 31 9
31 28 9
F10
1024
56 55 10
55 54 10
54 68 10
68 82 10
82 81 10
81 67 10
