F1
256
50 64 1
64 63 1
63 77 1
77 76 1
F2
256
45 42 2
42 39 2
39 40 2
40 36 2
36 37 2
37 33 2
33 98 2
F3
256
1 13 3
13 11 3
11 12 3
12 47 3
47 61 3
61 60 3
F4
256
22 50 4
50 49 4
49 63 4
63 62 4
62 61 4
F5
512
70 69 5
69 68 5
68 82 5
82 81 5
F6
512
19 15 6
15 13 6
13 11 6
11 12 6
12 10 6
F7
512
59 39 7
39 40 7
40 36 7
36 37 7
37 33 7
33 98 7
F8
512
1 13 8
13 11 8
11 12 8
12 47 8
47 61 8
61 60 8
F9
1024
85 84 9
84 83 9
83 82 9
82 81 9
81 80 9
80 91 9
F10
1024
56 55 10
55 54 10
54 68 10
68 82 10
82 81 10
81 67 10
