F1
256
74 75 1
75 76 1
76 77 1
77 63 1
63 64 1
64 78 1
78 77 1
77 94 1
F2
256
2 15 2
15 14 2
14 11 2
11 12 2
12 47 2
47 61 2
61 75 2
F3
256
74 75 3
75 76 3
76 77 3
77 63 3
63 64 3
64 78 3
78 77 3
77 94 3
F4
256
52 51 4
51 50 4
50 49 4
49 63 4
63 64 4
64 65 4
F5
256
56 55 5
55 54 5
54 68 5
68 82 5
82 81 5
81 67 5
F6
256
4 9 6
9 8 6
8 11 6
11 12 6
12 47 6
47 46 6
F7
512
69 68 7
68 82 7
82 81 7
81 80 7
F8
512
93 78 8
78 64 8
64 63 8
63 49 8
49 18 8
18 16 8
16 12 8
F9
512
51 50 9
50 49 9
49 63 9
63 64 9
F10
512
22 50 10
50 49 10
49 63 10
63 62 10
62 61 10
