F1
256
9 8 1
8 11 1
11 14 1
14 15 1
F2
256
58 19 2
19 15 2
15 13 2
13 11 2
11 8 2
8 10 2
10 7 2
F3
256
56 55 3
55 54 3
54 68 3
68 82 3
82 81 3
81 67 3
F4
256
66 80 4
80 81 4
81 82 4
82 68 4
F5
256
51 50 5
50 49 5
49 63 5
63 64 5
F6
512
66 80 6
80 81 6
81 82 6
82 68 6
F7
512
57 56 7
56 55 7
55 35 7
35 36 7
36 32 7
32 29 7
29 30 7
F8
1024
1 13 8
13 11 8
11 12 8
12 47 8
47 61 8
61 60 8
F9
1024
57 56 9
56 55 9
55 35 9
35 36 9
36 32 9
32 29 9
29 30 9
F10
1024
27 29 10
29 32 10
32 36 10
36 35 10
35 55 10
