F1
256
74 75 1
75 76 1
76 77 1
77 63 1
63 64 1
64 78 1
78 77 1
77 94 1
F2
256
97 76 2
76 77 2
77 63 2
63 49 2
49 48 2
48 16 2
16 14 2
F3
256
52 51 3
51 50 3
50 49 3
49 63 3
63 64 3
64 65 3
F4
256
85 84 4
84 83 4
83 82 4
82 81 4
81 80 4
80 91 4
F5
512
66 80 5
80 81 5
81 82 5
82 68 5
F6
512
27 29 6
29 32 6
32 36 6
36 35 6
35 55 6
F7
512
58 19 7
19 15 7
15 13 7
13 11 7
11 8 7
8 10 7
10 7 7
F8
1024
9 8 8
8 11 8
11 14 8
14 15 8
F9
1024
43 38 9
38 40 9
40 36 9
36 32 9
32 29 9
29 27 9
27 26 9
F10
1024
84 83 10
83 82 10
82 81 10
81 90 10
