F1
256
3 6 1
6 9 1
9 13 1
13 11 1
11 14 1
14 16 1
16 48 1
48 62 1
F2
256
56 55 2
55 54 2
54 68 2
68 82 2
82 81 2
81 67 2
F3
256
2 15 3
15 14 3
14 11 3
11 12 3
12 47 3
47 61 3
61 75 3
F4
512
9 8 4
8 11 4
11 14 4
14 15 4
F5
512
2 15 5
15 14 5
14 11 5
11 12 5
12 47 5
47 61 5
61 75 5
F6
512
41 40 6
40 36 6
36 37 6
37 73 6
F7
1024
1 13 7
13 11 7
11 12 7
12 47 7
47 61 7
61 60 7
F8
1024
71 56 8
56 38 8
38 40 8
40 36 8
36 32 8
32 34 8
34 31 8
31 28 8
F9
1024
86 87 9
87 88 9
88 83 9
83 82 9
82 81 9
81 80 9
80 79 9
79 92 9
F10
1024
27 29 10
29 32 10
32 36 10
36 35 10
35 55 10
