F1
256
96 95 1
95 76 1
75 77 1
77 63 1
63 49 1
49 18 1
18 17 1
17 20 1
F2
256
41 40 2
40 36 2
36 37 2
37 73 2
F3
256
2 15 3
15 14 3
14 11 3
11 12 3
12 47 3
47 61 3
61 75 3
F4
512
17 18 4
18 49 4
49 63 4
63 77 4
F5
512
19 15 5
15 13 5
13 11 5
11 12 5
12 10 5
F6
512
42 41 6
41 40 6
40 36 6
36 37 6
37 73 6
73 98 6
98 100 6
F7
512
59 39 7
39 40 7
40 36 7
36 37 7
37 33 7
33 98 7
F8
1024
83 82 8
82 68 8
68 54 8
54 34 8
F9
1024
71 56 9
56 38 9
38 40 9
40 36 9
36 32 9
32 34 9
34 31 9
31 28 9
F10
1024
72 20 10
20 17 10
17 14 10
14 11 10
11 8 10
8 9 10
9 6 10
