F1
256
44 19 1
19 15 1
15 14 1
14 11 1
11 12 1
12 47 1
47 48 1
48 49 1
F2
256
50 64 2
64 63 2
63 77 2
77 76 2
F3
256
83 82 3
82 68 3
68 54 3
54 34 3
F4
256
86 87 4
87 88 4
88 83 4
83 82 4
82 81 4
81 80 4
80 79 4
79 92 4
F5
512
2 15 5
15 14 5
14 11 5
11 12 5
12 47 5
47 61 5
61 75 5
F6
512
4 9 6
9 8 6
8 11 6
11 12 6
12 47 6
47 46 6
F7
1024
84 83 7
83 82 7
82 81 7
81 90 7
F8
1024
2 15 8
15 14 8
14 11 8
11 12 8
12 47 8
47 61 8
61 75 8
F9
1024
43 38 9
38 40 9
40 36 9
36 32 9
32 29 9
29 27 9
27 26 9
F10
1024
23 20 10
20 17 10
17 14 10
14 11 10
11 12 10
12 16 10
