F1
256
42 41 1
41 40 1
40 36 1
36 37 1
37 73 1
73 98 1
98 100 1
F2
256
87 84 2
84 83 2
83 82 2
82 89 2
F3
256
54 68 3
68 82 3
82 81 3
81 80 3
80 79 3
F4
512
3 6 4
6 9 4
9 13 4
13 11 4
11 14 4
14 16 4
16 48 4
48 62 4
F5
512
86 87 5
87 88 5
88 83 5
83 82 5
82 81 5
81 80 5
80 79 5
79 92 5
F6
512
41 40 6
40 36 6
36 37 6
37 73 6
F7
512
44 19 7
19 15 7
15 14 7
14 11 7
11 12 7
12 47 7
47 48 7
48 49 7
F8
1024
45 42 8
42 39 8
39 40 8
40 36 8
36 37 8
37 33 8
33 98 8
F9
1024
96 95 9
95 76 9
75 77 9
77 63 9
63 49 9
49 18 9
18 17 9
17 20 9
F10
1024
84 83 10
83 82 10
82 81 10
81 90 10
