F1
128
54 31 1
31 41 1
41 8 1
8 35 1
35 56 1
56 58 1
58 16 1
F2
128
46 52 2
52 58 2
58 11 2
11 16 2
16 21 2
21 24 2
24 15 2
F3
128
100 76 3
76 98 3
98 63 3
F4
128
47 33 4
33 50 4
50 39 4
F5
128
20 58 5
58 11 5
11 13 5
13 9 5
F6
128
21 16 6
16 11 6
11 14 6
F7
128
33 50 7
50 57 7
F8
128
46 52 8
52 58 8
58 11 8
11 16 8
16 21 8
21 24 8
24 15 8
F9
128
46 52 9
52 58 9
58 11 9
11 16 9
16 21 9
21 24 9
24 15 9
F10
128
80 78 10
78 93 10
93 68 10
68 76 10
76 100 10
100 91 10
F11
256
22 21 11
21 16 11
16 11 11
11 58 11
58 44 11
44 60 11
F12
256
80 78 12
78 93 12
93 68 12
68 76 12
76 100 12
100 91 12
F13
256
25 28 13
28 61 13
61 76 13
76 98 13
98 63 13
63 65 13
F14
256
80 78 14
78 93 14
93 68 14
68 76 14
76 100 14
100 91 14
F15
256
4 41 15
41 55 15
55 35 15
35 13 15
F16
256
22 18 16
18 14 16
14 11 16
11 58 16
58 52 16
52 71 16
F17
256
42 77 17
77 70 17
70 98 17
98 76 17
76 68 17
68 87 17
F18
256
89 87 18
87 68 18
68 76 18
76 61 18
F19
256
100 76 19
76 98 19
98 63 19
F20
512
92 96 20
96 93 20
93 68 20
68 76 20
76 82 20
82 95 20
F21
512
92 96 21
96 93 21
93 68 21
68 76 21
76 82 21
82 95 21
F22
512
18 14 22
14 11 22
11 56 22
56 83 22
83 49 22
49 69 22
F23
512
92 96 23
96 93 23
93 68 23
68 76 23
76 82 23
82 95 23
F24
1024
89 87 24
87 68 24
68 76 24
76 61 24
F25
1024
100 76 25
76 98 25
98 63 25
F26
1024
24 20 26
20 16 26
16 11 26
11 13 26
13 12 26
F27
1024
20 58 27
58 11 27
11 13 27
13 9 27
F28
1024
72 50 28
50 53 28
53 73 28
F29
1024
45 37 29
37 32 29
32 39 29
39 50 29
50 72 29
72 68 29
68 86 29
86 97 29
F30
1024
85 91 30
91 100 30
100 76 30
76 82 30
82 74 30
74 81 30
