F1
128
10 12 1
12 14 1
14 11 1
11 56 1
56 79 1
79 75 1
F2
128
26 21 2
21 16 2
16 11 2
11 58 2
58 56 2
56 83 2
F3
128
84 73 3
73 53 3
53 50 3
50 39 3
39 36 3
F4
128
94 97 4
97 86 4
86 68 4
68 76 4
76 82 4
82 74 4
F5
128
21 16 5
16 11 5
11 14 5
F6
256
22 18 6
18 14 6
14 11 6
11 58 6
58 52 6
52 71 6
F7
256
79 56 7
56 35 7
35 55 7
55 67 7
F8
256
4 41 8
41 55 8
55 35 8
35 13 8
F9
256
72 50 9
50 53 9
53 73 9
F10
256
4 41 10
41 55 10
55 35 10
35 13 10
F11
256
26 21 11
21 16 11
16 11 11
11 58 11
58 56 11
56 83 11
F12
256
10 12 12
12 14 12
14 11 12
11 56 12
56 79 12
79 75 12
F13
256
22 18 13
18 14 13
14 11 13
11 58 13
58 52 13
52 71 13
F14
512
100 76 14
76 98 14
98 63 14
F15
512
89 87 15
87 68 15
68 76 15
76 61 15
F16
512
22 18 16
18 14 16
14 11 16
11 58 16
58 52 16
52 71 16
F17
512
26 21 17
21 16 17
16 11 17
11 58 17
58 56 17
56 83 17
F18
512
79 56 18
56 35 18
35 55 18
55 67 18
F19
512
46 52 19
52 58 19
58 11 19
11 16 19
16 21 19
21 24 19
24 15 19
F20
1024
46 52 20
52 58 20
58 11 20
11 16 20
16 21 20
21 24 20
24 15 20
F21
1024
66 49 21
49 83 21
83 35 21
35 56 21
F22
1024
54 31 22
31 41 22
41 8 22
8 35 22
35 56 22
56 58 22
58 16 22
F23
1024
43 4 23
4 6 23
6 8 23
8 35 23
35 55 23
F24
1024
79 56 24
56 35 24
35 55 24
55 67 24
F25
1024
42 77 25
77 70 25
70 98 25
98 76 25
76 68 25
68 87 25
F26
1024
66 49 26
49 83 26
83 35 26
35 56 26
F27
1024
3 4 27
4 41 27
41 8 27
8 35 27
35 83 27
83 49 27
49 66 27
66 59 27
F28
1024
27 63 28
63 98 28
98 76 28
76 61 28
61 28 28
F29
1024
33 50 29
50 57 29
F30
1024
45 37 30
37 32 30
32 39 30
39 50 30
50 72 30
72 68 30
68 86 30
86 97 30
