F1
128
1 6 1
6 8 1
8 35 1
35 56 1
56 44 1
44 60 1
F2
128
20 58 2
58 11 2
11 13 2
13 9 2
F3
128
2 1 3
1 6 3
6 8 3
8 35 3
35 55 3
55 67 3
67 62 3
62 64 3
F4
128
18 14 4
14 11 4
11 56 4
56 83 4
83 49 4
49 69 4
F5
128
21 16 5
16 11 5
11 14 5
F6
128
5 7 6
7 9 6
9 13 6
13 11 6
11 16 6
16 21 6
21 26 6
26 19 6
F7
128
42 77 7
77 70 7
70 98 7
98 76 7
76 68 7
68 87 7
F8
128
24 20 8
20 16 8
16 11 8
11 13 8
13 12 8
F9
256
17 14 9
14 11 9
11 56 9
56 79 9
79 88 9
F10
256
24 20 10
20 16 10
16 11 10
11 13 10
13 12 10
F11
256
8 35 11
35 55 11
55 41 11
F12
256
72 50 12
50 53 12
53 73 12
F13
256
84 73 13
73 53 13
53 50 13
50 39 13
39 36 13
F14
256
92 96 14
96 93 14
93 68 14
68 76 14
76 82 14
82 95 14
F15
512
47 33 15
33 50 15
50 39 15
F16
512
99 89 16
89 87 16
87 53 16
53 50 16
50 33 16
33 32 16
32 29 16
F17
512
90 85 17
85 100 17
100 76 17
76 61 17
61 28 17
28 25 17
25 30 17
F18
512
37 32 18
32 39 18
39 50 18
50 28 18
28 23 18
23 40 18
F19
512
27 63 19
63 98 19
98 76 19
76 61 19
61 28 19
F20
512
22 18 20
18 14 20
14 11 20
11 58 20
58 52 20
52 71 20
F21
1024
27 63 21
63 98 21
98 76 21
76 61 21
61 28 21
F22
1024
48 34 22
34 33 22
33 50 22
50 53 22
53 73 22
73 51 22
F23
1024
24 20 23
20 16 23
16 11 23
11 13 23
13 12 23
F24
1024
45 37 24
37 32 24
32 39 24
39 50 24
50 72 24
72 68 24
68 86 24
86 97 24
F25
1024
43 4 25
4 6 25
6 8 25
8 35 25
35 55 25
F26
1024
46 52 26
52 58 26
58 11 26
11 16 26
16 21 26
21 24 26
24 15 26
F27
1024
45 37 27
37 32 27
32 39 27
39 50 27
50 72 27
72 68 27
68 86 27
86 97 27
F28
1024
46 52 28
52 58 28
58 11 28
11 16 28
16 21 28
21 24 28
24 15 28
F29
1024
22 18 29
18 14 29
14 11 29
11 58 29
58 52 29
52 71 29
F30
1024
79 56 30
56 35 30
35 55 30
55 67 30
