F1
128
94 97 1
97 86 1
86 68 1
68 76 1
76 82 1
82 74 1
F2
128
54 31 2
31 41 2
41 8 2
8 35 2
35 56 2
56 58 2
58 16 2
F3
128
89 87 3
87 68 3
68 76 3
76 61 3
F4
128
54 31 4
31 41 4
41 8 4
8 35 4
35 56 4
56 58 4
58 16 4
F5
128
1 6 5
6 8 5
8 35 5
35 56 5
56 44 5
44 60 5
F6
256
37 32 6
32 39 6
39 50 6
50 28 6
28 23 6
23 40 6
F7
256
72 50 7
50 53 7
53 73 7
F8
256
72 50 8
50 53 8
53 73 8
F9
256
46 52 9
52 58 9
58 11 9
11 16 9
16 21 9
21 24 9
24 15 9
F10
256
21 16 10
16 11 10
11 14 10
F11
256
42 77 11
77 70 11
70 98 11
98 76 11
76 68 11
68 87 11
F12
256
8 35 12
35 55 12
55 41 12
F13
256
10 12 13
12 14 13
14 11 13
11 56 13
56 79 13
79 75 13
F14
512
72 50 14
50 53 14
53 73 14
F15
512
3 4 15
4 41 15
41 8 15
8 35 15
35 83 15
83 49 15
49 66 15
66 59 15
F16
512
17 14 16
14 11 16
11 56 16
56 79 16
79 88 16
F17
512
46 52 17
52 58 17
58 11 17
11 16 17
16 21 17
21 24 17
24 15 17
F18
512
26 21 18
21 16 18
16 11 18
11 58 18
58 56 18
56 83 18
F19
512
90 85 19
85 100 19
100 76 19
76 61 19
61 28 19
28 25 19
25 30 19
F20
1024
10 12 20
12 14 20
14 11 20
11 56 20
56 79 20
79 75 20
F21
1024
54 31 21
31 41 21
41 8 21
8 35 21
35 56 21
56 58 21
58 16 21
F22
1024
37 32 22
32 39 22
39 50 22
50 28 22
28 23 22
23 40 22
F23
1024
80 78 23
78 93 23
93 68 23
68 76 23
76 100 23
100 91 23
F24
1024
3 4 24
4 41 24
41 8 24
8 35 24
35 83 24
83 49 24
49 66 24
66 59 24
F25
1024
10 12 25
12 14 25
14 11 25
11 56 25
56 79 25
79 75 25
F26
1024
2 1 26
1 6 26
6 8 26
8 35 26
35 55 26
55 67 26
67 62 26
62 64 26
F27
1024
2 1 27
1 6 27
6 8 27
8 35 27
35 55 27
55 67 27
67 62 27
62 64 27
F28
1024
5 7 28
7 9 28
9 13 28
13 11 28
11 16 28
16 21 28
21 26 28
26 19 28
F29
1024
22 18 29
18 14 29
14 11 29
11 58 29
58 52 29
52 71 29
F30
1024
18 14 30
14 11 30
11 56 30
56 83 30
83 49 30
49 69 30
