F1
128
5 7 1
7 9 1
9 13 1
13 11 1
11 16 1
16 21 1
21 26 1
26 19 1
F2
128
94 97 2
97 86 2
86 68 2
68 76 2
76 82 2
82 74 2
F3
128
18 14 3
14 11 3
11 56 3
56 83 3
83 49 3
49 69 3
F4
128
7 9 4
9 13 4
13 11 4
11 58 4
58 52 4
F5
128
89 87 5
87 68 5
68 76 5
76 61 5
F6
128
22 18 6
18 14 6
14 11 6
11 58 6
58 52 6
52 71 6
F7
128
54 31 7
31 41 7
41 8 7
8 35 7
35 56 7
56 58 7
58 16 7
F8
256
42 77 8
77 70 8
70 98 8
98 76 8
76 68 8
68 87 8
F9
256
10 12 9
12 14 9
14 11 9
11 56 9
56 79 9
79 75 9
F10
256
3 4 10
4 41 10
41 8 10
8 35 10
35 83 10
83 49 10
49 66 10
66 59 10
F11
256
42 77 11
77 70 11
70 98 11
98 76 11
76 68 11
68 87 11
F12
512
92 96 12
96 93 12
93 68 12
68 76 12
76 82 12
82 95 12
F13
512
8 35 13
35 55 13
55 41 13
F14
512
42 77 14
77 70 14
70 98 14
98 76 14
76 68 14
68 87 14
F15
512
20 58 15
58 11 15
11 13 15
13 9 15
F16
512
21 16 16
16 11 16
11 14 16
F17
512
48 34 17
34 33 17
33 50 17
50 53 17
53 73 17
73 51 17
F18
1024
99 89 18
89 87 18
87 53 18
53 50 18
50 33 18
33 32 18
32 29 18
F19
1024
3 4 19
4 41 19
41 8 19
8 35 19
35 83 19
83 49 19
49 66 19
66 59 19
F20
1024
18 14 20
14 11 20
11 56 20
56 83 20
83 49 20
49 69 20
F21
1024
100 76 21
76 98 21
98 63 21
F22
1024
33 50 22
50 57 22
F23
1024
3 4 23
4 41 23
41 8 23
8 35 23
35 83 23
83 49 23
49 66 23
66 59 23
F24
1024
18 14 24
14 11 24
11 56 24
56 83 24
83 49 24
49 69 24
F25
1024
89 87 25
87 68 25
68 76 25
76 61 25
F26
1024
4 41 26
41 55 26
55 35 26
35 13 26
F27
1024
66 49 27
49 83 27
83 35 27
35 56 27
F28
1024
1 6 28
6 8 28
8 35 28
35 56 28
56 44 28
44 60 28
F29
1024
46 52 29
52 58 29
58 11 29
11 16 29
16 21 29
21 24 29
24 15 29
F30
1024
72 50 30
50 53 30
53 73 30
