F1
128
66 49 1
49 83 1
83 35 1
35 56 1
F2
128
22 21 2
21 16 2
16 11 2
11 58 2
58 44 2
44 60 2
F3
128
24 20 3
20 16 3
16 11 3
11 13 3
13 12 3
F4
128
21 16 4
16 11 4
11 14 4
F5
128
46 52 5
52 58 5
58 11 5
11 16 5
16 21 5
21 24 5
24 15 5
F6
128
22 18 6
18 14 6
14 11 6
11 58 6
58 52 6
52 71 6
F7
128
21 16 7
16 11 7
11 14 7
F8
128
80 78 8
78 93 8
93 68 8
68 76 8
76 100 8
100 91 8
F9
256
94 97 9
97 86 9
86 68 9
68 76 9
76 82 9
82 74 9
F10
256
21 16 10
16 11 10
11 14 10
F11
256
92 96 11
96 93 11
93 68 11
68 76 11
76 82 11
82 95 11
F12
256
72 50 12
50 53 12
53 73 12
F13
256
48 34 13
34 33 13
33 50 13
50 53 13
53 73 13
73 51 13
F14
256
17 14 14
14 11 14
11 56 14
56 79 14
79 88 14
F15
256
26 21 15
21 16 15
16 11 15
11 58 15
58 56 15
56 83 15
F16
256
89 87 16
87 68 16
68 76 16
76 61 16
F17
256
27 63 17
63 98 17
98 76 17
76 61 17
61 28 17
F18
256
4 41 18
41 55 18
55 35 18
35 13 18
F19
512
54 31 19
31 41 19
41 8 19
8 35 19
35 56 19
56 58 19
58 16 19
F20
512
21 16 20
16 11 20
11 14 20
F21
512
99 89 21
89 87 21
87 53 21
53 50 21
50 33 21
33 32 21
32 29 21
F22
512
25 28 22
28 61 22
61 76 22
76 98 22
98 63 22
63 65 22
F23
512
20 58 23
58 11 23
11 13 23
13 9 23
F24
512
5 7 24
7 9 24
9 13 24
13 11 24
11 16 24
16 21 24
21 26 24
26 19 24
F25
512
85 91 25
91 100 25
100 76 25
76 82 25
82 74 25
74 81 25
F26
1024
18 14 26
14 11 26
11 56 26
56 83 26
83 49 26
49 69 26
F27
1024
45 37 27
37 32 27
32 39 27
39 50 27
50 72 27
72 68 27
68 86 27
86 97 27
F28
1024
48 34 28
34 33 28
33 50 28
50 53 28
53 73 28
73 51 28
F29
1024
1 6 29
6 8 29
8 35 29
35 56 29
56 44 29
44 60 29
F30
1024
20 58 30
58 11 30
11 13 30
13 9 30
