F1
128
42 77 1
77 70 1
70 98 1
98 76 1
76 68 1
68 87 1
F2
128
7 9 2
9 13 2
13 11 2
11 58 2
58 52 2
F3
128
25 28 3
28 61 3
61 76 3
76 98 3
98 63 3
63 65 3
F4
128
2 1 4
1 6 4
6 8 4
8 35 4
35 55 4
55 67 4
67 62 4
62 64 4
F5
128
72 50 5
50 53 5
53 73 5
F6
128
48 34 6
34 33 6
33 50 6
50 53 6
53 73 6
73 51 6
F7
256
54 31 7
31 41 7
41 8 7
8 35 7
35 56 7
56 58 7
58 16 7
F8
256
46 52 8
52 58 8
58 11 8
11 16 8
16 21 8
21 24 8
24 15 8
F9
256
89 87 9
87 68 9
68 76 9
76 61 9
F10
256
7 9 10
9 13 10
13 11 10
11 58 10
58 52 10
F11
256
100 76 11
76 98 11
98 63 11
F12
256
27 63 12
63 98 12
98 76 12
76 61 12
61 28 12
F13
256
22 21 13
21 16 13
16 11 13
11 58 13
58 44 13
44 60 13
F14
256
4 41 14
41 55 14
55 35 14
35 13 14
F15
256
90 85 15
85 100 15
100 76 15
76 61 15
61 28 15
28 25 15
25 30 15
F16
256
92 96 16
96 93 16
93 68 16
68 76 16
76 82 16
82 95 16
F17
512
84 73 17
73 53 17
53 50 17
50 39 17
39 36 17
F18
512
26 21 18
21 16 18
16 11 18
11 58 18
58 56 18
56 83 18
F19
512
94 97 19
97 86 19
86 68 19
68 76 19
76 82 19
82 74 19
F20
512
66 49 20
49 83 20
83 35 20
35 56 20
F21
512
20 58 21
58 11 21
11 13 21
13 9 21
F22
512
1 6 22
6 8 22
8 35 22
35 56 22
56 44 22
44 60 22
F23
512
10 12 23
12 14 23
14 11 23
11 56 23
56 79 23
79 75 23
F24
512
80 78 24
78 93 24
93 68 24
68 76 24
76 100 24
100 91 24
F25
512
46 52 25
52 58 25
58 11 25
11 16 25
16 21 25
21 24 25
24 15 25
F26
1024
90 85 26
85 100 26
100 76 26
76 61 26
61 28 26
28 25 26
25 30 26
F27
1024
90 85 27
85 100 27
100 76 27
76 61 27
61 28 27
28 25 27
25 30 27
F28
1024
66 49 28
49 83 28
83 35 28
35 56 28
F29
1024
80 78 29
78 93 29
93 68 29
68 76 29
76 100 29
100 91 29
F30
1024
45 37 30
37 32 30
32 39 30
39 50 30
50 72 30
72 68 30
68 86 30
86 97 30
