F1
128
37 32 1
32 39 1
39 50 1
50 28 1
28 23 1
23 40 1
F2
128
8 35 2
35 55 2
55 41 2
F3
128
79 56 3
56 35 3
35 55 3
55 67 3
F4
128
43 4 4
4 6 4
6 8 4
8 35 4
35 55 4
F5
128
99 89 5
89 87 5
87 53 5
53 50 5
50 33 5
33 32 5
32 29 5
F6
128
42 77 6
77 70 6
70 98 6
98 76 6
76 68 6
68 87 6
F7
128
92 96 7
96 93 7
93 68 7
68 76 7
76 82 7
82 95 7
F8
128
21 16 8
16 11 8
11 14 8
F9
128
45 37 9
37 32 9
32 39 9
39 50 9
50 72 9
72 68 9
68 86 9
86 97 9
F10
128
8 35 10
35 55 10
55 41 10
F11
128
80 78 11
78 93 11
93 68 11
68 76 11
76 100 11
100 91 11
F12
128
66 49 12
49 83 12
83 35 12
35 56 12
F13
256
7 9 13
9 13 13
13 11 13
11 58 13
58 52 13
F14
256
7 9 14
9 13 14
13 11 14
11 58 14
58 52 14
F15
256
66 49 15
49 83 15
83 35 15
35 56 15
F16
256
27 63 16
63 98 16
98 76 16
76 61 16
61 28 16
F17
512
20 58 17
58 11 17
11 13 17
13 9 17
F18
512
79 56 18
56 35 18
35 55 18
55 67 18
F19
512
22 18 19
18 14 19
14 11 19
11 58 19
58 52 19
52 71 19
F20
512
43 4 20
4 6 20
6 8 20
8 35 20
35 55 20
F21
512
20 58 21
58 11 21
11 13 21
13 9 21
F22
512
54 31 22
31 41 22
41 8 22
8 35 22
35 56 22
56 58 22
58 16 22
F23
512
7 9 23
9 13 23
13 11 23
11 58 23
58 52 23
F24
512
5 7 24
7 9 24
9 13 24
13 11 24
11 16 24
16 21 24
21 26 24
26 19 24
F25
1024
37 32 25
32 39 25
39 50 25
50 28 25
28 23 25
23 40 25
F26
1024
4 41 26
41 55 26
55 35 26
35 13 26
F27
1024
84 73 27
73 53 27
53 50 27
50 39 27
39 36 27
F28
1024
21 16 28
16 11 28
11 14 28
F29
1024
27 63 29
63 98 29
98 76 29
76 61 29
61 28 29
F30
1024
1 6 30
6 8 30
8 35 30
35 56 30
56 44 30
44 60 30
