F1
128
22 18 1
18 14 1
14 11 1
11 58 1
58 52 1
52 71 1
F2
128
80 78 2
78 93 2
93 68 2
68 76 2
76 100 2
100 91 2
F3
128
22 21 3
21 16 3
16 11 3
11 58 3
58 44 3
44 60 3
F4
128
5 7 4
7 9 4
9 13 4
13 11 4
11 16 4
16 21 4
21 26 4
26 19 4
F5
128
79 56 5
56 35 5
35 55 5
55 67 5
F6
128
48 34 6
34 33 6
33 50 6
50 53 6
53 73 6
73 51 6
F7
128
8 35 7
35 55 7
55 41 7
F8
256
66 49 8
49 83 8
83 35 8
35 56 8
F9
256
84 73 9
73 53 9
53 50 9
50 39 9
39 36 9
F10
256
47 33 10
33 50 10
50 39 10
F11
256
79 56 11
56 35 11
35 55 11
55 67 11
F12
256
38 47 12
47 53 12
53 50 12
50 72 12
72 68 12
68 93 12
F13
256
24 20 13
20 16 13
16 11 13
11 13 13
13 12 13
F14
256
84 73 14
73 53 14
53 50 14
50 39 14
39 36 14
F15
256
80 78 15
78 93 15
93 68 15
68 76 15
76 100 15
100 91 15
F16
512
47 33 16
33 50 16
50 39 16
F17
512
38 47 17
47 53 17
53 50 17
50 72 17
72 68 17
68 93 17
F18
512
8 35 18
35 55 18
55 41 18
F19
512
92 96 19
96 93 19
93 68 19
68 76 19
76 82 19
82 95 19
F20
512
80 78 20
78 93 20
93 68 20
68 76 20
76 100 20
100 91 20
F21
512
18 14 21
14 11 21
11 56 21
56 83 21
83 49 21
49 69 21
F22
512
5 7 22
7 9 22
9 13 22
13 11 22
11 16 22
16 21 22
21 26 22
26 19 22
F23
512
37 32 23
32 39 23
39 50 23
50 28 23
28 23 23
23 40 23
F24
512
21 16 24
16 11 24
11 14 24
F25
1024
22 21 25
21 16 25
16 11 25
11 58 25
58 44 25
44 60 25
F26
1024
66 49 26
49 83 26
83 35 26
35 56 26
F27
1024
66 49 27
49 83 27
83 35 27
35 56 27
F28
1024
99 89 28
89 87 28
87 53 28
53 50 28
50 33 28
33 32 28
32 29 28
F29
1024
90 85 29
85 100 29
100 76 29
76 61 29
61 28 29
28 25 29
25 30 29
F30
1024
38 47 30
47 53 30
53 50 30
50 72 30
72 68 30
68 93 30
