F1
128
100 76 1
76 98 1
98 63 1
F2
128
22 18 2
18 14 2
14 11 2
11 58 2
58 52 2
52 71 2
F3
128
84 73 3
73 53 3
53 50 3
50 39 3
39 36 3
F4
128
66 49 4
49 83 4
83 35 4
35 56 4
F5
128
72 50 5
50 53 5
53 73 5
F6
256
5 7 6
7 9 6
9 13 6
13 11 6
11 16 6
16 21 6
21 26 6
26 19 6
F7
256
22 18 7
18 14 7
14 11 7
11 58 7
58 52 7
52 71 7
F8
256
48 34 8
34 33 8
33 50 8
50 53 8
53 73 8
73 51 8
F9
256
54 31 9
31 41 9
41 8 9
8 35 9
35 56 9
56 58 9
58 16 9
F10
256
5 7 10
7 9 10
9 13 10
13 11 10
11 16 10
16 21 10
21 26 10
26 19 10
F11
256
25 28 11
28 61 11
61 76 11
76 98 11
98 63 11
63 65 11
F12
256
72 50 12
50 53 12
53 73 12
F13
256
20 58 13
58 11 13
11 13 13
13 9 13
F14
256
54 31 14
31 41 14
41 8 14
8 35 14
35 56 14
56 58 14
58 16 14
F15
512
22 21 15
21 16 15
16 11 15
11 58 15
58 44 15
44 60 15
F16
512
80 78 16
78 93 16
93 68 16
68 76 16
76 100 16
100 91 16
F17
512
33 50 17
50 57 17
F18
512
47 33 18
33 50 18
50 39 18
F19
512
54 31 19
31 41 19
41 8 19
8 35 19
35 56 19
56 58 19
58 16 19
F20
512
89 87 20
87 68 20
68 76 20
76 61 20
F21
512
48 34 21
34 33 21
33 50 21
50 53 21
53 73 21
73 51 21
F22
512
7 9 22
9 13 22
13 11 22
11 58 22
58 52 22
F23
512
48 34 23
34 33 23
33 50 23
50 53 23
53 73 23
73 51 23
F24
512
26 21 24
21 16 24
16 11 24
11 58 24
58 56 24
56 83 24
F25
1024
37 32 25
32 39 25
39 50 25
50 28 25
28 23 25
23 40 25
F26
1024
4 41 26
41 55 26
55 35 26
35 13 26
F27
1024
48 34 27
34 33 27
33 50 27
50 53 27
53 73 27
73 51 27
F28
1024
18 14 28
14 11 28
11 56 28
56 83 28
83 49 28
49 69 28
F29
1024
24 20 29
20 16 29
16 11 29
11 13 29
13 12 29
F30
1024
8 35 30
35 55 30
55 41 30
