F1
128
100 76 1
76 98 1
98 63 1
F2
128
72 50 2
50 53 2
53 73 2
F3
128
72 50 3
50 53 3
53 73 3
F4
128
66 49 4
49 83 4
83 35 4
35 56 4
F5
128
25 28 5
28 61 5
61 76 5
76 98 5
98 63 5
63 65 5
F6
128
92 96 6
96 93 6
93 68 6
68 76 6
76 82 6
82 95 6
F7
128
45 37 7
37 32 7
32 39 7
39 50 7
50 72 7
72 68 7
68 86 7
86 97 7
F8
256
100 76 8
76 98 8
98 63 8
F9
256
94 97 9
97 86 9
86 68 9
68 76 9
76 82 9
82 74 9
F10
256
46 52 10
52 58 10
58 11 10
11 16 10
16 21 10
21 24 10
24 15 10
F11
256
90 85 11
85 100 11
100 76 11
76 61 11
61 28 11
28 25 11
25 30 11
F12
256
2 1 12
1 6 12
6 8 12
8 35 12
35 55 12
55 67 12
67 62 12
62 64 12
F13
256
5 7 13
7 9 13
9 13 13
13 11 13
11 16 13
16 21 13
21 26 13
26 19 13
F14
256
7 9 14
9 13 14
13 11 14
11 58 14
58 52 14
F15
256
89 87 15
87 68 15
68 76 15
76 61 15
F16
512
10 12 16
12 14 16
14 11 16
11 56 16
56 79 16
79 75 16
F17
512
33 50 17
50 57 17
F18
512
22 21 18
21 16 18
16 11 18
11 58 18
58 44 18
44 60 18
F19
512
80 78 19
78 93 19
93 68 19
68 76 19
76 100 19
100 91 19
F20
512
10 12 20
12 14 20
14 11 20
11 56 20
56 79 20
79 75 20
F21
512
79 56 21
56 35 21
35 55 21
55 67 21
F22
512
20 58 22
58 11 22
11 13 22
13 9 22
F23
512
25 28 23
28 61 23
61 76 23
76 98 23
98 63 23
63 65 23
F24
1024
94 97 24
97 86 24
86 68 24
68 76 24
76 82 24
82 74 24
F25
1024
33 50 25
50 57 25
F26
1024
4 41 26
41 55 26
55 35 26
35 13 26
F27
1024
7 9 27
9 13 27
13 11 27
11 58 27
58 52 27
F28
1024
89 87 28
87 68 28
68 76 28
76 61 28
F29
1024
42 77 29
77 70 29
70 98 29
98 76 29
76 68 29
68 87 29
F30
1024
22 18 30
18 14 30
14 11 30
11 58 30
58 52 30
52 71 30
