F1
128
20 58 1
58 11 1
11 13 1
13 9 1
F2
128
47 33 2
33 50 2
50 39 2
F3
128
48 34 3
34 33 3
33 50 3
50 53 3
53 73 3
73 51 3
F4
128
45 37 4
37 32 4
32 39 4
39 50 4
50 72 4
72 68 4
68 86 4
86 97 4
F5
128
25 28 5
28 61 5
61 76 5
76 98 5
98 63 5
63 65 5
F6
128
26 21 6
21 16 6
16 11 6
11 58 6
58 56 6
56 83 6
F7
128
17 14 7
14 11 7
11 56 7
56 79 7
79 88 7
F8
128
24 20 8
20 16 8
16 11 8
11 13 8
13 12 8
F9
128
85 91 9
91 100 9
100 76 9
76 82 9
82 74 9
74 81 9
F10
128
90 85 10
85 100 10
100 76 10
76 61 10
61 28 10
28 25 10
25 30 10
F11
128
92 96 11
96 93 11
93 68 11
68 76 11
76 82 11
82 95 11
F12
128
8 35 12
35 55 12
55 41 12
F13
128
27 63 13
63 98 13
98 76 13
76 61 13
61 28 13
F14
256
54 31 14
31 41 14
41 8 14
8 35 14
35 56 14
56 58 14
58 16 14
F15
256
72 50 15
50 53 15
53 73 15
F16
256
42 77 16
77 70 16
70 98 16
98 76 16
76 68 16
68 87 16
F17
256
7 9 17
9 13 17
13 11 17
11 58 17
58 52 17
F18
256
22 18 18
18 14 18
14 11 18
11 58 18
58 52 18
52 71 18
F19
512
85 91 19
91 100 19
100 76 19
76 82 19
82 74 19
74 81 19
F20
512
2 1 20
1 6 20
6 8 20
8 35 20
35 55 20
55 67 20
67 62 20
62 64 20
F21
512
72 50 21
50 53 21
53 73 21
F22
512
89 87 22
87 68 22
68 76 22
76 61 22
F23
512
79 56 23
56 35 23
35 55 23
55 67 23
F24
1024
72 50 24
50 53 24
53 73 24
F25
1024
25 28 25
28 61 25
61 76 25
76 98 25
98 63 25
63 65 25
F26
1024
72 50 26
50 53 26
53 73 26
F27
1024
17 14 27
14 11 27
11 56 27
56 79 27
79 88 27
F28
1024
90 85 28
85 100 28
100 76 28
76 61 28
61 28 28
28 25 28
25 30 28
F29
1024
10 12 29
12 14 29
14 11 29
11 56 29
56 79 29
79 75 29
F30
1024
37 32 30
32 39 30
39 50 30
50 28 30
28 23 30
23 40 30
