F1
128
94 97 1
97 86 1
86 68 1
68 76 1
76 82 1
82 74 1
F2
128
2 1 2
1 6 2
6 8 2
8 35 2
35 55 2
55 67 2
67 62 2
62 64 2
F3
128
85 91 3
91 100 3
100 76 3
76 82 3
82 74 3
74 81 3
F4
128
47 33 4
33 50 4
50 39 4
F5
128
17 14 5
14 11 5
11 56 5
56 79 5
79 88 5
F6
128
54 31 6
31 41 6
41 8 6
8 35 6
35 56 6
56 58 6
58 16 6
F7
256
66 49 7
49 83 7
83 35 7
35 56 7
F8
256
100 76 8
76 98 8
98 63 8
F9
256
90 85 9
85 100 9
100 76 9
76 61 9
61 28 9
28 25 9
25 30 9
F10
256
47 33 10
33 50 10
50 39 10
F11
256
22 18 11
18 14 11
14 11 11
11 58 11
58 52 11
52 71 11
F12
256
94 97 12
97 86 12
86 68 12
68 76 12
76 82 12
82 74 12
F13
256
92 96 13
96 93 13
93 68 13
68 76 13
76 82 13
82 95 13
F14
256
4 41 14
41 55 14
55 35 14
35 13 14
F15
256
24 20 15
20 16 15
16 11 15
11 13 15
13 12 15
F16
256
85 91 16
91 100 16
100 76 16
76 82 16
82 74 16
74 81 16
F17
512
54 31 17
31 41 17
41 8 17
8 35 17
35 56 17
56 58 17
58 16 17
F18
512
79 56 18
56 35 18
35 55 18
55 67 18
F19
512
42 77 19
77 70 19
70 98 19
98 76 19
76 68 19
68 87 19
F20
512
72 50 20
50 53 20
53 73 20
F21
512
42 77 21
77 70 21
70 98 21
98 76 21
76 68 21
68 87 21
F22
512
33 50 22
50 57 22
F23
512
8 35 23
35 55 23
55 41 23
F24
512
7 9 24
9 13 24
13 11 24
11 58 24
58 52 24
F25
512
85 91 25
91 100 25
100 76 25
76 82 25
82 74 25
74 81 25
F26
512
18 14 26
14 11 26
11 56 26
56 83 26
83 49 26
49 69 26
F27
1024
20 58 27
58 11 27
11 13 27
13 9 27
F28
1024
24 20 28
20 16 28
16 11 28
11 13 28
13 12 28
F29
1024
37 32 29
32 39 29
39 50 29
50 28 29
28 23 29
23 40 29
F30
1024
66 49 30
49 83 30
83 35 30
35 56 30
