F1
128
47 33 1
33 50 1
50 39 1
F2
128
79 56 2
56 35 2
35 55 2
55 67 2
F3
128
89 87 3
87 68 3
68 76 3
76 61 3
F4
128
90 85 4
85 100 4
100 76 4
76 61 4
61 28 4
28 25 4
25 30 4
F5
128
84 73 5
73 53 5
53 50 5
50 39 5
39 36 5
F6
256
72 50 6
50 53 6
53 73 6
F7
256
2 1 7
1 6 7
6 8 7
8 35 7
35 55 7
55 67 7
67 62 7
62 64 7
F8
256
85 91 8
91 100 8
100 76 8
76 82 8
82 74 8
74 81 8
F9
256
45 37 9
37 32 9
32 39 9
39 50 9
50 72 9
72 68 9
68 86 9
86 97 9
F10
256
99 89 10
89 87 10
87 53 10
53 50 10
50 33 10
33 32 10
32 29 10
F11
256
100 76 11
76 98 11
98 63 11
F12
256
4 41 12
41 55 12
55 35 12
35 13 12
F13
256
4 41 13
41 55 13
55 35 13
35 13 13
F14
256
48 34 14
34 33 14
33 50 14
50 53 14
53 73 14
73 51 14
F15
256
66 49 15
49 83 15
83 35 15
35 56 15
F16
256
5 7 16
7 9 16
9 13 16
13 11 16
11 16 16
16 21 16
21 26 16
26 19 16
F17
512
47 33 17
33 50 17
50 39 17
F18
512
10 12 18
12 14 18
14 11 18
11 56 18
56 79 18
79 75 18
F19
512
37 32 19
32 39 19
39 50 19
50 28 19
28 23 19
23 40 19
F20
512
10 12 20
12 14 20
14 11 20
11 56 20
56 79 20
79 75 20
F21
512
89 87 21
87 68 21
68 76 21
76 61 21
F22
512
37 32 22
32 39 22
39 50 22
50 28 22
28 23 22
23 40 22
F23
512
1 6 23
6 8 23
8 35 23
35 56 23
56 44 23
44 60 23
F24
1024
22 18 24
18 14 24
14 11 24
11 58 24
58 52 24
52 71 24
F25
1024
22 21 25
21 16 25
16 11 25
11 58 25
58 44 25
44 60 25
F26
1024
20 58 26
58 11 26
11 13 26
13 9 26
F27
1024
20 58 27
58 11 27
11 13 27
13 9 27
F28
1024
48 34 28
34 33 28
33 50 28
50 53 28
53 73 28
73 51 28
F29
1024
10 12 29
12 14 29
14 11 29
11 56 29
56 79 29
79 75 29
F30
1024
54 31 30
31 41 30
41 8 30
8 35 30
35 56 30
56 58 30
58 16 30
