F1
128
80 78 1
78 93 1
93 68 1
68 76 1
76 100 1
100 91 1
F2
128
42 77 2
77 70 2
70 98 2
98 76 2
76 68 2
68 87 2
F3
128
20 58 3
58 11 3
11 13 3
13 9 3
F4
128
18 14 4
14 11 4
11 56 4
56 83 4
83 49 4
49 69 4
F5
128
90 85 5
85 100 5
100 76 5
76 61 5
61 28 5
28 25 5
25 30 5
F6
128
94 97 6
97 86 6
86 68 6
68 76 6
76 82 6
82 74 6
F7
128
17 14 7
14 11 7
11 56 7
56 79 7
79 88 7
F8
256
10 12 8
12 14 8
14 11 8
11 56 8
56 79 8
79 75 8
F9
256
92 96 9
96 93 9
93 68 9
68 76 9
76 82 9
82 95 9
F10
256
43 4 10
4 6 10
6 8 10
8 35 10
35 55 10
F11
256
100 76 11
76 98 11
98 63 11
F12
256
20 58 12
58 11 12
11 13 12
13 9 12
F13
256
24 20 13
20 16 13
16 11 13
11 13 13
13 12 13
F14
256
10 12 14
12 14 14
14 11 14
11 56 14
56 79 14
79 75 14
F15
256
85 91 15
91 100 15
100 76 15
76 82 15
82 74 15
74 81 15
F16
256
90 85 16
85 100 16
100 76 16
76 61 16
61 28 16
28 25 16
25 30 16
F17
512
46 52 17
52 58 17
58 11 17
11 16 17
16 21 17
21 24 17
24 15 17
F18
512
26 21 18
21 16 18
16 11 18
11 58 18
58 56 18
56 83 18
F19
512
4 41 19
41 55 19
55 35 19
35 13 19
F20
512
42 77 20
77 70 20
70 98 20
98 76 20
76 68 20
68 87 20
F21
512
80 78 21
78 93 21
93 68 21
68 76 21
76 100 21
100 91 21
F22
1024
21 16 22
16 11 22
11 14 22
F23
1024
24 20 23
20 16 23
16 11 23
11 13 23
13 12 23
F24
1024
90 85 24
85 100 24
100 76 24
76 61 24
61 28 24
28 25 24
25 30 24
F25
1024
18 14 25
14 11 25
11 56 25
56 83 25
83 49 25
49 69 25
F26
1024
45 37 26
37 32 26
32 39 26
39 50 26
50 72 26
72 68 26
68 86 26
86 97 26
F27
1024
42 77 27
77 70 27
70 98 27
98 76 27
76 68 27
68 87 27
F28
1024
33 50 28
50 57 28
F29
1024
89 87 29
87 68 29
68 76 29
76 61 29
F30
1024
17 14 30
14 11 30
11 56 30
56 79 30
79 88 30
