F1
128
79 56 1
56 35 1
35 55 1
55 67 1
F2
128
7 9 2
9 13 2
13 11 2
11 58 2
58 52 2
F3
128
54 31 3
31 41 3
41 8 3
8 35 3
35 56 3
56 58 3
58 16 3
F4
128
33 50 4
50 57 4
F5
128
47 33 5
33 50 5
50 39 5
F6
128
22 18 6
18 14 6
14 11 6
11 58 6
58 52 6
52 71 6
F7
256
47 33 7
33 50 7
50 39 7
F8
256
85 91 8
91 100 8
100 76 8
76 82 8
82 74 8
74 81 8
F9
256
42 77 9
77 70 9
70 98 9
98 76 9
76 68 9
68 87 9
F10
256
90 85 10
85 100 10
100 76 10
76 61 10
61 28 10
28 25 10
25 30 10
F11
256
17 14 11
14 11 11
11 56 11
56 79 11
79 88 11
F12
256
100 76 12
76 98 12
98 63 12
F13
512
3 4 13
4 41 13
41 8 13
8 35 13
35 83 13
83 49 13
49 66 13
66 59 13
F14
512
46 52 14
52 58 14
58 11 14
11 16 14
16 21 14
21 24 14
24 15 14
F15
512
3 4 15
4 41 15
41 8 15
8 35 15
35 83 15
83 49 15
49 66 15
66 59 15
F16
512
72 50 16
50 53 16
53 73 16
F17
512
66 49 17
49 83 17
83 35 17
35 56 17
F18
512
38 47 18
47 53 18
53 50 18
50 72 18
72 68 18
68 93 18
F19
512
10 12 19
12 14 19
14 11 19
11 56 19
56 79 19
79 75 19
F20
512
42 77 20
77 70 20
70 98 20
98 76 20
76 68 20
68 87 20
F21
512
54 31 21
31 41 21
41 8 21
8 35 21
35 56 21
56 58 21
58 16 21
F22
512
2 1 22
1 6 22
6 8 22
8 35 22
35 55 22
55 67 22
67 62 22
62 64 22
F23
512
37 32 23
32 39 23
39 50 23
50 28 23
28 23 23
23 40 23
F24
512
47 33 24
33 50 24
50 39 24
F25
1024
3 4 25
4 41 25
41 8 25
8 35 25
35 83 25
83 49 25
49 66 25
66 59 25
F26
1024
25 28 26
28 61 26
61 76 26
76 98 26
98 63 26
63 65 26
F27
1024
47 33 27
33 50 27
50 39 27
F28
1024
89 87 28
87 68 28
68 76 28
76 61 28
F29
1024
79 56 29
56 35 29
35 55 29
55 67 29
F30
1024
80 78 30
78 93 30
93 68 30
68 76 30
76 100 30
100 91 30
