F1
128
27 63 1
63 98 1
98 76 1
76 61 1
61 28 1
F2
128
79 56 2
56 35 2
35 55 2
55 67 2
F3
128
27 63 3
63 98 3
98 76 3
76 61 3
61 28 3
F4
128
45 37 4
37 32 4
32 39 4
39 50 4
50 72 4
72 68 4
68 86 4
86 97 4
F5
256
66 49 5
49 83 5
83 35 5
35 56 5
F6
256
27 63 6
63 98 6
98 76 6
76 61 6
61 28 6
F7
256
46 52 7
52 58 7
58 11 7
11 16 7
16 21 7
21 24 7
24 15 7
F8
256
27 63 8
63 98 8
98 76 8
76 61 8
61 28 8
F9
256
24 20 9
20 16 9
16 11 9
11 13 9
13 12 9
F10
256
99 89 10
89 87 10
87 53 10
53 50 10
50 33 10
33 32 10
32 29 10
F11
256
100 76 11
76 98 11
98 63 11
F12
256
72 50 12
50 53 12
53 73 12
F13
256
18 14 13
14 11 13
11 56 13
56 83 13
83 49 13
49 69 13
F14
512
5 7 14
7 9 14
9 13 14
13 11 14
11 16 14
16 21 14
21 26 14
26 19 14
F15
512
38 47 15
47 53 15
53 50 15
50 72 15
72 68 15
68 93 15
F16
512
17 14 16
14 11 16
11 56 16
56 79 16
79 88 16
F17
512
45 37 17
37 32 17
32 39 17
39 50 17
50 72 17
72 68 17
68 86 17
86 97 17
F18
512
79 56 18
56 35 18
35 55 18
55 67 18
F19
512
1 6 19
6 8 19
8 35 19
35 56 19
56 44 19
44 60 19
F20
512
33 50 20
50 57 20
F21
512
22 18 21
18 14 21
14 11 21
11 58 21
58 52 21
52 71 21
F22
1024
3 4 22
4 41 22
41 8 22
8 35 22
35 83 22
83 49 22
49 66 22
66 59 22
F23
1024
89 87 23
87 68 23
68 76 23
76 61 23
F24
1024
10 12 24
12 14 24
14 11 24
11 56 24
56 79 24
79 75 24
F25
1024
89 87 25
87 68 25
68 76 25
76 61 25
F26
1024
46 52 26
52 58 26
58 11 26
11 16 26
16 21 26
21 24 26
24 15 26
F27
1024
22 21 27
21 16 27
16 11 27
11 58 27
58 44 27
44 60 27
F28
1024
84 73 28
73 53 28
53 50 28
50 39 28
39 36 28
F29
1024
89 87 29
87 68 29
68 76 29
76 61 29
F30
1024
18 14 30
14 11 30
11 56 30
56 83 30
83 49 30
49 69 30
