F1
128
90 85 1
85 100 1
100 76 1
76 61 1
61 28 1
28 25 1
25 30 1
F2
128
22 21 2
21 16 2
16 11 2
11 58 2
58 44 2
44 60 2
F3
128
18 14 3
14 11 3
11 56 3
56 83 3
83 49 3
49 69 3
F4
128
89 87 4
87 68 4
68 76 4
76 61 4
F5
128
89 87 5
87 68 5
68 76 5
76 61 5
F6
256
10 12 6
12 14 6
14 11 6
11 56 6
56 79 6
79 75 6
F7
256
2 1 7
1 6 7
6 8 7
8 35 7
35 55 7
55 67 7
67 62 7
62 64 7
F8
256
79 56 8
56 35 8
35 55 8
55 67 8
F9
256
72 50 9
50 53 9
53 73 9
F10
256
38 47 10
47 53 10
53 50 10
50 72 10
72 68 10
68 93 10
F11
256
46 52 11
52 58 11
58 11 11
11 16 11
16 21 11
21 24 11
24 15 11
F12
256
48 34 12
34 33 12
33 50 12
50 53 12
53 73 12
73 51 12
F13
512
22 21 13
21 16 13
16 11 13
11 58 13
58 44 13
44 60 13
F14
512
48 34 14
34 33 14
33 50 14
50 53 14
53 73 14
73 51 14
F15
512
90 85 15
85 100 15
100 76 15
76 61 15
61 28 15
28 25 15
25 30 15
F16
512
37 32 16
32 39 16
39 50 16
50 28 16
28 23 16
23 40 16
F17
512
79 56 17
56 35 17
35 55 17
55 67 17
F18
512
18 14 18
14 11 18
11 56 18
56 83 18
83 49 18
49 69 18
F19
512
100 76 19
76 98 19
98 63 19
F20
1024
79 56 20
56 35 20
35 55 20
55 67 20
F21
1024
100 76 21
76 98 21
98 63 21
F22
1024
84 73 22
73 53 22
53 50 22
50 39 22
39 36 22
F23
1024
7 9 23
9 13 23
13 11 23
11 58 23
58 52 23
F24
1024
54 31 24
31 41 24
41 8 24
8 35 24
35 56 24
56 58 24
58 16 24
F25
1024
54 31 25
31 41 25
41 8 25
8 35 25
35 56 25
56 58 25
58 16 25
F26
1024
45 37 26
37 32 26
32 39 26
39 50 26
50 72 26
72 68 26
68 86 26
86 97 26
F27
1024
27 63 27
63 98 27
98 76 27
76 61 27
61 28 27
F28
1024
2 1 28
1 6 28
6 8 28
8 35 28
35 55 28
55 67 28
67 62 28
62 64 28
F29
1024
21 16 29
16 11 29
11 14 29
F30
1024
47 33 30
33 50 30
50 39 30
