F1
128
10 12 1
12 14 1
14 11 1
11 56 1
56 79 1
79 75 1
F2
128
84 73 2
73 53 2
53 50 2
50 39 2
39 36 2
F3
128
42 77 3
77 70 3
70 98 3
98 76 3
76 68 3
68 87 3
F4
128
37 32 4
32 39 4
39 50 4
50 28 4
28 23 4
23 40 4
F5
128
24 20 5
20 16 5
16 11 5
11 13 5
13 12 5
F6
128
42 77 6
77 70 6
70 98 6
98 76 6
76 68 6
68 87 6
F7
128
94 97 7
97 86 7
86 68 7
68 76 7
76 82 7
82 74 7
F8
128
25 28 8
28 61 8
61 76 8
76 98 8
98 63 8
63 65 8
F9
128
5 7 9
7 9 9
9 13 9
13 11 9
11 16 9
16 21 9
21 26 9
26 19 9
F10
256
100 76 10
76 98 10
98 63 10
F11
256
26 21 11
21 16 11
16 11 11
11 58 11
58 56 11
56 83 11
F12
256
94 97 12
97 86 12
86 68 12
68 76 12
76 82 12
82 74 12
F13
256
5 7 13
7 9 13
9 13 13
13 11 13
11 16 13
16 21 13
21 26 13
26 19 13
F14
256
100 76 14
76 98 14
98 63 14
F15
256
1 6 15
6 8 15
8 35 15
35 56 15
56 44 15
44 60 15
F16
256
2 1 16
1 6 16
6 8 16
8 35 16
35 55 16
55 67 16
67 62 16
62 64 16
F17
256
38 47 17
47 53 17
53 50 17
50 72 17
72 68 17
68 93 17
F18
512
100 76 18
76 98 18
98 63 18
F19
512
38 47 19
47 53 19
53 50 19
50 72 19
72 68 19
68 93 19
F20
512
47 33 20
33 50 20
50 39 20
F21
512
33 50 21
50 57 21
F22
512
3 4 22
4 41 22
41 8 22
8 35 22
35 83 22
83 49 22
49 66 22
66 59 22
F23
512
48 34 23
34 33 23
33 50 23
50 53 23
53 73 23
73 51 23
F24
1024
72 50 24
50 53 24
53 73 24
F25
1024
22 21 25
21 16 25
16 11 25
11 58 25
58 44 25
44 60 25
F26
1024
90 85 26
85 100 26
100 76 26
76 61 26
61 28 26
28 25 26
25 30 26
F27
1024
80 78 27
78 93 27
93 68 27
68 76 27
76 100 27
100 91 27
F28
1024
25 28 28
28 61 28
61 76 28
76 98 28
98 63 28
63 65 28
F29
1024
22 21 29
21 16 29
16 11 29
11 58 29
58 44 29
44 60 29
F30
1024
37 32 30
32 39 30
39 50 30
50 28 30
28 23 30
23 40 30
