F1
128
20 58 1
58 11 1
11 13 1
13 9 1
F2
128
22 18 2
18 14 2
14 11 2
11 58 2
58 52 2
52 71 2
F3
128
17 14 3
14 11 3
11 56 3
56 79 3
79 88 3
F4
128
33 50 4
50 57 4
F5
128
89 87 5
87 68 5
68 76 5
76 61 5
F6
256
37 32 6
32 39 6
39 50 6
50 28 6
28 23 6
23 40 6
F7
256
10 12 7
12 14 7
14 11 7
11 56 7
56 79 7
79 75 7
F8
256
37 32 8
32 39 8
39 50 8
50 28 8
28 23 8
23 40 8
F9
256
22 18 9
18 14 9
14 11 9
11 58 9
58 52 9
52 71 9
F10
256
45 37 10
37 32 10
32 39 10
39 50 10
50 72 10
72 68 10
68 86 10
86 97 10
F11
256
10 12 11
12 14 11
14 11 11
11 56 11
56 79 11
79 75 11
F12
256
17 14 12
14 11 12
11 56 12
56 79 12
79 88 12
F13
256
26 21 13
21 16 13
16 11 13
11 58 13
58 56 13
56 83 13
F14
512
25 28 14
28 61 14
61 76 14
76 98 14
98 63 14
63 65 14
F15
512
10 12 15
12 14 15
14 11 15
11 56 15
56 79 15
79 75 15
F16
512
90 85 16
85 100 16
100 76 16
76 61 16
61 28 16
28 25 16
25 30 16
F17
512
89 87 17
87 68 17
68 76 17
76 61 17
F18
512
99 89 18
89 87 18
87 53 18
53 50 18
50 33 18
33 32 18
32 29 18
F19
512
99 89 19
89 87 19
87 53 19
53 50 19
50 33 19
33 32 19
32 29 19
F20
512
5 7 20
7 9 20
9 13 20
13 11 20
11 16 20
16 21 20
21 26 20
26 19 20
F21
512
45 37 21
37 32 21
32 39 21
39 50 21
50 72 21
72 68 21
68 86 21
86 97 21
F22
512
4 41 22
41 55 22
55 35 22
35 13 22
F23
1024
85 91 23
91 100 23
100 76 23
76 82 23
82 74 23
74 81 23
F24
1024
20 58 24
58 11 24
11 13 24
13 9 24
F25
1024
85 91 25
91 100 25
100 76 25
76 82 25
82 74 25
74 81 25
F26
1024
42 77 26
77 70 26
70 98 26
98 76 26
76 68 26
68 87 26
F27
1024
8 35 27
35 55 27
55 41 27
F28
1024
100 76 28
76 98 28
98 63 28
F29
1024
3 4 29
4 41 29
41 8 29
8 35 29
35 83 29
83 49 29
49 66 29
66 59 29
F30
1024
17 14 30
14 11 30
11 56 30
56 79 30
79 88 30
