F1
128
8 35 1
35 55 1
55 41 1
F2
128
38 47 2
47 53 2
53 50 2
50 72 2
72 68 2
68 93 2
F3
128
17 14 3
14 11 3
11 56 3
56 79 3
79 88 3
F4
256
1 6 4
6 8 4
8 35 4
35 56 4
56 44 4
44 60 4
F5
256
72 50 5
50 53 5
53 73 5
F6
256
27 63 6
63 98 6
98 76 6
76 61 6
61 28 6
F7
256
92 96 7
96 93 7
93 68 7
68 76 7
76 82 7
82 95 7
F8
256
79 56 8
56 35 8
35 55 8
55 67 8
F9
256
92 96 9
96 93 9
93 68 9
68 76 9
76 82 9
82 95 9
F10
256
79 56 10
56 35 10
35 55 10
55 67 10
F11
256
3 4 11
4 41 11
41 8 11
8 35 11
35 83 11
83 49 11
49 66 11
66 59 11
F12
256
17 14 12
14 11 12
11 56 12
56 79 12
79 88 12
F13
256
66 49 13
49 83 13
83 35 13
35 56 13
F14
256
22 21 14
21 16 14
16 11 14
11 58 14
58 44 14
44 60 14
F15
256
90 85 15
85 100 15
100 76 15
76 61 15
61 28 15
28 25 15
25 30 15
F16
512
10 12 16
12 14 16
14 11 16
11 56 16
56 79 16
79 75 16
F17
512
89 87 17
87 68 17
68 76 17
76 61 17
F18
512
10 12 18
12 14 18
14 11 18
11 56 18
56 79 18
79 75 18
F19
512
1 6 19
6 8 19
8 35 19
35 56 19
56 44 19
44 60 19
F20
512
85 91 20
91 100 20
100 76 20
76 82 20
82 74 20
74 81 20
F21
512
33 50 21
50 57 21
F22
512
22 18 22
18 14 22
14 11 22
11 58 22
58 52 22
52 71 22
F23
512
33 50 23
50 57 23
F24
512
66 49 24
49 83 24
83 35 24
35 56 24
F25
512
26 21 25
21 16 25
16 11 25
11 58 25
58 56 25
56 83 25
F26
1024
94 97 26
97 86 26
86 68 26
68 76 26
76 82 26
82 74 26
F27
1024
4 41 27
41 55 27
55 35 27
35 13 27
F28
1024
43 4 28
4 6 28
6 8 28
8 35 28
35 55 28
F29
1024
2 1 29
1 6 29
6 8 29
8 35 29
35 55 29
55 67 29
67 62 29
62 64 29
F30
1024
42 77 30
77 70 30
70 98 30
98 76 30
76 68 30
68 87 30
