F1
128
72 50 1
50 53 1
53 73 1
F2
128
20 58 2
58 11 2
11 13 2
13 9 2
F3
128
42 77 3
77 70 3
70 98 3
98 76 3
76 68 3
68 87 3
F4
128
66 49 4
49 83 4
83 35 4
35 56 4
F5
128
94 97 5
97 86 5
86 68 5
68 76 5
76 82 5
82 74 5
F6
128
54 31 6
31 41 6
41 8 6
8 35 6
35 56 6
56 58 6
58 16 6
F7
128
3 4 7
4 41 7
41 8 7
8 35 7
35 83 7
83 49 7
49 66 7
66 59 7
F8
256
46 52 8
52 58 8
58 11 8
11 16 8
16 21 8
21 24 8
24 15 8
F9
256
21 16 9
16 11 9
11 14 9
F10
256
38 47 10
47 53 10
53 50 10
50 72 10
72 68 10
68 93 10
F11
256
18 14 11
14 11 11
11 56 11
56 83 11
83 49 11
49 69 11
F12
512
33 50 12
50 57 12
F13
512
99 89 13
89 87 13
87 53 13
53 50 13
50 33 13
33 32 13
32 29 13
F14
512
89 87 14
87 68 14
68 76 14
76 61 14
F15
512
79 56 15
56 35 15
35 55 15
55 67 15
F16
512
17 14 16
14 11 16
11 56 16
56 79 16
79 88 16
F17
512
25 28 17
28 61 17
61 76 17
76 98 17
98 63 17
63 65 17
F18
512
25 28 18
28 61 18
61 76 18
76 98 18
98 63 18
63 65 18
F19
512
33 50 19
50 57 19
F20
1024
48 34 20
34 33 20
33 50 20
50 53 20
53 73 20
73 51 20
F21
1024
42 77 21
77 70 21
70 98 21
98 76 21
76 68 21
68 87 21
F22
1024
1 6 22
6 8 22
8 35 22
35 56 22
56 44 22
44 60 22
F23
1024
48 34 23
34 33 23
33 50 23
50 53 23
53 73 23
73 51 23
F24
1024
22 21 24
21 16 24
16 11 24
11 58 24
58 44 24
44 60 24
F25
1024
46 52 25
52 58 25
58 11 25
11 16 25
16 21 25
21 24 25
24 15 25
F26
1024
46 52 26
52 58 26
58 11 26
11 16 26
16 21 26
21 24 26
24 15 26
F27
1024
33 50 27
50 57 27
F28
1024
100 76 28
76 98 28
98 63 28
F29
1024
66 49 29
49 83 29
83 35 29
35 56 29
F30
1024
100 76 30
76 98 30
98 63 30
