F1
128
100 76 1
76 98 1
98 63 1
F2
128
85 91 2
91 100 2
100 76 2
76 82 2
82 74 2
74 81 2
F3
128
100 76 3
76 98 3
98 63 3
F4
128
25 28 4
28 61 4
61 76 4
76 98 4
98 63 4
63 65 4
F5
128
100 76 5
76 98 5
98 63 5
F6
128
45 37 6
37 32 6
32 39 6
39 50 6
50 72 6
72 68 6
68 86 6
86 97 6
F7
128
4 41 7
41 55 7
55 35 7
35 13 7
F8
128
47 33 8
33 50 8
50 39 8
F9
128
27 63 9
63 98 9
98 76 9
76 61 9
61 28 9
F10
256
33 50 10
50 57 10
F11
256
21 16 11
16 11 11
11 14 11
F12
256
22 18 12
18 14 12
14 11 12
11 58 12
58 52 12
52 71 12
F13
256
4 41 13
41 55 13
55 35 13
35 13 13
F14
256
79 56 14
56 35 14
35 55 14
55 67 14
F15
256
2 1 15
1 6 15
6 8 15
8 35 15
35 55 15
55 67 15
67 62 15
62 64 15
F16
512
10 12 16
12 14 16
14 11 16
11 56 16
56 79 16
79 75 16
F17
512
72 50 17
50 53 17
53 73 17
F18
512
46 52 18
52 58 18
58 11 18
11 16 18
16 21 18
21 24 18
24 15 18
F19
512
1 6 19
6 8 19
8 35 19
35 56 19
56 44 19
44 60 19
F20
512
5 7 20
7 9 20
9 13 20
13 11 20
11 16 20
16 21 20
21 26 20
26 19 20
F21
512
7 9 21
9 13 21
13 11 21
11 58 21
58 52 21
F22
512
45 37 22
37 32 22
32 39 22
39 50 22
50 72 22
72 68 22
68 86 22
86 97 22
F23
1024
17 14 23
14 11 23
11 56 23
56 79 23
79 88 23
F24
1024
1 6 24
6 8 24
8 35 24
35 56 24
56 44 24
44 60 24
F25
1024
92 96 25
96 93 25
93 68 25
68 76 25
76 82 25
82 95 25
F26
1024
89 87 26
87 68 26
68 76 26
76 61 26
F27
1024
80 78 27
78 93 27
93 68 27
68 76 27
76 100 27
100 91 27
F28
1024
3 4 28
4 41 28
41 8 28
8 35 28
35 83 28
83 49 28
49 66 28
66 59 28
F29
1024
46 52 29
52 58 29
58 11 29
11 16 29
16 21 29
21 24 29
24 15 29
F30
1024
7 9 30
9 13 30
13 11 30
11 58 30
58 52 30
