F1
128
20 58 1
58 11 1
11 13 1
13 9 1
F2
128
26 21 2
21 16 2
16 11 2
11 58 2
58 56 2
56 83 2
F3
128
94 97 3
97 86 3
86 68 3
68 76 3
76 82 3
82 74 3
F4
128
94 97 4
97 86 4
86 68 4
68 76 4
76 82 4
82 74 4
F5
128
18 14 5
14 11 5
11 56 5
56 83 5
83 49 5
49 69 5
F6
128
38 47 6
47 53 6
53 50 6
50 72 6
72 68 6
68 93 6
F7
128
10 12 7
12 14 7
14 11 7
11 56 7
56 79 7
79 75 7
F8
128
18 14 8
14 11 8
11 56 8
56 83 8
83 49 8
49 69 8
F9
256
8 35 9
35 55 9
55 41 9
F10
256
2 1 10
1 6 10
6 8 10
8 35 10
35 55 10
55 67 10
67 62 10
62 64 10
F11
256
4 41 11
41 55 11
55 35 11
35 13 11
F12
256
48 34 12
34 33 12
33 50 12
50 53 12
53 73 12
73 51 12
F13
256
47 33 13
33 50 13
50 39 13
F14
256
26 21 14
21 16 14
16 11 14
11 58 14
58 56 14
56 83 14
F15
256
46 52 15
52 58 15
58 11 15
11 16 15
16 21 15
21 24 15
24 15 15
F16
512
26 21 16
21 16 16
16 11 16
11 58 16
58 56 16
56 83 16
F17
512
54 31 17
31 41 17
41 8 17
8 35 17
35 56 17
56 58 17
58 16 17
F18
512
20 58 18
58 11 18
11 13 18
13 9 18
F19
512
47 33 19
33 50 19
50 39 19
F20
512
3 4 20
4 41 20
41 8 20
8 35 20
35 83 20
83 49 20
49 66 20
66 59 20
F21
512
99 89 21
89 87 21
87 53 21
53 50 21
50 33 21
33 32 21
32 29 21
F22
512
3 4 22
4 41 22
41 8 22
8 35 22
35 83 22
83 49 22
49 66 22
66 59 22
F23
512
18 14 23
14 11 23
11 56 23
56 83 23
83 49 23
49 69 23
F24
512
46 52 24
52 58 24
58 11 24
11 16 24
16 21 24
21 24 24
24 15 24
F25
1024
18 14 25
14 11 25
11 56 25
56 83 25
83 49 25
49 69 25
F26
1024
72 50 26
50 53 26
53 73 26
F27
1024
24 20 27
20 16 27
16 11 27
11 13 27
13 12 27
F28
1024
100 76 28
76 98 28
98 63 28
F29
1024
37 32 29
32 39 29
39 50 29
50 28 29
28 23 29
23 40 29
F30
1024
22 18 30
18 14 30
14 11 30
11 58 30
58 52 30
52 71 30
