F1
128
46 52 1
52 58 1
58 11 1
11 16 1
16 21 1
21 24 1
24 15 1
F2
128
37 32 2
32 39 2
39 50 2
50 28 2
28 23 2
23 40 2
F3
128
92 96 3
96 93 3
93 68 3
68 76 3
76 82 3
82 95 3
F4
128
43 4 4
4 6 4
6 8 4
8 35 4
35 55 4
F5
128
5 7 5
7 9 5
9 13 5
13 11 5
11 16 5
16 21 5
21 26 5
26 19 5
F6
128
25 28 6
28 61 6
61 76 6
76 98 6
98 63 6
63 65 6
F7
256
85 91 7
91 100 7
100 76 7
76 82 7
82 74 7
74 81 7
F8
256
66 49 8
49 83 8
83 35 8
35 56 8
F9
256
26 21 9
21 16 9
16 11 9
11 58 9
58 56 9
56 83 9
F10
256
4 41 10
41 55 10
55 35 10
35 13 10
F11
256
25 28 11
28 61 11
61 76 11
76 98 11
98 63 11
63 65 11
F12
256
66 49 12
49 83 12
83 35 12
35 56 12
F13
256
22 18 13
18 14 13
14 11 13
11 58 13
58 52 13
52 71 13
F14
256
20 58 14
58 11 14
11 13 14
13 9 14
F15
256
99 89 15
89 87 15
87 53 15
53 50 15
50 33 15
33 32 15
32 29 15
F16
512
46 52 16
52 58 16
58 11 16
11 16 16
16 21 16
21 24 16
24 15 16
F17
512
66 49 17
49 83 17
83 35 17
35 56 17
F18
512
43 4 18
4 6 18
6 8 18
8 35 18
35 55 18
F19
512
25 28 19
28 61 19
61 76 19
76 98 19
98 63 19
63 65 19
F20
512
43 4 20
4 6 20
6 8 20
8 35 20
35 55 20
F21
512
89 87 21
87 68 21
68 76 21
76 61 21
F22
512
38 47 22
47 53 22
53 50 22
50 72 22
72 68 22
68 93 22
F23
1024
33 50 23
50 57 23
F24
1024
10 12 24
12 14 24
14 11 24
11 56 24
56 79 24
79 75 24
F25
1024
43 4 25
4 6 25
6 8 25
8 35 25
35 55 25
F26
1024
18 14 26
14 11 26
11 56 26
56 83 26
83 49 26
49 69 26
F27
1024
54 31 27
31 41 27
41 8 27
8 35 27
35 56 27
56 58 27
58 16 27
F28
1024
10 12 28
12 14 28
14 11 28
11 56 28
56 79 28
79 75 28
F29
1024
94 97 29
97 86 29
86 68 29
68 76 29
76 82 29
82 74 29
F30
1024
84 73 30
73 53 30
53 50 30
50 39 30
39 36 30
