F1
128
84 73 1
73 53 1
53 50 1
50 39 1
39 36 1
F2
128
18 14 2
14 11 2
11 56 2
56 83 2
83 49 2
49 69 2
F3
128
72 50 3
50 53 3
53 73 3
F4
128
94 97 4
97 86 4
86 68 4
68 76 4
76 82 4
82 74 4
F5
128
1 6 5
6 8 5
8 35 5
35 56 5
56 44 5
44 60 5
F6
128
80 78 6
78 93 6
93 68 6
68 76 6
76 100 6
100 91 6
F7
256
4 41 7
41 55 7
55 35 7
35 13 7
F8
256
46 52 8
52 58 8
58 11 8
11 16 8
16 21 8
21 24 8
24 15 8
F9
256
26 21 9
21 16 9
16 11 9
11 58 9
58 56 9
56 83 9
F10
256
100 76 10
76 98 10
98 63 10
F11
256
10 12 11
12 14 11
14 11 11
11 56 11
56 79 11
79 75 11
F12
256
79 56 12
56 35 12
35 55 12
55 67 12
F13
256
3 4 13
4 41 13
41 8 13
8 35 13
35 83 13
83 49 13
49 66 13
66 59 13
F14
256
43 4 14
4 6 14
6 8 14
8 35 14
35 55 14
F15
256
2 1 15
1 6 15
6 8 15
8 35 15
35 55 15
55 67 15
67 62 15
62 64 15
F16
256
99 89 16
89 87 16
87 53 16
53 50 16
50 33 16
33 32 16
32 29 16
F17
512
20 58 17
58 11 17
11 13 17
13 9 17
F18
512
42 77 18
77 70 18
70 98 18
98 76 18
76 68 18
68 87 18
F19
512
22 18 19
18 14 19
14 11 19
11 58 19
58 52 19
52 71 19
F20
512
84 73 20
73 53 20
53 50 20
50 39 20
39 36 20
F21
512
10 12 21
12 14 21
14 11 21
11 56 21
56 79 21
79 75 21
F22
1024
22 18 22
18 14 22
14 11 22
11 58 22
58 52 22
52 71 22
F23
1024
99 89 23
89 87 23
87 53 23
53 50 23
50 33 23
33 32 23
32 29 23
F24
1024
10 12 24
12 14 24
14 11 24
11 56 24
56 79 24
79 75 24
F25
1024
47 33 25
33 50 25
50 39 25
F26
1024
26 21 26
21 16 26
16 11 26
11 58 26
58 56 26
56 83 26
F27
1024
89 87 27
87 68 27
68 76 27
76 61 27
F28
1024
94 97 28
97 86 28
86 68 28
68 76 28
76 82 28
82 74 28
F29
1024
90 85 29
85 100 29
100 76 29
76 61 29
61 28 29
28 25 29
25 30 29
F30
1024
94 97 30
97 86 30
86 68 30
68 76 30
76 82 30
82 74 30
