21 16 1
16 11 1
11 14 1
22 21 2
21 16 2
16 11 2
11 58 2
58 44 2
44 60 2
7 9 3
9 13 3
13 11 3
11 58 3
58 52 3
92 96 4
96 93 4
93 68 4
68 76 4
76 82 4
82 95 4
25 28 5
28 61 5
61 76 5
76 98 5
98 63 5
63 65 5
84 73 6
73 53 6
53 50 6
50 39 6
39 36 6
22 18 7
18 14 7
14 11 7
11 58 7
58 52 7
52 71 7
17 14 8
14 11 8
11 56 8
56 79 8
79 88 8
25 28 9
28 61 9
61 76 9
76 98 9
98 63 9
63 65 9
26 21 10
21 16 10
16 11 10
11 58 10
58 56 10
56 83 10
33 50 11
50 57 11
80 78 12
78 93 12
93 68 12
68 76 12
76 100 12
100 91 12
25 28 13
28 61 13
61 76 13
76 98 13
98 63 13
63 65 13
3 4 14
4 41 14
41 8 14
8 35 14
35 83 14
83 49 14
49 66 14
66 59 14
48 34 15
34 33 15
33 50 15
50 53 15
53 73 15
73 51 15
3 4 16
4 41 16
41 8 16
8 35 16
35 83 16
83 49 16
49 66 16
66 59 16
1 6 17
6 8 17
8 35 17
35 56 17
56 44 17
44 60 17
20 58 18
58 11 18
11 13 18
13 9 18
37 32 19
32 39 19
39 50 19
50 28 19
28 23 19
23 40 19
45 37 20
37 32 20
32 39 20
39 50 20
50 72 20
72 68 20
68 86 20
86 97 20
80 78 21
78 93 21
93 68 21
68 76 21
76 100 21
100 91 21
26 21 22
21 16 22
16 11 22
11 58 22
58 56 22
56 83 22
21 16 23
16 11 23
21 16 1
16 11 1
11 14 1
22 21 2
21 16 2
16 11 2
11 58 2
58 44 2
44 60 2
7 9 3
9 13 3
13 11 3
11 58 3
58 52 3
92 96 4
96 93 4
93 68 4
68 76 4
76 82 4
82 95 4
25 28 5
28 61 5
61 76 5
76 98 5
98 63 5
63 65 5
84 73 6
73 53 6
53 50 6
50 39 6
39 36 6
22 18 7
18 14 7
14 11 7
11 58 7
58 52 7
52 71 7
17 14 8
14 11 8
11 56 8
56 79 8
79 88 8
25 28 9
28 61 9
61 76 9
76 98 9
98 63 9
63 65 9
26 21 10
21 16 10
16 11 10
11 58 10
58 56 10
56 83 10
33 50 11
50 57 11
80 78 12
78 93 12
93 68 12
68 76 12
76 100 12
100 91 12
11 14 23
92 96 24
96 93 24
93 68 24
68 76 24
76 82 24
82 95 24
25 28 25
28 61 25
61 76 25
76 98 25
98 63 25
63 65 25
21 16 27
16 11 27
11 14 27
22 21 28
21 16 28
16 11 28
11 58 28
58 44 28
44 60 28
38 47 29
47 53 29
53 50 29
50 72 29
72 68 29
68 93 29
4 41 30
41 55 30
55 35 30
35 13 30
- - -
- - -
- - -
- - -
- - -
- - -
- - -
- - -
- - -
- - -
- - -
- - -
- - -
- - -
- - -
- - -
- - -
- - -
- - -
- - -
- - -
- - -
- - -
- - -
- - -
- - -
- - -
- - -
- - -
- - -
- - -
- - -
- - -
- - -
21 16 1
16 11 1
11 14 1
22 21 2
21 16 2
16 11 2
11 58 2
58 44 2
44 60 2
7 9 3
9 13 3
13 11 3
11 58 3
58 52 3
92 96 4
96 93 4
93 68 4
68 76 4
76 82 4
82 95 4
25 28 5
28 61 5
61 76 5
76 98 5
98 63 5
63 65 5
84 73 6
73 53 6
53 50 6
50 39 6
39 36 6
22 18 7
18 14 7
14 11 7
11 58 7
58 52 7
52 71 7
17 14 8
14 11 8
11 56 8
56 79 8
79 88 8
25 28 9
28 61 9
61 76 9
76 98 9
98 63 9
63 65 9
26 21 10
21 16 10
16 11 10
11 58 10
58 56 10
56 83 10
33 50 11
50 57 11
80 78 12
78 93 12
93 68 12
68 76 12
76 100 12
100 91 12
25 28 13
28 61 13
61 76 13
76 98 13
98 63 13
63 65 13
3 4 14
4 41 14
41 8 14
8 35 14
35 83 14
83 49 14
49 66 14
66 59 14
48 34 15
34 33 15
33 50 15
50 53 15
53 73 15
73 51 15
3 4 16
4 41 16
41 8 16
8 35 16
35 83 16
83 49 16
49 66 16
66 59 16
1 6 17
6 8 17
8 35 17
35 56 17
56 44 17
44 60 17
- - -
- - -
- - -
- - -
- - -
- - -
- - -
- - -
- - -
- - -
- - -
- - -
- - -
- - -
- - -
- - -
- - -
- - -
- - -
- - -
- - -
- - -
- - -
- - -
- - -
- - -
- - -
- - -
- - -
- - -
- - -
- - -
21 16 1
16 11 1
11 14 1
22 21 2
21 16 2
16 11 2
11 58 2
58 44 2
44 60 2
7 9 3
9 13 3
13 11 3
11 58 3
58 52 3
92 96 4
96 93 4
93 68 4
68 76 4
76 82 4
82 95 4
25 28 5
28 61 5
61 76 5
76 98 5
98 63 5
63 65 5
84 73 6
73 53 6
53 50 6
50 39 6
39 36 6
22 18 7
18 14 7
14 11 7
11 58 7
58 52 7
52 71 7
17 14 8
14 11 8
11 56 8
56 79 8
79 88 8
25 28 9
28 61 9
61 76 9
76 98 9
98 63 9
63 65 9
26 21 10
21 16 10
16 11 10
11 58 10
58 56 10
56 83 10
33 50 11
50 57 11
80 78 12
78 93 12
93 68 12
68 76 12
76 100 12
100 91 12
- - -
- - -
- - -
- - -
- - -
- - -
- - -
- - -
- - -
- - -
- - -
- - -
- - -
- - -
- - -
- - -
- - -
- - -
- - -
- - -
- - -
- - -
- - -
- - -
- - -
- - -
- - -
- - -
- - -
- - -
- - -
- - -
- - -
- - -
- - -
- - -
- - -
- - -
- - -
- - -
- - -
- - -
- - -
- - -
- - -
- - -
- - -
- - -
- - -
- - -
- - -
- - -
- - -
- - -
- - -
- - -
- - -
- - -
- - -
- - -
- - -
- - -
- - -
- - -
- - -
- - -
21 16 1
16 11 1
11 14 1
22 21 2
21 16 2
16 11 2
11 58 2
58 44 2
44 60 2
7 9 3
9 13 3
13 11 3
11 58 3
58 52 3
92 96 4
96 93 4
93 68 4
68 76 4
76 82 4
82 95 4
25 28 5
28 61 5
61 76 5
76 98 5
98 63 5
63 65 5
84 73 6
73 53 6
53 50 6
50 39 6
39 36 6
22 18 7
18 14 7
14 11 7
11 58 7
58 52 7
52 71 7
17 14 8
14 11 8
11 56 8
56 79 8
79 88 8
25 28 9
28 61 9
61 76 9
76 98 9
98 63 9
63 65 9
26 21 10
21 16 10
16 11 10
11 58 10
58 56 10
56 83 10
33 50 11
50 57 11
80 78 12
78 93 12
93 68 12
68 76 12
76 100 12
100 91 12
25 28 13
28 61 13
61 76 13
76 98 13
98 63 13
63 65 13
3 4 14
4 41 14
41 8 14
8 35 14
35 83 14
83 49 14
49 66 14
66 59 14
48 34 15
34 33 15
33 50 15
50 53 15
53 73 15
73 51 15
3 4 16
4 41 16
41 8 16
8 35 16
35 83 16
83 49 16
49 66 16
66 59 16
1 6 17
6 8 17
8 35 17
35 56 17
56 44 17
44 60 17
20 58 18
58 11 18
11 13 18
13 9 18
37 32 19
32 39 19
39 50 19
50 28 19
28 23 19
23 40 19
45 37 20
37 32 20
32 39 20
39 50 20
50 72 20
72 68 20
68 86 20
86 97 20
80 78 21
78 93 21
93 68 21
68 76 21
76 100 21
100 91 21
26 21 22
21 16 22
16 11 22
11 58 22
58 56 22
56 83 22
21 16 23
16 11 23
21 16 1
16 11 1
11 14 1
22 21 2
21 16 2
16 11 2
11 58 2
58 44 2
44 60 2
7 9 3
9 13 3
13 11 3
11 58 3
58 52 3
92 96 4
96 93 4
93 68 4
68 76 4
76 82 4
82 95 4
25 28 5
28 61 5
61 76 5
76 98 5
98 63 5
63 65 5
84 73 6
73 53 6
53 50 6
50 39 6
39 36 6
22 18 7
18 14 7
14 11 7
11 58 7
58 52 7
52 71 7
17 14 8
14 11 8
11 56 8
56 79 8
79 88 8
25 28 9
28 61 9
61 76 9
76 98 9
98 63 9
63 65 9
26 21 10
21 16 10
16 11 10
11 58 10
58 56 10
56 83 10
33 50 11
50 57 11
80 78 12
78 93 12
93 68 12
68 76 12
76 100 12
100 91 12
11 14 23
- - -
- - -
- - -
- - -
- - -
- - -
- - -
- - -
- - -
- - -
- - -
- - -
- - -
- - -
- - -
- - -
- - -
- - -
- - -
- - -
- - -
- - -
- - -
- - -
- - -
- - -
- - -
- - -
- - -
- - -
- - -
- - -
- - -
- - -
- - -
- - -
- - -
- - -
- - -
- - -
- - -
- - -
- - -
- - -
- - -
- - -
- - -
- - -
- - -
- - -
- - -
- - -
- - -
- - -
- - -
- - -
- - -
- - -
- - -
- - -
- - -
- - -
- - -
- - -
- - -
21 16 1
16 11 1
11 14 1
22 21 2
21 16 2
16 11 2
11 58 2
58 44 2
44 60 2
7 9 3
9 13 3
13 11 3
11 58 3
58 52 3
92 96 4
96 93 4
93 68 4
68 76 4
76 82 4
82 95 4
25 28 5
28 61 5
61 76 5
76 98 5
98 63 5
63 65 5
84 73 6
73 53 6
53 50 6
50 39 6
39 36 6
22 18 7
18 14 7
14 11 7
11 58 7
58 52 7
52 71 7
17 14 8
14 11 8
11 56 8
56 79 8
79 88 8
25 28 9
28 61 9
61 76 9
76 98 9
98 63 9
63 65 9
26 21 10
21 16 10
16 11 10
11 58 10
58 56 10
56 83 10
33 50 11
50 57 11
80 78 12
78 93 12
93 68 12
68 76 12
76 100 12
100 91 12
25 28 13
28 61 13
61 76 13
76 98 13
98 63 13
63 65 13
3 4 14
4 41 14
41 8 14
8 35 14
35 83 14
83 49 14
49 66 14
66 59 14
48 34 15
34 33 15
33 50 15
50 53 15
53 73 15
73 51 15
3 4 16
4 41 16
41 8 16
8 35 16
35 83 16
83 49 16
49 66 16
66 59 16
1 6 17
6 8 17
8 35 17
35 56 17
56 44 17
44 60 17
- - -
- - -
- - -
- - -
- - -
- - -
- - -
- - -
- - -
- - -
- - -
- - -
- - -
- - -
- - -
- - -
- - -
- - -
- - -
- - -
- - -
- - -
- - -
- - -
- - -
- - -
- - -
- - -
- - -
- - -
- - -
- - -
21 16 1
16 11 1
11 14 1
22 21 2
21 16 2
16 11 2
11 58 2
58 44 2
44 60 2
7 9 3
9 13 3
13 11 3
11 58 3
58 52 3
92 96 4
96 93 4
93 68 4
68 76 4
76 82 4
82 95 4
25 28 5
28 61 5
61 76 5
76 98 5
98 63 5
63 65 5
84 73 6
73 53 6
53 50 6
50 39 6
39 36 6
22 18 7
18 14 7
14 11 7
11 58 7
58 52 7
52 71 7
17 14 8
14 11 8
11 56 8
56 79 8
79 88 8
25 28 9
28 61 9
61 76 9
76 98 9
98 63 9
63 65 9
26 21 10
21 16 10
16 11 10
11 58 10
58 56 10
56 83 10
33 50 11
50 57 11
80 78 12
78 93 12
93 68 12
68 76 12
76 100 12
100 91 12
- - -
- - -
- - -
- - -
- - -
- - -
- - -
- - -
- - -
- - -
- - -
- - -
- - -
- - -
- - -
- - -
- - -
- - -
- - -
- - -
- - -
- - -
- - -
- - -
- - -
- - -
- - -
- - -
- - -
- - -
- - -
- - -
- - -
- - -
- - -
- - -
- - -
- - -
- - -
- - -
- - -
- - -
- - -
- - -
- - -
- - -
- - -
- - -
- - -
- - -
- - -
- - -
- - -
- - -
- - -
- - -
- - -
- - -
- - -
- - -
- - -
- - -
- - -
- - -
- - -
- - -
