90 85 1
85 100 1
100 76 1
76 61 1
61 28 1
28 25 1
25 30 1
25 28 2
28 61 2
61 76 2
76 98 2
98 63 2
63 65 2
37 32 3
32 39 3
39 50 3
50 28 3
28 23 3
23 40 3
43 4 4
4 6 4
6 8 4
8 35 4
35 55 4
100 76 5
76 98 5
98 63 5
26 21 6
21 16 6
16 11 6
11 58 6
58 56 6
56 83 6
2 1 7
1 6 7
6 8 7
8 35 7
35 55 7
55 67 7
67 62 7
62 64 7
47 33 8
33 50 8
50 39 8
17 14 9
14 11 9
11 56 9
56 79 9
79 88 9
89 87 10
87 68 10
68 76 10
76 61 10
92 96 11
96 93 11
93 68 11
68 76 11
76 82 11
82 95 11
43 4 12
4 6 12
6 8 12
8 35 12
35 55 12
85 91 13
91 100 13
100 76 13
76 82 13
82 74 13
74 81 13
79 56 14
56 35 14
35 55 14
55 67 14
3 4 15
4 41 15
41 8 15
8 35 15
35 83 15
83 49 15
49 66 15
66 59 15
92 96 16
96 93 16
93 68 16
68 76 16
76 82 16
82 95 16
99 89 17
89 87 17
87 53 17
53 50 17
50 33 17
33 32 17
32 29 17
48 34 18
34 33 18
33 50 18
50 53 18
53 73 18
73 51 18
72 50 19
50 53 19
53 73 19
4 41 20
41 55 20
55 35 20
35 13 20
90 85 21
85 100 21
100 76 21
76 61 21
61 28 21
28 25 21
25 30 21
48 34 22
34 33 22
33 50 22
50 53 22
53 73 22
73 51 22
89 87 23
87 68 23
68 76 23
76 61 23
80 78 24
78 93 24
93 68 24
90 85 1
85 100 1
100 76 1
76 61 1
61 28 1
28 25 1
25 30 1
25 28 2
28 61 2
61 76 2
76 98 2
98 63 2
63 65 2
37 32 3
32 39 3
39 50 3
50 28 3
28 23 3
23 40 3
43 4 4
4 6 4
6 8 4
8 35 4
35 55 4
100 76 5
76 98 5
98 63 5
26 21 6
21 16 6
16 11 6
11 58 6
58 56 6
56 83 6
2 1 7
1 6 7
6 8 7
8 35 7
35 55 7
55 67 7
67 62 7
62 64 7
47 33 8
33 50 8
50 39 8
17 14 9
14 11 9
11 56 9
56 79 9
79 88 9
89 87 10
87 68 10
68 76 10
76 61 10
92 96 11
96 93 11
93 68 11
68 76 11
76 82 11
82 95 11
43 4 12
4 6 12
6 8 12
8 35 12
35 55 12
68 76 24
76 100 24
100 91 24
17 14 25
14 11 25
11 56 25
56 79 25
79 88 25
66 49 26
49 83 26
83 35 26
35 56 26
46 52 27
52 58 27
58 11 27
11 16 27
16 21 27
21 24 27
24 15 27
94 97 28
97 86 28
86 68 28
68 76 28
76 82 28
82 74 28
47 33 29
33 50 29
50 39 29
10 12 30
12 14 30
14 11 30
11 56 30
56 79 30
79 75 30
- - -
- - -
- - -
- - -
- - -
- - -
- - -
- - -
- - -
- - -
- - -
- - -
- - -
- - -
- - -
- - -
- - -
- - -
- - -
- - -
- - -
- - -
- - -
- - -
- - -
- - -
- - -
- - -
- - -
- - -
90 85 1
85 100 1
100 76 1
76 61 1
61 28 1
28 25 1
25 30 1
25 28 2
28 61 2
61 76 2
76 98 2
98 63 2
63 65 2
37 32 3
32 39 3
39 50 3
50 28 3
28 23 3
23 40 3
43 4 4
4 6 4
6 8 4
8 35 4
35 55 4
100 76 5
76 98 5
98 63 5
26 21 6
21 16 6
16 11 6
11 58 6
58 56 6
56 83 6
2 1 7
1 6 7
6 8 7
8 35 7
35 55 7
55 67 7
67 62 7
62 64 7
47 33 8
33 50 8
50 39 8
17 14 9
14 11 9
11 56 9
56 79 9
79 88 9
89 87 10
87 68 10
68 76 10
76 61 10
92 96 11
96 93 11
93 68 11
68 76 11
76 82 11
82 95 11
43 4 12
4 6 12
6 8 12
8 35 12
35 55 12
85 91 13
91 100 13
100 76 13
76 82 13
82 74 13
74 81 13
79 56 14
56 35 14
35 55 14
55 67 14
3 4 15
4 41 15
41 8 15
8 35 15
35 83 15
83 49 15
49 66 15
66 59 15
92 96 16
96 93 16
93 68 16
68 76 16
76 82 16
82 95 16
- - -
- - -
- - -
- - -
- - -
- - -
- - -
- - -
- - -
- - -
- - -
- - -
- - -
- - -
- - -
- - -
- - -
- - -
- - -
- - -
- - -
- - -
- - -
- - -
- - -
- - -
- - -
- - -
- - -
- - -
- - -
- - -
- - -
- - -
- - -
- - -
- - -
- - -
- - -
- - -
90 85 1
85 100 1
100 76 1
76 61 1
61 28 1
28 25 1
25 30 1
25 28 2
28 61 2
61 76 2
76 98 2
98 63 2
63 65 2
37 32 3
32 39 3
39 50 3
50 28 3
28 23 3
23 40 3
43 4 4
4 6 4
6 8 4
8 35 4
35 55 4
100 76 5
76 98 5
98 63 5
26 21 6
21 16 6
16 11 6
11 58 6
58 56 6
56 83 6
2 1 7
1 6 7
6 8 7
8 35 7
35 55 7
55 67 7
67 62 7
62 64 7
47 33 8
33 50 8
50 39 8
17 14 9
14 11 9
11 56 9
56 79 9
79 88 9
89 87 10
87 68 10
68 76 10
76 61 10
92 96 11
96 93 11
93 68 11
68 76 11
76 82 11
82 95 11
43 4 12
4 6 12
6 8 12
8 35 12
35 55 12
- - -
- - -
- - -
- - -
- - -
- - -
- - -
- - -
- - -
- - -
- - -
- - -
- - -
- - -
- - -
- - -
- - -
- - -
- - -
- - -
- - -
- - -
- - -
- - -
- - -
- - -
- - -
- - -
- - -
- - -
- - -
- - -
- - -
- - -
- - -
- - -
- - -
- - -
- - -
- - -
- - -
- - -
- - -
- - -
- - -
- - -
- - -
- - -
- - -
- - -
- - -
- - -
- - -
- - -
- - -
- - -
- - -
- - -
- - -
- - -
- - -
- - -
- - -
- - -
90 85 1
85 100 1
100 76 1
76 61 1
61 28 1
28 25 1
25 30 1
25 28 2
28 61 2
61 76 2
76 98 2
98 63 2
63 65 2
37 32 3
32 39 3
39 50 3
50 28 3
28 23 3
23 40 3
43 4 4
4 6 4
6 8 4
8 35 4
35 55 4
100 76 5
76 98 5
98 63 5
26 21 6
21 16 6
16 11 6
11 58 6
58 56 6
56 83 6
2 1 7
1 6 7
6 8 7
8 35 7
35 55 7
55 67 7
67 62 7
62 64 7
47 33 8
33 50 8
50 39 8
17 14 9
14 11 9
11 56 9
56 79 9
79 88 9
89 87 10
87 68 10
68 76 10
76 61 10
92 96 11
96 93 11
93 68 11
68 76 11
76 82 11
82 95 11
43 4 12
4 6 12
6 8 12
8 35 12
35 55 12
85 91 13
91 100 13
100 76 13
76 82 13
82 74 13
74 81 13
79 56 14
56 35 14
35 55 14
55 67 14
3 4 15
4 41 15
41 8 15
8 35 15
35 83 15
83 49 15
49 66 15
66 59 15
92 96 16
96 93 16
93 68 16
68 76 16
76 82 16
82 95 16
99 89 17
89 87 17
87 53 17
53 50 17
50 33 17
33 32 17
32 29 17
48 34 18
34 33 18
33 50 18
50 53 18
53 73 18
73 51 18
72 50 19
50 53 19
53 73 19
4 41 20
41 55 20
55 35 20
35 13 20
90 85 21
85 100 21
100 76 21
76 61 21
61 28 21
28 25 21
25 30 21
48 34 22
34 33 22
33 50 22
50 53 22
53 73 22
73 51 22
89 87 23
87 68 23
68 76 23
76 61 23
- - -
- - -
- - -
90 85 1
85 100 1
100 76 1
76 61 1
61 28 1
28 25 1
25 30 1
25 28 2
28 61 2
61 76 2
76 98 2
98 63 2
63 65 2
37 32 3
32 39 3
39 50 3
50 28 3
28 23 3
23 40 3
43 4 4
4 6 4
6 8 4
8 35 4
35 55 4
100 76 5
76 98 5
98 63 5
26 21 6
21 16 6
16 11 6
11 58 6
58 56 6
56 83 6
2 1 7
1 6 7
6 8 7
8 35 7
35 55 7
55 67 7
67 62 7
62 64 7
47 33 8
33 50 8
50 39 8
17 14 9
14 11 9
11 56 9
56 79 9
79 88 9
89 87 10
87 68 10
68 76 10
76 61 10
92 96 11
96 93 11
93 68 11
68 76 11
76 82 11
82 95 11
43 4 12
4 6 12
6 8 12
8 35 12
35 55 12
- - -
- - -
- - -
- - -
- - -
- - -
- - -
- - -
- - -
- - -
- - -
- - -
- - -
- - -
- - -
- - -
- - -
- - -
- - -
- - -
- - -
- - -
- - -
- - -
- - -
- - -
- - -
- - -
- - -
- - -
- - -
- - -
- - -
- - -
- - -
- - -
- - -
- - -
- - -
- - -
- - -
- - -
- - -
- - -
- - -
- - -
- - -
- - -
- - -
- - -
- - -
- - -
- - -
- - -
- - -
- - -
- - -
- - -
- - -
- - -
- - -
- - -
- - -
- - -
90 85 1
85 100 1
100 76 1
76 61 1
61 28 1
28 25 1
25 30 1
25 28 2
28 61 2
61 76 2
76 98 2
98 63 2
63 65 2
37 32 3
32 39 3
39 50 3
50 28 3
28 23 3
23 40 3
43 4 4
4 6 4
6 8 4
8 35 4
35 55 4
100 76 5
76 98 5
98 63 5
26 21 6
21 16 6
16 11 6
11 58 6
58 56 6
56 83 6
2 1 7
1 6 7
6 8 7
8 35 7
35 55 7
55 67 7
67 62 7
62 64 7
47 33 8
33 50 8
50 39 8
17 14 9
14 11 9
11 56 9
56 79 9
79 88 9
89 87 10
87 68 10
68 76 10
76 61 10
92 96 11
96 93 11
93 68 11
68 76 11
76 82 11
82 95 11
43 4 12
4 6 12
6 8 12
8 35 12
35 55 12
85 91 13
91 100 13
100 76 13
76 82 13
82 74 13
74 81 13
79 56 14
56 35 14
35 55 14
55 67 14
3 4 15
4 41 15
41 8 15
8 35 15
35 83 15
83 49 15
49 66 15
66 59 15
92 96 16
96 93 16
93 68 16
68 76 16
76 82 16
82 95 16
- - -
- - -
- - -
- - -
- - -
- - -
- - -
- - -
- - -
- - -
- - -
- - -
- - -
- - -
- - -
- - -
- - -
- - -
- - -
- - -
- - -
- - -
- - -
- - -
- - -
- - -
- - -
- - -
- - -
- - -
- - -
- - -
- - -
- - -
- - -
- - -
- - -
- - -
- - -
- - -
90 85 1
85 100 1
100 76 1
76 61 1
61 28 1
28 25 1
25 30 1
25 28 2
28 61 2
61 76 2
76 98 2
98 63 2
63 65 2
37 32 3
32 39 3
39 50 3
50 28 3
28 23 3
23 40 3
43 4 4
4 6 4
6 8 4
8 35 4
35 55 4
100 76 5
76 98 5
98 63 5
26 21 6
21 16 6
16 11 6
11 58 6
58 56 6
56 83 6
2 1 7
1 6 7
6 8 7
8 35 7
35 55 7
55 67 7
67 62 7
62 64 7
47 33 8
33 50 8
50 39 8
17 14 9
14 11 9
11 56 9
56 79 9
79 88 9
89 87 10
87 68 10
68 76 10
76 61 10
92 96 11
96 93 11
93 68 11
68 76 11
76 82 11
82 95 11
43 4 12
4 6 12
6 8 12
8 35 12
35 55 12
- - -
- - -
- - -
- - -
- - -
- - -
- - -
- - -
- - -
- - -
- - -
- - -
- - -
- - -
- - -
- - -
- - -
- - -
- - -
- - -
- - -
- - -
- - -
- - -
- - -
- - -
- - -
- - -
- - -
- - -
- - -
- - -
- - -
- - -
- - -
- - -
- - -
- - -
- - -
- - -
- - -
- - -
- - -
- - -
- - -
- - -
- - -
- - -
- - -
- - -
- - -
- - -
- - -
- - -
- - -
- - -
- - -
- - -
- - -
- - -
- - -
- - -
- - -
- - -
