F1
256
99 89 1
89 87 1
87 53 1
53 50 1
50 33 1
33 32 1
32 29 1
F2
256
54 31 2
31 41 2
41 8 2
8 35 2
35 56 2
56 58 2
58 16 2
F3
256
4 41 3
41 55 3
55 35 3
35 13 3
F4
256
22 18 4
18 14 4
14 11 4
11 58 4
58 52 4
52 71 4
F5
256
22 21 5
21 16 5
16 11 5
11 58 5
58 44 5
44 60 5
F6
256
24 20 6
20 16 6
16 11 6
11 13 6
13 12 6
F7
512
92 96 7
96 93 7
93 68 7
68 76 7
76 82 7
82 95 7
F8
512
18 14 8
14 11 8
11 56 8
56 83 8
83 49 8
49 69 8
F9
512
42 77 9
77 70 9
70 98 9
98 76 9
76 68 9
68 87 9
F10
512
24 20 10
20 16 10
16 11 10
11 13 10
13 12 10
F11
512
22 21 11
21 16 11
16 11 11
11 58 11
58 44 11
44 60 11
F12
512
43 4 12
4 6 12
6 8 12
8 35 12
35 55 12
F13
1024
3 4 13
4 41 13
41 8 13
8 35 13
35 83 13
83 49 13
49 66 13
66 59 13
F14
1024
5 7 14
7 9 14
9 13 14
13 11 14
11 16 14
16 21 14
21 26 14
26 19 14
F15
1024
99 89 15
89 87 15
87 53 15
53 50 15
50 33 15
33 32 15
32 29 15
F16
1024
2 1 16
1 6 16
6 8 16
8 35 16
35 55 16
55 67 16
67 62 16
62 64 16
F17
1024
18 14 17
14 11 17
11 56 17
56 83 17
83 49 17
49 69 17
F18
1024
2 1 18
1 6 18
6 8 18
8 35 18
35 55 18
55 67 18
67 62 18
62 64 18
F19
1024
66 49 19
49 83 19
83 35 19
35 56 19
F20
1024
48 34 20
34 33 20
33 50 20
50 53 20
53 73 20
73 51 20
