F1
256
22 18 1
18 14 1
14 11 1
11 58 1
58 52 1
52 71 1
F2
256
27 63 2
63 98 2
98 76 2
76 61 2
61 28 2
F3
256
72 50 3
50 53 3
53 73 3
F4
256
8 35 4
35 55 4
55 41 4
F5
256
90 85 5
85 100 5
100 76 5
76 61 5
61 28 5
28 25 5
25 30 5
F6
256
85 91 6
91 100 6
100 76 6
76 82 6
82 74 6
74 81 6
F7
256
3 4 7
4 41 7
41 8 7
8 35 7
35 83 7
83 49 7
49 66 7
66 59 7
F8
256
1 6 8
6 8 8
8 35 8
35 56 8
56 44 8
44 60 8
F9
512
80 78 9
78 93 9
93 68 9
68 76 9
76 100 9
100 91 9
F10
512
90 85 10
85 100 10
100 76 10
76 61 10
61 28 10
28 25 10
25 30 10
F11
512
17 14 11
14 11 11
11 56 11
56 79 11
79 88 11
F12
512
4 41 12
41 55 12
55 35 12
35 13 12
F13
1024
7 9 13
9 13 13
13 11 13
11 58 13
58 52 13
F14
1024
3 4 14
4 41 14
41 8 14
8 35 14
35 83 14
83 49 14
49 66 14
66 59 14
F15
1024
18 14 15
14 11 15
11 56 15
56 83 15
83 49 15
49 69 15
F16
1024
84 73 16
73 53 16
53 50 16
50 39 16
39 36 16
F17
1024
66 49 17
49 83 17
83 35 17
35 56 17
F18
1024
85 91 18
91 100 18
100 76 18
76 82 18
82 74 18
74 81 18
F19
1024
72 50 19
50 53 19
53 73 19
F20
1024
80 78 20
78 93 20
93 68 20
68 76 20
76 100 20
100 91 20
