F1
256
8 35 1
35 55 1
55 41 1
F2
256
7 9 2
9 13 2
13 11 2
11 58 2
58 52 2
F3
256
84 73 3
73 53 3
53 50 3
50 39 3
39 36 3
F4
256
38 47 4
47 53 4
53 50 4
50 72 4
72 68 4
68 93 4
F5
256
5 7 5
7 9 5
9 13 5
13 11 5
11 16 5
16 21 5
21 26 5
26 19 5
F6
256
18 14 6
14 11 6
11 56 6
56 83 6
83 49 6
49 69 6
F7
256
5 7 7
7 9 7
9 13 7
13 11 7
11 16 7
16 21 7
21 26 7
26 19 7
F8
256
33 50 8
50 57 8
F9
256
84 73 9
73 53 9
53 50 9
50 39 9
39 36 9
F10
512
38 47 10
47 53 10
53 50 10
50 72 10
72 68 10
68 93 10
F11
512
46 52 11
52 58 11
58 11 11
11 16 11
16 21 11
21 24 11
24 15 11
F12
512
22 18 12
18 14 12
14 11 12
11 58 12
58 52 12
52 71 12
F13
512
72 50 13
50 53 13
53 73 13
F14
512
22 18 14
18 14 14
14 11 14
11 58 14
58 52 14
52 71 14
F15
512
20 58 15
58 11 15
11 13 15
13 9 15
F16
512
20 58 16
58 11 16
11 13 16
13 9 16
F17
512
22 21 17
21 16 17
16 11 17
11 58 17
58 44 17
44 60 17
F18
512
4 41 18
41 55 18
55 35 18
35 13 18
F19
512
47 33 19
33 50 19
50 39 19
F20
1024
8 35 20
35 55 20
55 41 20
