F1
256
89 87 1
87 68 1
68 76 1
76 61 1
F2
256
46 52 2
52 58 2
58 11 2
11 16 2
16 21 2
21 24 2
24 15 2
F3
256
92 96 3
96 93 3
93 68 3
68 76 3
76 82 3
82 95 3
F4
256
66 49 4
49 83 4
83 35 4
35 56 4
F5
512
54 31 5
31 41 5
41 8 5
8 35 5
35 56 5
56 58 5
58 16 5
F6
512
46 52 6
52 58 6
58 11 6
11 16 6
16 21 6
21 24 6
24 15 6
F7
512
33 50 7
50 57 7
F8
512
48 34 8
34 33 8
33 50 8
50 53 8
53 73 8
73 51 8
F9
512
92 96 9
96 93 9
93 68 9
68 76 9
76 82 9
82 95 9
F10
512
33 50 10
50 57 10
F11
1024
3 4 11
4 41 11
41 8 11
8 35 11
35 83 11
83 49 11
49 66 11
66 59 11
F12
1024
85 91 12
91 100 12
100 76 12
76 82 12
82 74 12
74 81 12
F13
1024
22 18 13
18 14 13
14 11 13
11 58 13
58 52 13
52 71 13
F14
1024
17 14 14
14 11 14
11 56 14
56 79 14
79 88 14
F15
1024
27 63 15
63 98 15
98 76 15
76 61 15
61 28 15
F16
1024
37 32 16
32 39 16
39 50 16
50 28 16
28 23 16
23 40 16
F17
1024
7 9 17
9 13 17
13 11 17
11 58 17
58 52 17
F18
1024
89 87 18
87 68 18
68 76 18
76 61 18
F19
1024
37 32 19
32 39 19
39 50 19
50 28 19
28 23 19
23 40 19
F20
1024
25 28 20
28 61 20
61 76 20
76 98 20
98 63 20
63 65 20
