F1
256
42 77 1
77 70 1
70 98 1
98 76 1
76 68 1
68 87 1
F2
256
20 58 2
58 11 2
11 13 2
13 9 2
F3
256
22 21 3
21 16 3
16 11 3
11 58 3
58 44 3
44 60 3
F4
256
37 32 4
32 39 4
39 50 4
50 28 4
28 23 4
23 40 4
F5
256
3 4 5
4 41 5
41 8 5
8 35 5
35 83 5
83 49 5
49 66 5
66 59 5
F6
512
48 34 6
34 33 6
33 50 6
50 53 6
53 73 6
73 51 6
F7
512
38 47 7
47 53 7
53 50 7
50 72 7
72 68 7
68 93 7
F8
512
27 63 8
63 98 8
98 76 8
76 61 8
61 28 8
F9
512
100 76 9
76 98 9
98 63 9
F10
512
80 78 10
78 93 10
93 68 10
68 76 10
76 100 10
100 91 10
F11
512
42 77 11
77 70 11
70 98 11
98 76 11
76 68 11
68 87 11
F12
512
72 50 12
50 53 12
53 73 12
F13
1024
47 33 13
33 50 13
50 39 13
F14
1024
43 4 14
4 6 14
6 8 14
8 35 14
35 55 14
F15
1024
94 97 15
97 86 15
86 68 15
68 76 15
76 82 15
82 74 15
F16
1024
22 18 16
18 14 16
14 11 16
11 58 16
58 52 16
52 71 16
F17
1024
21 16 17
16 11 17
11 14 17
F18
1024
21 16 18
16 11 18
11 14 18
F19
1024
84 73 19
73 53 19
53 50 19
50 39 19
39 36 19
F20
1024
27 63 20
63 98 20
98 76 20
76 61 20
61 28 20
