F1
256
33 50 1
50 57 1
F2
256
42 77 2
77 70 2
70 98 2
98 76 2
76 68 2
68 87 2
F3
256
38 47 3
47 53 3
53 50 3
50 72 3
72 68 3
68 93 3
F4
256
99 89 4
89 87 4
87 53 4
53 50 4
50 33 4
33 32 4
32 29 4
F5
256
80 78 5
78 93 5
93 68 5
68 76 5
76 100 5
100 91 5
F6
256
22 21 6
21 16 6
16 11 6
11 58 6
58 44 6
44 60 6
F7
512
24 20 7
20 16 7
16 11 7
11 13 7
13 12 7
F8
512
38 47 8
47 53 8
53 50 8
50 72 8
72 68 8
68 93 8
F9
512
100 76 9
76 98 9
98 63 9
F10
512
8 35 10
35 55 10
55 41 10
F11
512
5 7 11
7 9 11
9 13 11
13 11 11
11 16 11
16 21 11
21 26 11
26 19 11
F12
512
26 21 12
21 16 12
16 11 12
11 58 12
58 56 12
56 83 12
F13
1024
80 78 13
78 93 13
93 68 13
68 76 13
76 100 13
100 91 13
F14
1024
1 6 14
6 8 14
8 35 14
35 56 14
56 44 14
44 60 14
F15
1024
22 21 15
21 16 15
16 11 15
11 58 15
58 44 15
44 60 15
F16
1024
94 97 16
97 86 16
86 68 16
68 76 16
76 82 16
82 74 16
F17
1024
25 28 17
28 61 17
61 76 17
76 98 17
98 63 17
63 65 17
F18
1024
2 1 18
1 6 18
6 8 18
8 35 18
35 55 18
55 67 18
67 62 18
62 64 18
F19
1024
7 9 19
9 13 19
13 11 19
11 58 19
58 52 19
F20
1024
85 91 20
91 100 20
100 76 20
76 82 20
82 74 20
74 81 20
