F1
256
1 6 1
6 8 1
8 35 1
35 56 1
56 44 1
44 60 1
F2
256
25 28 2
28 61 2
61 76 2
76 98 2
98 63 2
63 65 2
F3
256
4 41 3
41 55 3
55 35 3
35 13 3
F4
256
48 34 4
34 33 4
33 50 4
50 53 4
53 73 4
73 51 4
F5
256
2 1 5
1 6 5
6 8 5
8 35 5
35 55 5
55 67 5
67 62 5
62 64 5
F6
256
66 49 6
49 83 6
83 35 6
35 56 6
F7
256
24 20 7
20 16 7
16 11 7
11 13 7
13 12 7
F8
256
20 58 8
58 11 8
11 13 8
13 9 8
F9
512
7 9 9
9 13 9
13 11 9
11 58 9
58 52 9
F10
512
89 87 10
87 68 10
68 76 10
76 61 10
F11
512
26 21 11
21 16 11
16 11 11
11 58 11
58 56 11
56 83 11
F12
512
90 85 12
85 100 12
100 76 12
76 61 12
61 28 12
28 25 12
25 30 12
F13
1024
46 52 13
52 58 13
58 11 13
11 16 13
16 21 13
21 24 13
24 15 13
F14
1024
79 56 14
56 35 14
35 55 14
55 67 14
F15
1024
1 6 15
6 8 15
8 35 15
35 56 15
56 44 15
44 60 15
F16
1024
94 97 16
97 86 16
86 68 16
68 76 16
76 82 16
82 74 16
F17
1024
84 73 17
73 53 17
53 50 17
50 39 17
39 36 17
F18
1024
90 85 18
85 100 18
100 76 18
76 61 18
61 28 18
28 25 18
25 30 18
F19
1024
48 34 19
34 33 19
33 50 19
50 53 19
53 73 19
73 51 19
F20
1024
10 12 20
12 14 20
14 11 20
11 56 20
56 79 20
79 75 20
