F1
256
33 50 1
50 57 1
F2
256
89 87 2
87 68 2
68 76 2
76 61 2
F3
256
54 31 3
31 41 3
41 8 3
8 35 3
35 56 3
56 58 3
58 16 3
F4
256
27 63 4
63 98 4
98 76 4
76 61 4
61 28 4
F5
512
8 35 5
35 55 5
55 41 5
F6
512
42 77 6
77 70 6
70 98 6
98 76 6
76 68 6
68 87 6
F7
512
47 33 7
33 50 7
50 39 7
F8
512
1 6 8
6 8 8
8 35 8
35 56 8
56 44 8
44 60 8
F9
512
90 85 9
85 100 9
100 76 9
76 61 9
61 28 9
28 25 9
25 30 9
F10
512
38 47 10
47 53 10
53 50 10
50 72 10
72 68 10
68 93 10
F11
512
54 31 11
31 41 11
41 8 11
8 35 11
35 56 11
56 58 11
58 16 11
F12
1024
5 7 12
7 9 12
9 13 12
13 11 12
11 16 12
16 21 12
21 26 12
26 19 12
F13
1024
5 7 13
7 9 13
9 13 13
13 11 13
11 16 13
16 21 13
21 26 13
26 19 13
F14
1024
54 31 14
31 41 14
41 8 14
8 35 14
35 56 14
56 58 14
58 16 14
F15
1024
5 7 15
7 9 15
9 13 15
13 11 15
11 16 15
16 21 15
21 26 15
26 19 15
F16
1024
26 21 16
21 16 16
16 11 16
11 58 16
58 56 16
56 83 16
F17
1024
99 89 17
89 87 17
87 53 17
53 50 17
50 33 17
33 32 17
32 29 17
F18
1024
26 21 18
21 16 18
16 11 18
11 58 18
58 56 18
56 83 18
F19
1024
43 4 19
4 6 19
6 8 19
8 35 19
35 55 19
F20
1024
38 47 20
47 53 20
53 50 20
50 72 20
72 68 20
68 93 20
