F1
256
27 63 1
63 98 1
98 76 1
76 61 1
61 28 1
F2
256
22 21 2
21 16 2
16 11 2
11 58 2
58 44 2
44 60 2
F3
256
46 52 3
52 58 3
58 11 3
11 16 3
16 21 3
21 24 3
24 15 3
F4
256
22 18 4
18 14 4
14 11 4
11 58 4
58 52 4
52 71 4
F5
256
94 97 5
97 86 5
86 68 5
68 76 5
76 82 5
82 74 5
F6
512
45 37 6
37 32 6
32 39 6
39 50 6
50 72 6
72 68 6
68 86 6
86 97 6
F7
512
22 18 7
18 14 7
14 11 7
11 58 7
58 52 7
52 71 7
F8
512
66 49 8
49 83 8
83 35 8
35 56 8
F9
512
94 97 9
97 86 9
86 68 9
68 76 9
76 82 9
82 74 9
F10
512
99 89 10
89 87 10
87 53 10
53 50 10
50 33 10
33 32 10
32 29 10
F11
512
94 97 11
97 86 11
86 68 11
68 76 11
76 82 11
82 74 11
F12
512
5 7 12
7 9 12
9 13 12
13 11 12
11 16 12
16 21 12
21 26 12
26 19 12
F13
512
24 20 13
20 16 13
16 11 13
11 13 13
13 12 13
F14
512
21 16 14
16 11 14
11 14 14
F15
1024
46 52 15
52 58 15
58 11 15
11 16 15
16 21 15
21 24 15
24 15 15
F16
1024
33 50 16
50 57 16
F17
1024
25 28 17
28 61 17
61 76 17
76 98 17
98 63 17
63 65 17
F18
1024
80 78 18
78 93 18
93 68 18
68 76 18
76 100 18
100 91 18
F19
1024
7 9 19
9 13 19
13 11 19
11 58 19
58 52 19
F20
1024
94 97 20
97 86 20
86 68 20
68 76 20
76 82 20
82 74 20
