F1
256
79 56 1
56 35 1
35 55 1
55 67 1
F2
256
24 20 2
20 16 2
16 11 2
11 13 2
13 12 2
F3
256
42 77 3
77 70 3
70 98 3
98 76 3
76 68 3
68 87 3
F4
256
45 37 4
37 32 4
32 39 4
39 50 4
50 72 4
72 68 4
68 86 4
86 97 4
F5
256
27 63 5
63 98 5
98 76 5
76 61 5
61 28 5
F6
256
26 21 6
21 16 6
16 11 6
11 58 6
58 56 6
56 83 6
F7
256
85 91 7
91 100 7
100 76 7
76 82 7
82 74 7
74 81 7
F8
256
42 77 8
77 70 8
70 98 8
98 76 8
76 68 8
68 87 8
F9
512
90 85 9
85 100 9
100 76 9
76 61 9
61 28 9
28 25 9
25 30 9
F10
512
17 14 10
14 11 10
11 56 10
56 79 10
79 88 10
F11
512
99 89 11
89 87 11
87 53 11
53 50 11
50 33 11
33 32 11
32 29 11
F12
512
21 16 12
16 11 12
11 14 12
F13
512
54 31 13
31 41 13
41 8 13
8 35 13
35 56 13
56 58 13
58 16 13
F14
512
46 52 14
52 58 14
58 11 14
11 16 14
16 21 14
21 24 14
24 15 14
F15
1024
1 6 15
6 8 15
8 35 15
35 56 15
56 44 15
44 60 15
F16
1024
99 89 16
89 87 16
87 53 16
53 50 16
50 33 16
33 32 16
32 29 16
F17
1024
85 91 17
91 100 17
100 76 17
76 82 17
82 74 17
74 81 17
F18
1024
80 78 18
78 93 18
93 68 18
68 76 18
76 100 18
100 91 18
F19
1024
42 77 19
77 70 19
70 98 19
98 76 19
76 68 19
68 87 19
F20
1024
46 52 20
52 58 20
58 11 20
11 16 20
16 21 20
21 24 20
24 15 20
