F1
256
89 87 1
87 68 1
68 76 1
76 61 1
F2
256
66 49 2
49 83 2
83 35 2
35 56 2
F3
256
8 35 3
35 55 3
55 41 3
F4
256
66 49 4
49 83 4
83 35 4
35 56 4
F5
256
84 73 5
73 53 5
53 50 5
50 39 5
39 36 5
F6
256
17 14 6
14 11 6
11 56 6
56 79 6
79 88 6
F7
256
45 37 7
37 32 7
32 39 7
39 50 7
50 72 7
72 68 7
68 86 7
86 97 7
F8
512
33 50 8
50 57 8
F9
512
43 4 9
4 6 9
6 8 9
8 35 9
35 55 9
F10
512
54 31 10
31 41 10
41 8 10
8 35 10
35 56 10
56 58 10
58 16 10
F11
512
10 12 11
12 14 11
14 11 11
11 56 11
56 79 11
79 75 11
F12
512
89 87 12
87 68 12
68 76 12
76 61 12
F13
512
46 52 13
52 58 13
58 11 13
11 16 13
16 21 13
21 24 13
24 15 13
F14
512
54 31 14
31 41 14
41 8 14
8 35 14
35 56 14
56 58 14
58 16 14
F15
1024
84 73 15
73 53 15
53 50 15
50 39 15
39 36 15
F16
1024
27 63 16
63 98 16
98 76 16
76 61 16
61 28 16
F17
1024
18 14 17
14 11 17
11 56 17
56 83 17
83 49 17
49 69 17
F18
1024
84 73 18
73 53 18
53 50 18
50 39 18
39 36 18
F19
1024
10 12 19
12 14 19
14 11 19
11 56 19
56 79 19
79 75 19
F20
1024
100 76 20
76 98 20
98 63 20
