F1
256
17 14 1
14 11 1
11 56 1
56 79 1
79 88 1
F2
256
20 58 2
58 11 2
11 13 2
13 9 2
F3
256
4 41 3
41 55 3
55 35 3
35 13 3
F4
256
7 9 4
9 13 4
13 11 4
11 58 4
58 52 4
F5
256
94 97 5
97 86 5
86 68 5
68 76 5
76 82 5
82 74 5
F6
256
43 4 6
4 6 6
6 8 6
8 35 6
35 55 6
F7
512
24 20 7
20 16 7
16 11 7
11 13 7
13 12 7
F8
512
26 21 8
21 16 8
16 11 8
11 58 8
58 56 8
56 83 8
F9
512
18 14 9
14 11 9
11 56 9
56 83 9
83 49 9
49 69 9
F10
512
22 21 10
21 16 10
16 11 10
11 58 10
58 44 10
44 60 10
F11
512
37 32 11
32 39 11
39 50 11
50 28 11
28 23 11
23 40 11
F12
1024
18 14 12
14 11 12
11 56 12
56 83 12
83 49 12
49 69 12
F13
1024
5 7 13
7 9 13
9 13 13
13 11 13
11 16 13
16 21 13
21 26 13
26 19 13
F14
1024
90 85 14
85 100 14
100 76 14
76 61 14
61 28 14
28 25 14
25 30 14
F15
1024
25 28 15
28 61 15
61 76 15
76 98 15
98 63 15
63 65 15
F16
1024
17 14 16
14 11 16
11 56 16
56 79 16
79 88 16
F17
1024
84 73 17
73 53 17
53 50 17
50 39 17
39 36 17
F18
1024
8 35 18
35 55 18
55 41 18
F19
1024
5 7 19
7 9 19
9 13 19
13 11 19
11 16 19
16 21 19
21 26 19
26 19 19
F20
1024
99 89 20
89 87 20
87 53 20
53 50 20
50 33 20
33 32 20
32 29 20
