F1
256
47 33 1
33 50 1
50 39 1
F2
256
4 41 2
41 55 2
55 35 2
35 13 2
F3
256
66 49 3
49 83 3
83 35 3
35 56 3
F4
256
99 89 4
89 87 4
87 53 4
53 50 4
50 33 4
33 32 4
32 29 4
F5
256
33 50 5
50 57 5
F6
256
22 21 6
21 16 6
16 11 6
11 58 6
58 44 6
44 60 6
F7
512
47 33 7
33 50 7
50 39 7
F8
512
47 33 8
33 50 8
50 39 8
F9
512
72 50 9
50 53 9
53 73 9
F10
512
46 52 10
52 58 10
58 11 10
11 16 10
16 21 10
21 24 10
24 15 10
F11
512
3 4 11
4 41 11
41 8 11
8 35 11
35 83 11
83 49 11
49 66 11
66 59 11
F12
512
46 52 12
52 58 12
58 11 12
11 16 12
16 21 12
21 24 12
24 15 12
F13
512
17 14 13
14 11 13
11 56 13
56 79 13
79 88 13
F14
512
66 49 14
49 83 14
83 35 14
35 56 14
F15
512
46 52 15
52 58 15
58 11 15
11 16 15
16 21 15
21 24 15
24 15 15
F16
512
66 49 16
49 83 16
83 35 16
35 56 16
F17
1024
26 21 17
21 16 17
16 11 17
11 58 17
58 56 17
56 83 17
F18
1024
80 78 18
78 93 18
93 68 18
68 76 18
76 100 18
100 91 18
F19
1024
4 41 19
41 55 19
55 35 19
35 13 19
F20
1024
84 73 20
73 53 20
53 50 20
50 39 20
39 36 20
