F1
256
7 9 1
9 13 1
13 11 1
11 58 1
58 52 1
F2
256
18 14 2
14 11 2
11 56 2
56 83 2
83 49 2
49 69 2
F3
256
22 18 3
18 14 3
14 11 3
11 58 3
58 52 3
52 71 3
F4
512
100 76 4
76 98 4
98 63 4
F5
512
72 50 5
50 53 5
53 73 5
F6
512
89 87 6
87 68 6
68 76 6
76 61 6
F7
512
21 16 7
16 11 7
11 14 7
F8
512
100 76 8
76 98 8
98 63 8
F9
512
1 6 9
6 8 9
8 35 9
35 56 9
56 44 9
44 60 9
F10
512
46 52 10
52 58 10
58 11 10
11 16 10
16 21 10
21 24 10
24 15 10
F11
512
22 21 11
21 16 11
16 11 11
11 58 11
58 44 11
44 60 11
F12
512
8 35 12
35 55 12
55 41 12
F13
512
37 32 13
32 39 13
39 50 13
50 28 13
28 23 13
23 40 13
F14
1024
79 56 14
56 35 14
35 55 14
55 67 14
F15
1024
80 78 15
78 93 15
93 68 15
68 76 15
76 100 15
100 91 15
F16
1024
21 16 16
16 11 16
11 14 16
F17
1024
8 35 17
35 55 17
55 41 17
F18
1024
48 34 18
34 33 18
33 50 18
50 53 18
53 73 18
73 51 18
F19
1024
100 76 19
76 98 19
98 63 19
F20
1024
45 37 20
37 32 20
32 39 20
39 50 20
50 72 20
72 68 20
68 86 20
86 97 20
