F1
256
42 77 1
77 70 1
70 98 1
98 76 1
76 68 1
68 87 1
F2
256
42 77 2
77 70 2
70 98 2
98 76 2
76 68 2
68 87 2
F3
256
17 14 3
14 11 3
11 56 3
56 79 3
79 88 3
F4
256
24 20 4
20 16 4
16 11 4
11 13 4
13 12 4
F5
256
8 35 5
35 55 5
55 41 5
F6
256
92 96 6
96 93 6
93 68 6
68 76 6
76 82 6
82 95 6
F7
256
37 32 7
32 39 7
39 50 7
50 28 7
28 23 7
23 40 7
F8
512
21 16 8
16 11 8
11 14 8
F9
512
42 77 9
77 70 9
70 98 9
98 76 9
76 68 9
68 87 9
F10
512
3 4 10
4 41 10
41 8 10
8 35 10
35 83 10
83 49 10
49 66 10
66 59 10
F11
512
18 14 11
14 11 11
11 56 11
56 83 11
83 49 11
49 69 11
F12
512
38 47 12
47 53 12
53 50 12
50 72 12
72 68 12
68 93 12
F13
1024
79 56 13
56 35 13
35 55 13
55 67 13
F14
1024
3 4 14
4 41 14
41 8 14
8 35 14
35 83 14
83 49 14
49 66 14
66 59 14
F15
1024
21 16 15
16 11 15
11 14 15
F16
1024
99 89 16
89 87 16
87 53 16
53 50 16
50 33 16
33 32 16
32 29 16
F17
1024
3 4 17
4 41 17
41 8 17
8 35 17
35 83 17
83 49 17
49 66 17
66 59 17
F18
1024
79 56 18
56 35 18
35 55 18
55 67 18
F19
1024
25 28 19
28 61 19
61 76 19
76 98 19
98 63 19
63 65 19
F20
1024
26 21 20
21 16 20
16 11 20
11 58 20
58 56 20
56 83 20
