F1
256
72 50 1
50 53 1
53 73 1
F2
256
85 91 2
91 100 2
100 76 2
76 82 2
82 74 2
74 81 2
F3
256
43 4 3
4 6 3
6 8 3
8 35 3
35 55 3
F4
256
25 28 4
28 61 4
61 76 4
76 98 4
98 63 4
63 65 4
F5
512
22 18 5
18 14 5
14 11 5
11 58 5
58 52 5
52 71 5
F6
512
43 4 6
4 6 6
6 8 6
8 35 6
35 55 6
F7
512
47 33 7
33 50 7
50 39 7
F8
512
33 50 8
50 57 8
F9
512
85 91 9
91 100 9
100 76 9
76 82 9
82 74 9
74 81 9
F10
512
66 49 10
49 83 10
83 35 10
35 56 10
F11
512
2 1 11
1 6 11
6 8 11
8 35 11
35 55 11
55 67 11
67 62 11
62 64 11
F12
512
3 4 12
4 41 12
41 8 12
8 35 12
35 83 12
83 49 12
49 66 12
66 59 12
F13
1024
48 34 13
34 33 13
33 50 13
50 53 13
53 73 13
73 51 13
F14
1024
22 18 14
18 14 14
14 11 14
11 58 14
58 52 14
52 71 14
F15
1024
99 89 15
89 87 15
87 53 15
53 50 15
50 33 15
33 32 15
32 29 15
F16
1024
85 91 16
91 100 16
100 76 16
76 82 16
82 74 16
74 81 16
F17
1024
4 41 17
41 55 17
55 35 17
35 13 17
F18
1024
37 32 18
32 39 18
39 50 18
50 28 18
28 23 18
23 40 18
F19
1024
22 21 19
21 16 19
16 11 19
11 58 19
58 44 19
44 60 19
F20
1024
38 47 20
47 53 20
53 50 20
50 72 20
72 68 20
68 93 20
