F1
256
22 21 1
21 16 1
16 11 1
11 58 1
58 44 1
44 60 1
F2
256
27 63 2
63 98 2
98 76 2
76 61 2
61 28 2
F3
256
17 14 3
14 11 3
11 56 3
56 79 3
79 88 3
F4
256
45 37 4
37 32 4
32 39 4
39 50 4
50 72 4
72 68 4
68 86 4
86 97 4
F5
256
38 47 5
47 53 5
53 50 5
50 72 5
72 68 5
68 93 5
F6
256
43 4 6
4 6 6
6 8 6
8 35 6
35 55 6
F7
512
66 49 7
49 83 7
83 35 7
35 56 7
F8
512
45 37 8
37 32 8
32 39 8
39 50 8
50 72 8
72 68 8
68 86 8
86 97 8
F9
512
4 41 9
41 55 9
55 35 9
35 13 9
F10
512
42 77 10
77 70 10
70 98 10
98 76 10
76 68 10
68 87 10
F11
512
3 4 11
4 41 11
41 8 11
8 35 11
35 83 11
83 49 11
49 66 11
66 59 11
F12
512
38 47 12
47 53 12
53 50 12
50 72 12
72 68 12
68 93 12
F13
512
24 20 13
20 16 13
16 11 13
11 13 13
13 12 13
F14
1024
26 21 14
21 16 14
16 11 14
11 58 14
58 56 14
56 83 14
F15
1024
80 78 15
78 93 15
93 68 15
68 76 15
76 100 15
100 91 15
F16
1024
79 56 16
56 35 16
35 55 16
55 67 16
F17
1024
43 4 17
4 6 17
6 8 17
8 35 17
35 55 17
F18
1024
22 21 18
21 16 18
16 11 18
11 58 18
58 44 18
44 60 18
F19
1024
92 96 19
96 93 19
93 68 19
68 76 19
76 82 19
82 95 19
F20
1024
21 16 20
16 11 20
11 14 20
