F1
256
90 85 1
85 100 1
100 76 1
76 61 1
61 28 1
28 25 1
25 30 1
F2
256
18 14 2
14 11 2
11 56 2
56 83 2
83 49 2
49 69 2
F3
256
89 87 3
87 68 3
68 76 3
76 61 3
F4
256
47 33 4
33 50 4
50 39 4
F5
256
25 28 5
28 61 5
61 76 5
76 98 5
98 63 5
63 65 5
F6
256
22 18 6
18 14 6
14 11 6
11 58 6
58 52 6
52 71 6
F7
256
94 97 7
97 86 7
86 68 7
68 76 7
76 82 7
82 74 7
F8
256
17 14 8
14 11 8
11 56 8
56 79 8
79 88 8
F9
256
5 7 9
7 9 9
9 13 9
13 11 9
11 16 9
16 21 9
21 26 9
26 19 9
F10
256
79 56 10
56 35 10
35 55 10
55 67 10
F11
512
54 31 11
31 41 11
41 8 11
8 35 11
35 56 11
56 58 11
58 16 11
F12
512
72 50 12
50 53 12
53 73 12
F13
512
99 89 13
89 87 13
87 53 13
53 50 13
50 33 13
33 32 13
32 29 13
F14
512
92 96 14
96 93 14
93 68 14
68 76 14
76 82 14
82 95 14
F15
1024
25 28 15
28 61 15
61 76 15
76 98 15
98 63 15
63 65 15
F16
1024
18 14 16
14 11 16
11 56 16
56 83 16
83 49 16
49 69 16
F17
1024
42 77 17
77 70 17
70 98 17
98 76 17
76 68 17
68 87 17
F18
1024
10 12 18
12 14 18
14 11 18
11 56 18
56 79 18
79 75 18
F19
1024
85 91 19
91 100 19
100 76 19
76 82 19
82 74 19
74 81 19
F20
1024
85 91 20
91 100 20
100 76 20
76 82 20
82 74 20
74 81 20
