F1
256
5 7 1
7 9 1
9 13 1
13 11 1
11 16 1
16 21 1
21 26 1
26 19 1
F2
256
72 50 2
50 53 2
53 73 2
F3
256
2 1 3
1 6 3
6 8 3
8 35 3
35 55 3
55 67 3
67 62 3
62 64 3
F4
256
2 1 4
1 6 4
6 8 4
8 35 4
35 55 4
55 67 4
67 62 4
62 64 4
F5
256
47 33 5
33 50 5
50 39 5
F6
256
80 78 6
78 93 6
93 68 6
68 76 6
76 100 6
100 91 6
F7
256
42 77 7
77 70 7
70 98 7
98 76 7
76 68 7
68 87 7
F8
256
100 76 8
76 98 8
98 63 8
F9
256
47 33 9
33 50 9
50 39 9
F10
256
7 9 10
9 13 10
13 11 10
11 58 10
58 52 10
F11
512
37 32 11
32 39 11
39 50 11
50 28 11
28 23 11
23 40 11
F12
512
18 14 12
14 11 12
11 56 12
56 83 12
83 49 12
49 69 12
F13
512
18 14 13
14 11 13
11 56 13
56 83 13
83 49 13
49 69 13
F14
512
24 20 14
20 16 14
16 11 14
11 13 14
13 12 14
F15
512
22 21 15
21 16 15
16 11 15
11 58 15
58 44 15
44 60 15
F16
512
48 34 16
34 33 16
33 50 16
50 53 16
53 73 16
73 51 16
F17
1024
100 76 17
76 98 17
98 63 17
F18
1024
8 35 18
35 55 18
55 41 18
F19
1024
66 49 19
49 83 19
83 35 19
35 56 19
F20
1024
2 1 20
1 6 20
6 8 20
8 35 20
35 55 20
55 67 20
67 62 20
62 64 20
