F1
256
76 16 1
16 35 1
35 74 1
74 22 1
F2
256
14 70 2
70 58 2
58 86 2
86 11 2
11 48 2
F3
256
66 86 3
86 58 3
F4
256
40 29 4
29 74 4
74 39 4
F5
256
51 2 5
2 7 5
7 46 5
46 25 5
25 69 5
69 54 5
F6
256
3 1 6
1 7 6
7 88 6
88 25 6
25 26 6
F7
256
68 23 7
23 58 7
58 86 7
86 33 7
F8
512
20 17 8
17 74 8
74 29 8
29 91 8
F9
512
15 24 9
24 96 9
96 9 9
F10
512
47 76 10
76 16 10
16 35 10
35 74 10
74 22 10
22 94 10
F11
512
8 96 11
96 13 11
13 12 11
12 32 11
F12
512
78 71 12
71 86 12
86 43 12
43 72 12
F13
512
20 17 13
17 74 13
74 29 13
29 91 13
F14
1024
7 46 14
46 25 14
25 26 14
26 97 14
F15
1024
30 36 15
36 20 15
20 96 15
96 13 15
F16
1024
37 90 16
90 25 16
25 46 16
46 1 16
F17
1024
20 17 17
17 74 17
74 29 17
29 91 17
F18
1024
100 8 18
8 96 18
96 75 18
F19
1024
37 90 19
90 25 19
25 46 19
46 1 19
F20
1024
30 36 20
36 20 20
20 96 20
96 13 20
