F1
256
100 8 1
8 96 1
96 75 1
F2
256
55 63 2
63 74 2
74 22 2
22 67 2
67 28 2
F3
256
38 35 3
35 74 3
74 22 3
22 57 3
F4
256
87 61 4
61 90 4
90 25 4
25 69 4
F5
512
60 85 5
85 27 5
27 25 5
25 88 5
88 61 5
F6
512
78 71 6
71 86 6
86 43 6
43 72 6
F7
512
66 86 7
86 58 7
F8
512
81 70 8
70 58 8
58 86 8
86 11 8
F9
512
82 25 9
25 46 9
F10
512
4 3 10
3 1 10
1 46 10
46 25 10
25 26 10
26 34 10
F11
512
60 85 11
85 27 11
27 25 11
25 88 11
88 61 11
F12
512
45 39 12
39 74 12
74 35 12
35 16 12
F13
512
45 39 13
39 74 13
74 35 13
35 16 13
F14
512
50 39 14
39 74 14
74 63 14
F15
1024
81 70 15
70 58 15
58 86 15
86 11 15
F16
1024
8 96 16
96 13 16
13 12 16
12 32 16
F17
1024
52 9 17
9 96 17
96 13 17
13 12 17
F18
1024
14 70 18
70 58 18
58 86 18
86 11 18
11 48 18
F19
1024
88 25 19
25 82 19
82 89 19
F20
1024
52 9 20
9 96 20
96 13 20
13 12 20
