F1
256
37 90 1
90 25 1
25 46 1
46 1 1
F2
256
17 74 2
74 79 2
F3
256
37 90 3
90 25 3
25 46 3
46 1 3
F4
256
47 76 4
76 16 4
16 35 4
35 74 4
74 22 4
22 94 4
F5
256
68 23 5
23 58 5
58 86 5
86 33 5
F6
256
19 82 6
82 25 6
25 88 6
88 6 6
6 2 6
F7
256
3 1 7
1 7 7
7 88 7
88 25 7
25 26 7
F8
512
68 23 8
23 58 8
58 86 8
86 33 8
F9
512
38 35 9
35 74 9
74 22 9
22 57 9
F10
512
5 18 10
18 6 10
6 88 10
88 25 10
25 69 10
69 54 10
F11
512
60 85 11
85 27 11
27 25 11
25 88 11
88 61 11
F12
512
14 70 12
70 58 12
58 86 12
86 11 12
11 48 12
F13
512
82 25 13
25 46 13
F14
512
7 46 14
46 25 14
25 26 14
26 97 14
F15
512
14 70 15
70 58 15
58 86 15
86 11 15
11 48 15
F16
1024
19 82 16
82 25 16
25 88 16
88 6 16
6 2 16
F17
1024
55 63 17
63 74 17
74 22 17
22 67 17
67 28 17
F18
1024
76 16 18
16 35 18
35 74 18
74 22 18
F19
1024
52 9 19
9 96 19
96 13 19
13 12 19
F20
1024
8 96 20
96 13 20
13 12 20
12 32 20
