F1
256
7 46 1
46 25 1
25 26 1
26 97 1
F2
256
24 96 2
96 20 2
20 80 2
F3
256
92 16 3
16 35 3
35 74 3
74 22 3
22 67 3
F4
256
53 70 4
70 58 4
58 86 4
86 33 4
33 84 4
F5
512
52 9 5
9 96 5
96 13 5
13 12 5
F6
512
4 3 6
3 1 6
1 46 6
46 25 6
25 26 6
26 34 6
F7
512
30 36 7
36 20 7
20 96 7
96 13 7
F8
512
52 9 8
9 96 8
96 13 8
13 12 8
F9
512
53 70 9
70 58 9
58 86 9
86 33 9
33 84 9
F10
512
78 71 10
71 86 10
86 43 10
43 72 10
F11
512
40 29 11
29 74 11
74 39 11
F12
512
76 16 12
16 35 12
35 74 12
74 22 12
F13
512
88 25 13
25 82 13
82 89 13
F14
1024
76 16 14
16 35 14
35 74 14
74 22 14
F15
1024
82 25 15
25 46 15
F16
1024
41 76 16
76 16 16
16 35 16
35 74 16
74 29 16
F17
1024
81 70 17
70 58 17
58 86 17
86 11 17
F18
1024
51 2 18
2 7 18
7 46 18
46 25 18
25 69 18
69 54 18
F19
1024
100 8 19
8 96 19
96 75 19
F20
1024
17 74 20
74 79 20
