F1
256
95 70 1
70 58 1
58 86 1
86 43 1
F2
256
68 23 2
23 58 2
58 86 2
86 33 2
F3
256
60 85 3
85 27 3
27 25 3
25 88 3
88 61 3
F4
256
37 90 4
90 25 4
25 46 4
46 1 4
F5
512
24 96 5
96 20 5
20 80 5
F6
512
95 70 6
70 58 6
58 86 6
86 43 6
F7
512
52 9 7
9 96 7
96 13 7
13 12 7
F8
512
87 61 8
61 90 8
90 25 8
25 69 8
F9
512
10 42 9
42 91 9
91 29 9
29 74 9
74 39 9
39 94 9
94 83 9
F10
512
19 82 10
82 25 10
25 88 10
88 6 10
6 2 10
F11
512
40 29 11
29 74 11
74 39 11
F12
512
31 52 12
52 66 12
66 86 12
86 71 12
F13
512
17 74 13
74 79 13
F14
1024
76 16 14
16 35 14
35 74 14
74 22 14
F15
1024
37 90 15
90 25 15
25 46 15
46 1 15
F16
1024
88 25 16
25 82 16
82 89 16
F17
1024
81 70 17
70 58 17
58 86 17
86 11 17
F18
1024
27 25 18
25 88 18
88 6 18
F19
1024
77 17 19
17 74 19
74 35 19
F20
1024
14 70 20
70 58 20
58 86 20
86 11 20
11 48 20
