F1
256
30 36 1
36 20 1
20 96 1
96 13 1
F2
256
82 25 2
25 46 2
F3
256
82 25 3
25 46 3
F4
256
41 76 4
76 16 4
16 35 4
35 74 4
74 29 4
F5
256
17 74 5
74 79 5
F6
512
60 85 6
85 27 6
27 25 6
25 88 6
88 61 6
F7
512
68 23 7
23 58 7
58 86 7
86 33 7
F8
512
87 61 8
61 90 8
90 25 8
25 69 8
F9
512
17 74 9
74 79 9
F10
512
19 82 10
82 25 10
25 88 10
88 6 10
6 2 10
F11
512
60 85 11
85 27 11
27 25 11
25 88 11
88 61 11
F12
512
87 61 12
61 90 12
90 25 12
25 69 12
F13
512
92 16 13
16 35 13
35 74 13
74 22 13
22 67 13
F14
1024
100 8 14
8 96 14
96 75 14
F15
1024
60 85 15
85 27 15
27 25 15
25 88 15
88 61 15
F16
1024
66 86 16
86 58 16
F17
1024
30 36 17
36 20 17
20 96 17
96 13 17
F18
1024
27 25 18
25 88 18
88 6 18
F19
1024
15 24 19
24 96 19
96 9 19
F20
1024
95 70 20
70 58 20
58 86 20
86 43 20
