F1
256
92 16 1
16 35 1
35 74 1
74 22 1
22 67 1
F2
256
15 24 2
24 96 2
96 9 2
F3
256
66 86 3
86 58 3
F4
256
3 1 4
1 7 4
7 88 4
88 25 4
25 26 4
F5
256
27 25 5
25 88 5
88 6 5
F6
256
30 36 6
36 20 6
20 96 6
96 13 6
F7
512
19 82 7
82 25 7
25 88 7
88 6 7
6 2 7
F8
512
8 96 8
96 13 8
13 12 8
12 32 8
F9
512
10 42 9
42 91 9
91 29 9
29 74 9
74 39 9
39 94 9
94 83 9
F10
1024
82 25 10
25 46 10
F11
1024
41 76 11
76 16 11
16 35 11
35 74 11
74 29 11
F12
1024
27 25 12
25 88 12
88 6 12
F13
1024
60 85 13
85 27 13
27 25 13
25 88 13
88 61 13
F14
1024
51 2 14
2 7 14
7 46 14
46 25 14
25 69 14
69 54 14
F15
1024
50 39 15
39 74 15
74 63 15
F16
1024
100 8 16
8 96 16
96 75 16
F17
1024
30 36 17
36 20 17
20 96 17
96 13 17
F18
1024
45 39 18
39 74 18
74 35 18
35 16 18
F19
1024
76 16 19
16 35 19
35 74 19
74 22 19
F20
1024
51 2 20
2 7 20
7 46 20
46 25 20
25 69 20
69 54 20
