F1
256
82 25 1
25 46 1
F2
256
55 63 2
63 74 2
74 22 2
22 67 2
67 28 2
F3
256
45 39 3
39 74 3
74 35 3
35 16 3
F4
256
17 74 4
74 79 4
F5
256
45 39 5
39 74 5
74 35 5
35 16 5
F6
256
38 35 6
35 74 6
74 22 6
22 57 6
F7
256
55 63 7
63 74 7
74 22 7
22 67 7
67 28 7
F8
256
66 86 8
86 58 8
F9
512
60 85 9
85 27 9
27 25 9
25 88 9
88 61 9
F10
512
51 2 10
2 7 10
7 46 10
46 25 10
25 69 10
69 54 10
F11
512
5 18 11
18 6 11
6 88 11
88 25 11
25 69 11
69 54 11
F12
512
24 96 12
96 20 12
20 80 12
F13
512
30 36 13
36 20 13
20 96 13
96 13 13
F14
512
87 61 14
61 90 14
90 25 14
25 69 14
F15
512
47 76 15
76 16 15
16 35 15
35 74 15
74 22 15
22 94 15
F16
1024
66 86 16
86 58 16
F17
1024
77 17 17
17 74 17
74 35 17
F18
1024
59 40 18
40 29 18
29 74 18
74 94 18
94 98 18
F19
1024
81 70 19
70 58 19
58 86 19
86 11 19
F20
1024
27 25 20
25 88 20
88 6 20
