F1
256
77 17 1
17 74 1
74 35 1
F2
256
27 25 2
25 88 2
88 6 2
F3
256
81 70 3
70 58 3
58 86 3
86 11 3
F4
512
87 61 4
61 90 4
90 25 4
25 69 4
F5
512
8 96 5
96 13 5
13 12 5
12 32 5
F6
512
77 17 6
17 74 6
74 35 6
F7
512
38 35 7
35 74 7
74 22 7
22 57 7
F8
512
78 71 8
71 86 8
86 43 8
43 72 8
F9
512
37 90 9
90 25 9
25 46 9
46 1 9
F10
512
55 63 10
63 74 10
74 22 10
22 67 10
67 28 10
F11
512
15 24 11
24 96 11
96 9 11
F12
512
77 17 12
17 74 12
74 35 12
F13
512
81 70 13
70 58 13
58 86 13
86 11 13
F14
1024
88 25 14
25 82 14
82 89 14
F15
1024
41 76 15
76 16 15
16 35 15
35 74 15
74 29 15
F16
1024
4 3 16
3 1 16
1 46 16
46 25 16
25 26 16
26 34 16
F17
1024
20 17 17
17 74 17
74 29 17
29 91 17
F18
1024
27 25 18
25 88 18
88 6 18
F19
1024
41 76 19
76 16 19
16 35 19
35 74 19
74 29 19
F20
1024
68 23 20
23 58 20
58 86 20
86 33 20
