F1
256
66 86 1
86 58 1
F2
256
31 52 2
52 66 2
66 86 2
86 71 2
F3
256
53 70 3
70 58 3
58 86 3
86 33 3
33 84 3
F4
256
88 25 4
25 82 4
82 89 4
F5
256
76 16 5
16 35 5
35 74 5
74 22 5
F6
256
60 85 6
85 27 6
27 25 6
25 88 6
88 61 6
F7
256
52 9 7
9 96 7
96 13 7
13 12 7
F8
256
87 61 8
61 90 8
90 25 8
25 69 8
F9
256
19 82 9
82 25 9
25 88 9
88 6 9
6 2 9
F10
256
37 90 10
90 25 10
25 46 10
46 1 10
F11
256
8 96 11
96 13 11
13 12 11
12 32 11
F12
512
30 36 12
36 20 12
20 96 12
96 13 12
F13
512
87 61 13
61 90 13
90 25 13
25 69 13
F14
512
40 29 14
29 74 14
74 39 14
F15
512
87 61 15
61 90 15
90 25 15
25 69 15
F16
512
19 82 16
82 25 16
25 88 16
88 6 16
6 2 16
F17
512
55 63 17
63 74 17
74 22 17
22 67 17
67 28 17
F18
512
41 76 18
76 16 18
16 35 18
35 74 18
74 29 18
F19
1024
27 25 19
25 88 19
88 6 19
F20
1024
37 90 20
90 25 20
25 46 20
46 1 20
