F1
256
87 61 1
61 90 1
90 25 1
25 69 1
F2
256
3 1 2
1 7 2
7 88 2
88 25 2
25 26 2
F3
256
82 25 3
25 46 3
F4
256
24 96 4
96 20 4
20 80 4
F5
256
66 86 5
86 58 5
F6
256
60 85 6
85 27 6
27 25 6
25 88 6
88 61 6
F7
256
87 61 7
61 90 7
90 25 7
25 69 7
F8
512
24 96 8
96 20 8
20 80 8
F9
512
45 39 9
39 74 9
74 35 9
35 16 9
F10
512
47 76 10
76 16 10
16 35 10
35 74 10
74 22 10
22 94 10
F11
512
8 96 11
96 13 11
13 12 11
12 32 11
F12
512
88 25 12
25 82 12
82 89 12
F13
512
17 74 13
74 79 13
F14
512
50 39 14
39 74 14
74 63 14
F15
512
95 70 15
70 58 15
58 86 15
86 43 15
F16
1024
17 74 16
74 79 16
F17
1024
45 39 17
39 74 17
74 35 17
35 16 17
F18
1024
41 76 18
76 16 18
16 35 18
35 74 18
74 29 18
F19
1024
78 71 19
71 86 19
86 43 19
43 72 19
F20
1024
66 86 20
86 58 20
