F1
256
4 3 1
3 1 1
1 46 1
46 25 1
25 26 1
26 34 1
F2
256
41 76 2
76 16 2
16 35 2
35 74 2
74 29 2
F3
256
60 85 3
85 27 3
27 25 3
25 88 3
88 61 3
F4
256
30 36 4
36 20 4
20 96 4
96 13 4
F5
256
88 25 5
25 82 5
82 89 5
F6
256
30 36 6
36 20 6
20 96 6
96 13 6
F7
256
10 42 7
42 91 7
91 29 7
29 74 7
74 39 7
39 94 7
94 83 7
F8
256
55 63 8
63 74 8
74 22 8
22 67 8
67 28 8
F9
256
59 40 9
40 29 9
29 74 9
74 94 9
94 98 9
F10
256
10 42 10
42 91 10
91 29 10
29 74 10
74 39 10
39 94 10
94 83 10
F11
512
15 24 11
24 96 11
96 9 11
F12
512
76 16 12
16 35 12
35 74 12
74 22 12
F13
512
47 76 13
76 16 13
16 35 13
35 74 13
74 22 13
22 94 13
F14
512
82 25 14
25 46 14
F15
1024
40 29 15
29 74 15
74 39 15
F16
1024
3 1 16
1 7 16
7 88 16
88 25 16
25 26 16
F17
1024
20 17 17
17 74 17
74 29 17
29 91 17
F18
1024
78 71 18
71 86 18
86 43 18
43 72 18
F19
1024
95 70 19
70 58 19
58 86 19
86 43 19
F20
1024
14 70 20
70 58 20
58 86 20
86 11 20
11 48 20
