F1
256
41 76 1
76 16 1
16 35 1
35 74 1
74 29 1
F2
256
19 82 2
82 25 2
25 88 2
88 6 2
6 2 2
F3
256
7 46 3
46 25 3
25 26 3
26 97 3
F4
256
77 17 4
17 74 4
74 35 4
F5
256
52 9 5
9 96 5
96 13 5
13 12 5
F6
256
92 16 6
16 35 6
35 74 6
74 22 6
22 67 6
F7
256
52 9 7
9 96 7
96 13 7
13 12 7
F8
256
66 86 8
86 58 8
F9
512
82 25 9
25 46 9
F10
512
88 25 10
25 82 10
82 89 10
F11
512
53 70 11
70 58 11
58 86 11
86 33 11
33 84 11
F12
512
52 9 12
9 96 12
96 13 12
13 12 12
F13
1024
45 39 13
39 74 13
74 35 13
35 16 13
F14
1024
31 52 14
52 66 14
66 86 14
86 71 14
F15
1024
17 74 15
74 79 15
F16
1024
47 76 16
76 16 16
16 35 16
35 74 16
74 22 16
22 94 16
F17
1024
17 74 17
74 79 17
F18
1024
41 76 18
76 16 18
16 35 18
35 74 18
74 29 18
F19
1024
8 96 19
96 13 19
13 12 19
12 32 19
F20
1024
17 74 20
74 79 20
