F1
256
77 17 1
17 74 1
74 35 1
F2
256
15 24 2
24 96 2
96 9 2
F3
256
15 24 3
24 96 3
96 9 3
F4
256
4 3 4
3 1 4
1 46 4
46 25 4
25 26 4
26 34 4
F5
256
3 1 5
1 7 5
7 88 5
88 25 5
25 26 5
F6
256
100 8 6
8 96 6
96 75 6
F7
512
87 61 7
61 90 7
90 25 7
25 69 7
F8
512
20 17 8
17 74 8
74 29 8
29 91 8
F9
512
52 9 9
9 96 9
96 13 9
13 12 9
F10
512
78 71 10
71 86 10
86 43 10
43 72 10
F11
512
27 25 11
25 88 11
88 6 11
F12
512
20 17 12
17 74 12
74 29 12
29 91 12
F13
512
20 17 13
17 74 13
74 29 13
29 91 13
F14
1024
41 76 14
76 16 14
16 35 14
35 74 14
74 29 14
F15
1024
3 1 15
1 7 15
7 88 15
88 25 15
25 26 15
F16
1024
8 96 16
96 13 16
13 12 16
12 32 16
F17
1024
45 39 17
39 74 17
74 35 17
35 16 17
F18
1024
88 25 18
25 82 18
82 89 18
F19
1024
38 35 19
35 74 19
74 22 19
22 57 19
F20
1024
55 63 20
63 74 20
74 22 20
22 67 20
67 28 20
