F1
256
82 25 1
25 46 1
F2
256
59 40 2
40 29 2
29 74 2
74 94 2
94 98 2
F3
256
66 86 3
86 58 3
F4
256
4 3 4
3 1 4
1 46 4
46 25 4
25 26 4
26 34 4
F5
512
45 39 5
39 74 5
74 35 5
35 16 5
F6
512
68 23 6
23 58 6
58 86 6
86 33 6
F7
512
14 70 7
70 58 7
58 86 7
86 11 7
11 48 7
F8
512
31 52 8
52 66 8
66 86 8
86 71 8
F9
512
87 61 9
61 90 9
90 25 9
25 69 9
F10
512
52 9 10
9 96 10
96 13 10
13 12 10
F11
512
59 40 11
40 29 11
29 74 11
74 94 11
94 98 11
F12
512
4 3 12
3 1 12
1 46 12
46 25 12
25 26 12
26 34 12
F13
512
17 74 13
74 79 13
F14
1024
27 25 14
25 88 14
88 6 14
F15
1024
53 70 15
70 58 15
58 86 15
86 33 15
33 84 15
F16
1024
59 40 16
40 29 16
29 74 16
74 94 16
94 98 16
F17
1024
3 1 17
1 7 17
7 88 17
88 25 17
25 26 17
F18
1024
19 82 18
82 25 18
25 88 18
88 6 18
6 2 18
F19
1024
50 39 19
39 74 19
74 63 19
F20
1024
4 3 20
3 1 20
1 46 20
46 25 20
25 26 20
26 34 20
