F1
256
4 3 1
3 1 1
1 46 1
46 25 1
25 26 1
26 34 1
F2
256
88 25 2
25 82 2
82 89 2
F3
256
38 35 3
35 74 3
74 22 3
22 57 3
F4
512
20 17 4
17 74 4
74 29 4
29 91 4
F5
512
55 63 5
63 74 5
74 22 5
22 67 5
67 28 5
F6
512
4 3 6
3 1 6
1 46 6
46 25 6
25 26 6
26 34 6
F7
512
8 96 7
96 13 7
13 12 7
12 32 7
F8
512
3 1 8
1 7 8
7 88 8
88 25 8
25 26 8
F9
512
47 76 9
76 16 9
16 35 9
35 74 9
74 22 9
22 94 9
F10
512
92 16 10
16 35 10
35 74 10
74 22 10
22 67 10
F11
512
87 61 11
61 90 11
90 25 11
25 69 11
F12
512
92 16 12
16 35 12
35 74 12
74 22 12
22 67 12
F13
1024
10 42 13
42 91 13
91 29 13
29 74 13
74 39 13
39 94 13
94 83 13
F14
1024
38 35 14
35 74 14
74 22 14
22 57 14
F15
1024
76 16 15
16 35 15
35 74 15
74 22 15
F16
1024
82 25 16
25 46 16
F17
1024
37 90 17
90 25 17
25 46 17
46 1 17
F18
1024
59 40 18
40 29 18
29 74 18
74 94 18
94 98 18
F19
1024
60 85 19
85 27 19
27 25 19
25 88 19
88 61 19
F20
1024
66 86 20
86 58 20
