F1
256
52 9 1
9 96 1
96 13 1
13 12 1
F2
256
95 70 2
70 58 2
58 86 2
86 43 2
F3
256
37 90 3
90 25 3
25 46 3
46 1 3
F4
256
87 61 4
61 90 4
90 25 4
25 69 4
F5
256
53 70 5
70 58 5
58 86 5
86 33 5
33 84 5
F6
256
59 40 6
40 29 6
29 74 6
74 94 6
94 98 6
F7
256
51 2 7
2 7 7
7 46 7
46 25 7
25 69 7
69 54 7
F8
512
88 25 8
25 82 8
82 89 8
F9
512
5 18 9
18 6 9
6 88 9
88 25 9
25 69 9
69 54 9
F10
512
24 96 10
96 20 10
20 80 10
F11
512
81 70 11
70 58 11
58 86 11
86 11 11
F12
512
10 42 12
42 91 12
91 29 12
29 74 12
74 39 12
39 94 12
94 83 12
F13
512
88 25 13
25 82 13
82 89 13
F14
512
45 39 14
39 74 14
74 35 14
35 16 14
F15
512
88 25 15
25 82 15
82 89 15
F16
1024
50 39 16
39 74 16
74 63 16
F17
1024
27 25 17
25 88 17
88 6 17
F18
1024
37 90 18
90 25 18
25 46 18
46 1 18
F19
1024
27 25 19
25 88 19
88 6 19
F20
1024
45 39 20
39 74 20
74 35 20
35 16 20
