F1
256
17 74 1
74 79 1
F2
256
55 63 2
63 74 2
74 22 2
22 67 2
67 28 2
F3
256
88 25 3
25 82 3
82 89 3
F4
256
10 42 4
42 91 4
91 29 4
29 74 4
74 39 4
39 94 4
94 83 4
F5
256
100 8 5
8 96 5
96 75 5
F6
256
31 52 6
52 66 6
66 86 6
86 71 6
F7
512
5 18 7
18 6 7
6 88 7
88 25 7
25 69 7
69 54 7
F8
512
30 36 8
36 20 8
20 96 8
96 13 8
F9
512
95 70 9
70 58 9
58 86 9
86 43 9
F10
512
7 46 10
46 25 10
25 26 10
26 97 10
F11
512
4 3 11
3 1 11
1 46 11
46 25 11
25 26 11
26 34 11
F12
512
78 71 12
71 86 12
86 43 12
43 72 12
F13
512
5 18 13
18 6 13
6 88 13
88 25 13
25 69 13
69 54 13
F14
1024
78 71 14
71 86 14
86 43 14
43 72 14
F15
1024
59 40 15
40 29 15
29 74 15
74 94 15
94 98 15
F16
1024
47 76 16
76 16 16
16 35 16
35 74 16
74 22 16
22 94 16
F17
1024
4 3 17
3 1 17
1 46 17
46 25 17
25 26 17
26 34 17
F18
1024
27 25 18
25 88 18
88 6 18
F19
1024
40 29 19
29 74 19
74 39 19
F20
1024
5 18 20
18 6 20
6 88 20
88 25 20
25 69 20
69 54 20
