F1
256
40 29 1
29 74 1
74 39 1
F2
256
87 61 2
61 90 2
90 25 2
25 69 2
F3
256
15 24 3
24 96 3
96 9 3
F4
256
68 23 4
23 58 4
58 86 4
86 33 4
F5
256
30 36 5
36 20 5
20 96 5
96 13 5
F6
256
100 8 6
8 96 6
96 75 6
F7
256
24 96 7
96 20 7
20 80 7
F8
256
55 63 8
63 74 8
74 22 8
22 67 8
67 28 8
F9
256
8 96 9
96 13 9
13 12 9
12 32 9
F10
512
76 16 10
16 35 10
35 74 10
74 22 10
F11
512
30 36 11
36 20 11
20 96 11
96 13 11
F12
512
82 25 12
25 46 12
F13
512
100 8 13
8 96 13
96 75 13
F14
512
4 3 14
3 1 14
1 46 14
46 25 14
25 26 14
26 34 14
F15
512
95 70 15
70 58 15
58 86 15
86 43 15
F16
1024
53 70 16
70 58 16
58 86 16
86 33 16
33 84 16
F17
1024
24 96 17
96 20 17
20 80 17
F18
1024
51 2 18
2 7 18
7 46 18
46 25 18
25 69 18
69 54 18
F19
1024
59 40 19
40 29 19
29 74 19
74 94 19
94 98 19
F20
1024
15 24 20
24 96 20
96 9 20
