F1
256
45 39 1
39 74 1
74 35 1
35 16 1
F2
256
19 82 2
82 25 2
25 88 2
88 6 2
6 2 2
F3
256
37 90 3
90 25 3
25 46 3
46 1 3
F4
256
47 76 4
76 16 4
16 35 4
35 74 4
74 22 4
22 94 4
F5
256
59 40 5
40 29 5
29 74 5
74 94 5
94 98 5
F6
256
92 16 6
16 35 6
35 74 6
74 22 6
22 67 6
F7
256
17 74 7
74 79 7
F8
256
78 71 8
71 86 8
86 43 8
43 72 8
F9
512
100 8 9
8 96 9
96 75 9
F10
512
40 29 10
29 74 10
74 39 10
F11
512
53 70 11
70 58 11
58 86 11
86 33 11
33 84 11
F12
512
3 1 12
1 7 12
7 88 12
88 25 12
25 26 12
F13
512
14 70 13
70 58 13
58 86 13
86 11 13
11 48 13
F14
512
76 16 14
16 35 14
35 74 14
74 22 14
F15
512
76 16 15
16 35 15
35 74 15
74 22 15
F16
512
76 16 16
16 35 16
35 74 16
74 22 16
F17
1024
10 42 17
42 91 17
91 29 17
29 74 17
74 39 17
39 94 17
94 83 17
F18
1024
10 42 18
42 91 18
91 29 18
29 74 18
74 39 18
39 94 18
94 83 18
F19
1024
55 63 19
63 74 19
74 22 19
22 67 19
67 28 19
F20
1024
82 25 20
25 46 20
