F1
256
76 16 1
16 35 1
35 74 1
74 22 1
F2
256
19 82 2
82 25 2
25 88 2
88 6 2
6 2 2
F3
256
19 82 3
82 25 3
25 88 3
88 6 3
6 2 3
F4
256
92 16 4
16 35 4
35 74 4
74 22 4
22 67 4
F5
256
68 23 5
23 58 5
58 86 5
86 33 5
F6
256
20 17 6
17 74 6
74 29 6
29 91 6
F7
256
77 17 7
17 74 7
74 35 7
F8
512
14 70 8
70 58 8
58 86 8
86 11 8
11 48 8
F9
512
17 74 9
74 79 9
F10
512
24 96 10
96 20 10
20 80 10
F11
512
19 82 11
82 25 11
25 88 11
88 6 11
6 2 11
F12
512
24 96 12
96 20 12
20 80 12
F13
512
95 70 13
70 58 13
58 86 13
86 43 13
F14
1024
77 17 14
17 74 14
74 35 14
F15
1024
31 52 15
52 66 15
66 86 15
86 71 15
F16
1024
51 2 16
2 7 16
7 46 16
46 25 16
25 69 16
69 54 16
F17
1024
30 36 17
36 20 17
20 96 17
96 13 17
F18
1024
76 16 18
16 35 18
35 74 18
74 22 18
F19
1024
88 25 19
25 82 19
82 89 19
F20
1024
15 24 20
24 96 20
96 9 20
