F1
256
31 52 1
52 66 1
66 86 1
86 71 1
F2
256
20 17 2
17 74 2
74 29 2
29 91 2
F3
256
30 36 3
36 20 3
20 96 3
96 13 3
F4
256
38 35 4
35 74 4
74 22 4
22 57 4
F5
256
66 86 5
86 58 5
F6
256
5 18 6
18 6 6
6 88 6
88 25 6
25 69 6
69 54 6
F7
256
45 39 7
39 74 7
74 35 7
35 16 7
F8
256
37 90 8
90 25 8
25 46 8
46 1 8
F9
512
14 70 9
70 58 9
58 86 9
86 11 9
11 48 9
F10
512
38 35 10
35 74 10
74 22 10
22 57 10
F11
512
40 29 11
29 74 11
74 39 11
F12
512
95 70 12
70 58 12
58 86 12
86 43 12
F13
512
77 17 13
17 74 13
74 35 13
F14
512
19 82 14
82 25 14
25 88 14
88 6 14
6 2 14
F15
512
60 85 15
85 27 15
27 25 15
25 88 15
88 61 15
F16
1024
100 8 16
8 96 16
96 75 16
F17
1024
87 61 17
61 90 17
90 25 17
25 69 17
F18
1024
5 18 18
18 6 18
6 88 18
88 25 18
25 69 18
69 54 18
F19
1024
19 82 19
82 25 19
25 88 19
88 6 19
6 2 19
F20
1024
77 17 20
17 74 20
74 35 20
