F1
256
53 70 1
70 58 1
58 86 1
86 33 1
33 84 1
F2
256
31 52 2
52 66 2
66 86 2
86 71 2
F3
256
87 61 3
61 90 3
90 25 3
25 69 3
F4
256
78 71 4
71 86 4
86 43 4
43 72 4
F5
256
50 39 5
39 74 5
74 63 5
F6
256
55 63 6
63 74 6
74 22 6
22 67 6
67 28 6
F7
256
27 25 7
25 88 7
88 6 7
F8
256
52 9 8
9 96 8
96 13 8
13 12 8
F9
256
77 17 9
17 74 9
74 35 9
F10
512
20 17 10
17 74 10
74 29 10
29 91 10
F11
512
24 96 11
96 20 11
20 80 11
F12
512
100 8 12
8 96 12
96 75 12
F13
512
60 85 13
85 27 13
27 25 13
25 88 13
88 61 13
F14
512
68 23 14
23 58 14
58 86 14
86 33 14
F15
512
30 36 15
36 20 15
20 96 15
96 13 15
F16
1024
7 46 16
46 25 16
25 26 16
26 97 16
F17
1024
41 76 17
76 16 17
16 35 17
35 74 17
74 29 17
F18
1024
95 70 18
70 58 18
58 86 18
86 43 18
F19
1024
10 42 19
42 91 19
91 29 19
29 74 19
74 39 19
39 94 19
94 83 19
F20
1024
4 3 20
3 1 20
1 46 20
46 25 20
25 26 20
26 34 20
