F1
256
47 76 1
76 16 1
16 35 1
35 74 1
74 22 1
22 94 1
F2
256
31 52 2
52 66 2
66 86 2
86 71 2
F3
256
4 3 3
3 1 3
1 46 3
46 25 3
25 26 3
26 34 3
F4
256
31 52 4
52 66 4
66 86 4
86 71 4
F5
256
31 52 5
52 66 5
66 86 5
86 71 5
F6
256
78 71 6
71 86 6
86 43 6
43 72 6
F7
512
52 9 7
9 96 7
96 13 7
13 12 7
F8
512
41 76 8
76 16 8
16 35 8
35 74 8
74 29 8
F9
512
60 85 9
85 27 9
27 25 9
25 88 9
88 61 9
F10
512
27 25 10
25 88 10
88 6 10
F11
512
81 70 11
70 58 11
58 86 11
86 11 11
F12
512
53 70 12
70 58 12
58 86 12
86 33 12
33 84 12
F13
512
24 96 13
96 20 13
20 80 13
F14
1024
66 86 14
86 58 14
F15
1024
55 63 15
63 74 15
74 22 15
22 67 15
67 28 15
F16
1024
27 25 16
25 88 16
88 6 16
F17
1024
47 76 17
76 16 17
16 35 17
35 74 17
74 22 17
22 94 17
F18
1024
66 86 18
86 58 18
F19
1024
30 36 19
36 20 19
20 96 19
96 13 19
F20
1024
53 70 20
70 58 20
58 86 20
86 33 20
33 84 20
