F1
256
56 55 1
55 54 1
54 68 1
68 82 1
82 81 1
81 67 1
F2
256
56 55 2
55 54 2
54 68 2
68 82 2
82 81 2
81 67 2
F3
256
96 95 3
95 76 3
75 77 3
77 63 3
63 49 3
49 18 3
18 17 3
17 20 3
F4
256
52 51 4
51 50 4
50 49 4
49 63 4
63 64 4
64 65 4
F5
256
56 55 5
55 54 5
54 68 5
68 82 5
82 81 5
81 67 5
F6
256
85 84 6
84 83 6
83 82 6
82 81 6
81 80 6
80 91 6
F7
256
86 87 7
87 88 7
88 83 7
83 82 7
82 81 7
81 80 7
80 79 7
79 92 7
F8
256
45 42 8
42 39 8
39 40 8
40 36 8
36 37 8
37 33 8
33 98 8
F9
512
71 56 9
56 38 9
38 40 9
40 36 9
36 32 9
32 34 9
34 31 9
31 28 9
F10
512
51 50 10
50 49 10
49 63 10
63 64 10
F11
512
9 8 11
8 11 11
11 14 11
14 15 11
F12
512
23 20 12
20 17 12
17 14 12
14 11 12
11 12 12
12 16 12
F13
512
51 50 13
50 49 13
49 63 13
63 64 13
F14
512
88 83 14
83 69 14
69 55 14
55 54 14
54 53 14
F15
512
87 84 15
84 83 15
83 82 15
82 89 15
F16
512
41 40 16
40 36 16
36 37 16
37 73 16
F17
512
69 68 17
68 82 17
82 81 17
81 80 17
F18
1024
45 42 18
42 39 18
39 40 18
40 36 18
36 37 18
37 33 18
33 98 18
F19
1024
1 13 19
13 11 19
11 12 19
12 47 19
47 61 19
61 60 19
F20
1024
1 13 20
13 11 20
11 12 20
12 47 20
47 61 20
61 60 20
F21
1024
86 87 21
87 88 21
88 83 21
83 82 21
82 81 21
81 80 21
80 79 21
79 92 21
F22
1024
71 56 22
56 38 22
38 40 22
40 36 22
36 32 22
32 34 22
34 31 22
31 28 22
F23
1024
50 64 23
64 63 23
63 77 23
77 76 23
F24
1024
9 8 24
8 11 24
11 14 24
14 15 24
F25
1024
57 56 25
56 55 25
55 35 25
35 36 25
36 32 25
32 29 25
29 30 25
F26
1024
4 9 26
9 8 26
8 11 26
11 12 26
12 47 26
47 46 26
F27
1024
72 20 27
20 17 27
17 14 27
14 11 27
11 8 27
8 9 27
9 6 27
F28
1024
97 76 28
76 77 28
77 63 28
63 49 28
49 48 28
48 16 28
16 14 28
F29
1024
72 20 29
20 17 29
17 14 29
14 11 29
11 8 29
8 9 29
9 6 29
F30
1024
96 95 30
95 76 30
75 77 30
77 63 30
63 49 30
49 18 30
18 17 30
17 20 30
