F1
256
58 19 1
19 15 1
15 13 1
13 11 1
11 8 1
8 10 1
10 7 1
F2
256
59 39 2
39 40 2
40 36 2
36 37 2
37 33 2
33 98 2
F3
256
70 69 3
69 68 3
68 82 3
82 81 3
F4
256
52 51 4
51 50 4
50 49 4
49 63 4
63 64 4
64 65 4
F5
256
74 75 5
75 76 5
76 77 5
77 63 5
63 64 5
64 78 5
78 77 5
77 94 5
F6
256
2 15 6
15 14 6
14 11 6
11 12 6
12 47 6
47 61 6
61 75 6
F7
256
86 87 7
87 88 7
88 83 7
83 82 7
82 81 7
81 80 7
80 79 7
79 92 7
F8
256
95 76 8
76 77 8
77 63 8
63 49 8
49 50 8
50 22 8
22 18 8
F9
512
9 8 9
8 11 9
11 14 9
14 15 9
F10
512
54 68 10
68 82 10
82 81 10
81 80 10
80 79 10
F11
512
22 50 11
50 49 11
49 63 11
63 62 11
62 61 11
F12
512
87 84 12
84 83 12
83 82 12
82 89 12
F13
512
93 78 13
78 64 13
64 63 13
63 49 13
49 18 13
18 16 13
16 12 13
F14
512
69 68 14
68 82 14
82 81 14
81 80 14
F15
512
95 76 15
76 77 15
77 63 15
63 49 15
49 50 15
50 22 15
22 18 15
F16
512
83 82 16
82 68 16
68 54 16
54 34 16
F17
512
51 50 17
50 49 17
49 63 17
63 64 17
F18
1024
17 18 18
18 49 18
49 63 18
63 77 18
F19
1024
58 19 19
19 15 19
15 13 19
13 11 19
11 8 19
8 10 19
10 7 19
F20
1024
74 75 20
75 76 20
76 77 20
77 63 20
63 64 20
64 78 20
78 77 20
77 94 20
F21
1024
51 50 21
50 49 21
49 63 21
63 64 21
F22
1024
54 68 22
68 82 22
82 81 22
81 80 22
80 79 22
F23
1024
85 84 23
84 83 23
83 82 23
82 81 23
81 80 23
80 91 23
F24
1024
86 87 24
87 88 24
88 83 24
83 82 24
82 81 24
81 80 24
80 79 24
79 92 24
F25
1024
83 82 25
82 68 25
68 54 25
54 34 25
F26
1024
54 68 26
68 82 26
82 81 26
81 80 26
80 79 26
F27
1024
59 39 27
39 40 27
40 36 27
36 37 27
37 33 27
33 98 27
F28
1024
44 19 28
19 15 28
15 14 28
14 11 28
11 12 28
12 47 28
47 48 28
48 49 28
F29
1024
2 15 29
15 14 29
14 11 29
11 12 29
12 47 29
47 61 29
61 75 29
F30
1024
42 41 30
41 40 30
40 36 30
36 37 30
37 73 30
73 98 30
98 100 30
