F1
256
3 6 1
6 9 1
9 13 1
13 11 1
11 14 1
14 16 1
16 48 1
48 62 1
F2
256
58 19 2
19 15 2
15 13 2
13 11 2
11 8 2
8 10 2
10 7 2
F3
256
44 19 3
19 15 3
15 14 3
14 11 3
11 12 3
12 47 3
47 48 3
48 49 3
F4
256
22 50 4
50 49 4
49 63 4
63 62 4
62 61 4
F5
512
51 50 5
50 49 5
49 63 5
63 64 5
F6
512
22 50 6
50 49 6
49 63 6
63 62 6
62 61 6
F7
512
70 69 7
69 68 7
68 82 7
82 81 7
F8
512
83 82 8
82 68 8
68 54 8
54 34 8
F9
512
51 50 9
50 49 9
49 63 9
63 64 9
F10
512
2 15 10
15 14 10
14 11 10
11 12 10
12 47 10
47 61 10
61 75 10
F11
512
27 29 11
29 32 11
32 36 11
36 35 11
35 55 11
F12
512
56 55 12
55 54 12
54 68 12
68 82 12
82 81 12
81 67 12
F13
512
87 84 13
84 83 13
83 82 13
82 89 13
F14
512
43 38 14
38 40 14
40 36 14
36 32 14
32 29 14
29 27 14
27 26 14
F15
512
42 41 15
41 40 15
40 36 15
36 37 15
37 73 15
73 98 15
98 100 15
F16
512
96 95 16
95 76 16
75 77 16
77 63 16
63 49 16
49 18 16
18 17 16
17 20 16
F17
512
22 50 17
50 49 17
49 63 17
63 62 17
62 61 17
F18
512
72 20 18
20 17 18
17 14 18
14 11 18
11 8 18
8 9 18
9 6 18
F19
512
51 50 19
50 49 19
49 63 19
63 64 19
F20
512
17 18 20
18 49 20
49 63 20
63 77 20
F21
1024
74 75 21
75 76 21
76 77 21
77 63 21
63 64 21
64 78 21
78 77 21
77 94 21
F22
1024
17 18 22
18 49 22
49 63 22
63 77 22
F23
1024
70 69 23
69 68 23
68 82 23
82 81 23
F24
1024
57 56 24
56 55 24
55 35 24
35 36 24
36 32 24
32 29 24
29 30 24
F25
1024
74 75 25
75 76 25
76 77 25
77 63 25
63 64 25
64 78 25
78 77 25
77 94 25
F26
1024
42 41 26
41 40 26
40 36 26
36 37 26
37 73 26
73 98 26
98 100 26
F27
1024
74 75 27
75 76 27
76 77 27
77 63 27
63 64 27
64 78 27
78 77 27
77 94 27
F28
1024
97 76 28
76 77 28
77 63 28
63 49 28
49 48 28
48 16 28
16 14 28
F29
1024
74 75 29
75 76 29
76 77 29
77 63 29
63 64 29
64 78 29
78 77 29
77 94 29
F30
1024
97 76 30
76 77 30
77 63 30
63 49 30
49 48 30
48 16 30
16 14 30
