F1
256
71 56 1
56 38 1
38 40 1
40 36 1
36 32 1
32 34 1
34 31 1
31 28 1
F2
256
83 82 2
82 68 2
68 54 2
54 34 2
F3
256
96 95 3
95 76 3
75 77 3
77 63 3
63 49 3
49 18 3
18 17 3
17 20 3
F4
256
96 95 4
95 76 4
75 77 4
77 63 4
63 49 4
49 18 4
18 17 4
17 20 4
F5
256
44 19 5
19 15 5
15 14 5
14 11 5
11 12 5
12 47 5
47 48 5
48 49 5
F6
256
56 55 6
55 54 6
54 68 6
68 82 6
82 81 6
81 67 6
F7
256
85 84 7
84 83 7
83 82 7
82 81 7
81 80 7
80 91 7
F8
256
45 42 8
42 39 8
39 40 8
40 36 8
36 37 8
37 33 8
33 98 8
F9
256
41 40 9
40 36 9
36 37 9
37 73 9
F10
512
27 29 10
29 32 10
32 36 10
36 35 10
35 55 10
F11
512
41 40 11
40 36 11
36 37 11
37 73 11
F12
512
72 20 12
20 17 12
17 14 12
14 11 12
11 8 12
8 9 12
9 6 12
F13
512
70 69 13
69 68 13
68 82 13
82 81 13
F14
512
45 42 14
42 39 14
39 40 14
40 36 14
36 37 14
37 33 14
33 98 14
F15
512
54 68 15
68 82 15
82 81 15
81 80 15
80 79 15
F16
512
59 39 16
39 40 16
40 36 16
36 37 16
37 33 16
33 98 16
F17
512
71 56 17
56 38 17
38 40 17
40 36 17
36 32 17
32 34 17
34 31 17
31 28 17
F18
512
56 55 18
55 54 18
54 68 18
68 82 18
82 81 18
81 67 18
F19
512
50 64 19
64 63 19
63 77 19
77 76 19
F20
1024
72 20 20
20 17 20
17 14 20
14 11 20
11 8 20
8 9 20
9 6 20
F21
1024
93 78 21
78 64 21
64 63 21
63 49 21
49 18 21
18 16 21
16 12 21
F22
1024
96 95 22
95 76 22
75 77 22
77 63 22
63 49 22
49 18 22
18 17 22
17 20 22
F23
1024
85 84 23
84 83 23
83 82 23
82 81 23
81 80 23
80 91 23
F24
1024
1 13 24
13 11 24
11 12 24
12 47 24
47 61 24
61 60 24
F25
1024
17 18 25
18 49 25
49 63 25
63 77 25
F26
1024
17 18 26
18 49 26
49 63 26
63 77 26
F27
1024
43 38 27
38 40 27
40 36 27
36 32 27
32 29 27
29 27 27
27 26 27
F28
1024
57 56 28
56 55 28
55 35 28
35 36 28
36 32 28
32 29 28
29 30 28
F29
1024
17 18 29
18 49 29
49 63 29
63 77 29
F30
1024
44 19 30
19 15 30
15 14 30
14 11 30
11 12 30
12 47 30
47 48 30
48 49 30
