F1
256
45 42 1
42 39 1
39 40 1
40 36 1
36 37 1
37 33 1
33 98 1
F2
256
17 18 2
18 49 2
49 63 2
63 77 2
F3
256
54 68 3
68 82 3
82 81 3
81 80 3
80 79 3
F4
256
85 84 4
84 83 4
83 82 4
82 81 4
81 80 4
80 91 4
F5
256
85 84 5
84 83 5
83 82 5
82 81 5
81 80 5
80 91 5
F6
256
86 87 6
87 88 6
88 83 6
83 82 6
82 81 6
81 80 6
80 79 6
79 92 6
F7
512
23 20 7
20 17 7
17 14 7
14 11 7
11 12 7
12 16 7
F8
512
21 19 8
19 17 8
17 14 8
14 11 8
11 8 8
8 5 8
F9
512
44 19 9
19 15 9
15 14 9
14 11 9
11 12 9
12 47 9
47 48 9
48 49 9
F10
512
19 15 10
15 13 10
13 11 10
11 12 10
12 10 10
F11
512
9 8 11
8 11 11
11 14 11
14 15 11
F12
512
27 29 12
29 32 12
32 36 12
36 35 12
35 55 12
F13
512
21 19 13
19 17 13
17 14 13
14 11 13
11 8 13
8 5 13
F14
512
57 56 14
56 55 14
55 35 14
35 36 14
36 32 14
32 29 14
29 30 14
F15
512
56 55 15
55 54 15
54 68 15
68 82 15
82 81 15
81 67 15
F16
512
50 64 16
64 63 16
63 77 16
77 76 16
F17
512
97 76 17
76 77 17
77 63 17
63 49 17
49 48 17
48 16 17
16 14 17
F18
512
50 64 18
64 63 18
63 77 18
77 76 18
F19
1024
74 75 19
75 76 19
76 77 19
77 63 19
63 64 19
64 78 19
78 77 19
77 94 19
F20
1024
87 84 20
84 83 20
83 82 20
82 89 20
F21
1024
41 40 21
40 36 21
36 37 21
37 73 21
F22
1024
72 20 22
20 17 22
17 14 22
14 11 22
11 8 22
8 9 22
9 6 22
F23
1024
83 82 23
82 68 23
68 54 23
54 34 23
F24
1024
3 6 24
6 9 24
9 13 24
13 11 24
11 14 24
14 16 24
16 48 24
48 62 24
F25
1024
87 84 25
84 83 25
83 82 25
82 89 25
F26
1024
86 87 26
87 88 26
88 83 26
83 82 26
82 81 26
81 80 26
80 79 26
79 92 26
F27
1024
57 56 27
56 55 27
55 35 27
35 36 27
36 32 27
32 29 27
29 30 27
F28
1024
42 41 28
41 40 28
40 36 28
36 37 28
37 73 28
73 98 28
98 100 28
F29
1024
97 76 29
76 77 29
77 63 29
63 49 29
49 48 29
48 16 29
16 14 29
F30
1024
59 39 30
39 40 30
40 36 30
36 37 30
37 33 30
33 98 30
