F1
256
58 19 1
19 15 1
15 13 1
13 11 1
11 8 1
8 10 1
10 7 1
F2
256
84 83 2
83 82 2
82 81 2
81 90 2
F3
256
9 8 3
8 11 3
11 14 3
14 15 3
F4
256
95 76 4
76 77 4
77 63 4
63 49 4
49 50 4
50 22 4
22 18 4
F5
256
83 82 5
82 68 5
68 54 5
54 34 5
F6
256
88 83 6
83 69 6
69 55 6
55 54 6
54 53 6
F7
256
72 20 7
20 17 7
17 14 7
14 11 7
11 8 7
8 9 7
9 6 7
F8
256
95 76 8
76 77 8
77 63 8
63 49 8
49 50 8
50 22 8
22 18 8
F9
512
51 50 9
50 49 9
49 63 9
63 64 9
F10
512
42 41 10
41 40 10
40 36 10
36 37 10
37 73 10
73 98 10
98 100 10
F11
512
74 75 11
75 76 11
76 77 11
77 63 11
63 64 11
64 78 11
78 77 11
77 94 11
F12
512
42 41 12
41 40 12
40 36 12
36 37 12
37 73 12
73 98 12
98 100 12
F13
512
71 56 13
56 38 13
38 40 13
40 36 13
36 32 13
32 34 13
34 31 13
31 28 13
F14
512
96 95 14
95 76 14
75 77 14
77 63 14
63 49 14
49 18 14
18 17 14
17 20 14
F15
512
83 82 15
82 68 15
68 54 15
54 34 15
F16
1024
95 76 16
76 77 16
77 63 16
63 49 16
49 50 16
50 22 16
22 18 16
F17
1024
52 51 17
51 50 17
50 49 17
49 63 17
63 64 17
64 65 17
F18
1024
21 19 18
19 17 18
17 14 18
14 11 18
11 8 18
8 5 18
F19
1024
9 8 19
8 11 19
11 14 19
14 15 19
F20
1024
21 19 20
19 17 20
17 14 20
14 11 20
11 8 20
8 5 20
F21
1024
71 56 21
56 38 21
38 40 21
40 36 21
36 32 21
32 34 21
34 31 21
31 28 21
F22
1024
52 51 22
51 50 22
50 49 22
49 63 22
63 64 22
64 65 22
F23
1024
19 15 23
15 13 23
13 11 23
11 12 23
12 10 23
F24
1024
1 13 24
13 11 24
11 12 24
12 47 24
47 61 24
61 60 24
F25
1024
96 95 25
95 76 25
75 77 25
77 63 25
63 49 25
49 18 25
18 17 25
17 20 25
F26
1024
3 6 26
6 9 26
9 13 26
13 11 26
11 14 26
14 16 26
16 48 26
48 62 26
F27
1024
59 39 27
39 40 27
40 36 27
36 37 27
37 33 27
33 98 27
F28
1024
54 68 28
68 82 28
82 81 28
81 80 28
80 79 28
F29
1024
56 55 29
55 54 29
54 68 29
68 82 29
82 81 29
81 67 29
F30
1024
22 50 30
50 49 30
49 63 30
63 62 30
62 61 30
