F1
256
51 50 1
50 49 1
49 63 1
63 64 1
F2
256
95 76 2
76 77 2
77 63 2
63 49 2
49 50 2
50 22 2
22 18 2
F3
256
69 68 3
68 82 3
82 81 3
81 80 3
F4
256
2 15 4
15 14 4
14 11 4
11 12 4
12 47 4
47 61 4
61 75 4
F5
256
51 50 5
50 49 5
49 63 5
63 64 5
F6
256
69 68 6
68 82 6
82 81 6
81 80 6
F7
256
21 19 7
19 17 7
17 14 7
14 11 7
11 8 7
8 5 7
F8
256
58 19 8
19 15 8
15 13 8
13 11 8
11 8 8
8 10 8
10 7 8
F9
256
27 29 9
29 32 9
32 36 9
36 35 9
35 55 9
F10
256
69 68 10
68 82 10
82 81 10
81 80 10
F11
256
95 76 11
76 77 11
77 63 11
63 49 11
49 50 11
50 22 11
22 18 11
F12
512
19 15 12
15 13 12
13 11 12
11 12 12
12 10 12
F13
512
3 6 13
6 9 13
9 13 13
13 11 13
11 14 13
14 16 13
16 48 13
48 62 13
F14
512
41 40 14
40 36 14
36 37 14
37 73 14
F15
512
66 80 15
80 81 15
81 82 15
82 68 15
F16
512
23 20 16
20 17 16
17 14 16
14 11 16
11 12 16
12 16 16
F17
512
58 19 17
19 15 17
15 13 17
13 11 17
11 8 17
8 10 17
10 7 17
F18
512
69 68 18
68 82 18
82 81 18
81 80 18
F19
512
96 95 19
95 76 19
75 77 19
77 63 19
63 49 19
49 18 19
18 17 19
17 20 19
F20
512
74 75 20
75 76 20
76 77 20
77 63 20
63 64 20
64 78 20
78 77 20
77 94 20
F21
1024
9 8 21
8 11 21
11 14 21
14 15 21
F22
1024
21 19 22
19 17 22
17 14 22
14 11 22
11 8 22
8 5 22
F23
1024
58 19 23
19 15 23
15 13 23
13 11 23
11 8 23
8 10 23
10 7 23
F24
1024
21 19 24
19 17 24
17 14 24
14 11 24
11 8 24
8 5 24
F25
1024
84 83 25
83 82 25
82 81 25
81 90 25
F26
1024
45 42 26
42 39 26
39 40 26
40 36 26
36 37 26
37 33 26
33 98 26
F27
1024
59 39 27
39 40 27
40 36 27
36 37 27
37 33 27
33 98 27
F28
1024
69 68 28
68 82 28
82 81 28
81 80 28
F29
1024
21 19 29
19 17 29
17 14 29
14 11 29
11 8 29
8 5 29
F30
1024
66 80 30
80 81 30
81 82 30
82 68 30
