F1
256
66 80 1
80 81 1
81 82 1
82 68 1
F2
256
93 78 2
78 64 2
64 63 2
63 49 2
49 18 2
18 16 2
16 12 2
F3
256
72 20 3
20 17 3
17 14 3
14 11 3
11 8 3
8 9 3
9 6 3
F4
256
45 42 4
42 39 4
39 40 4
40 36 4
36 37 4
37 33 4
33 98 4
F5
256
96 95 5
95 76 5
75 77 5
77 63 5
63 49 5
49 18 5
18 17 5
17 20 5
F6
256
83 82 6
82 68 6
68 54 6
54 34 6
F7
256
96 95 7
95 76 7
75 77 7
77 63 7
63 49 7
49 18 7
18 17 7
17 20 7
F8
256
56 55 8
55 54 8
54 68 8
68 82 8
82 81 8
81 67 8
F9
256
51 50 9
50 49 9
49 63 9
63 64 9
F10
512
84 83 10
83 82 10
82 81 10
81 90 10
F11
512
85 84 11
84 83 11
83 82 11
82 81 11
81 80 11
80 91 11
F12
512
2 15 12
15 14 12
14 11 12
11 12 12
12 47 12
47 61 12
61 75 12
F13
512
93 78 13
78 64 13
64 63 13
63 49 13
49 18 13
18 16 13
16 12 13
F14
512
87 84 14
84 83 14
83 82 14
82 89 14
F15
512
57 56 15
56 55 15
55 35 15
35 36 15
36 32 15
32 29 15
29 30 15
F16
512
1 13 16
13 11 16
11 12 16
12 47 16
47 61 16
61 60 16
F17
512
97 76 17
76 77 17
77 63 17
63 49 17
49 48 17
48 16 17
16 14 17
F18
512
51 50 18
50 49 18
49 63 18
63 64 18
F19
512
19 15 19
15 13 19
13 11 19
11 12 19
12 10 19
F20
1024
41 40 20
40 36 20
36 37 20
37 73 20
F21
1024
59 39 21
39 40 21
40 36 21
36 37 21
37 33 21
33 98 21
F22
1024
74 75 22
75 76 22
76 77 22
77 63 22
63 64 22
64 78 22
78 77 22
77 94 22
F23
1024
9 8 23
8 11 23
11 14 23
14 15 23
F24
1024
9 8 24
8 11 24
11 14 24
14 15 24
F25
1024
70 69 25
69 68 25
68 82 25
82 81 25
F26
1024
72 20 26
20 17 26
17 14 26
14 11 26
11 8 26
8 9 26
9 6 26
F27
1024
87 84 27
84 83 27
83 82 27
82 89 27
F28
1024
66 80 28
80 81 28
81 82 28
82 68 28
F29
1024
58 19 29
19 15 29
15 13 29
13 11 29
11 8 29
8 10 29
10 7 29
F30
1024
93 78 30
78 64 30
64 63 30
63 49 30
49 18 30
18 16 30
16 12 30
