F1
256
83 82 1
82 68 1
68 54 1
54 34 1
F2
256
3 6 2
6 9 2
9 13 2
13 11 2
11 14 2
14 16 2
16 48 2
48 62 2
F3
256
1 13 3
13 11 3
11 12 3
12 47 3
47 61 3
61 60 3
F4
256
58 19 4
19 15 4
15 13 4
13 11 4
11 8 4
8 10 4
10 7 4
F5
256
72 20 5
20 17 5
17 14 5
14 11 5
11 8 5
8 9 5
9 6 5
F6
256
74 75 6
75 76 6
76 77 6
77 63 6
63 64 6
64 78 6
78 77 6
77 94 6
F7
512
45 42 7
42 39 7
39 40 7
40 36 7
36 37 7
37 33 7
33 98 7
F8
512
83 82 8
82 68 8
68 54 8
54 34 8
F9
512
44 19 9
19 15 9
15 14 9
14 11 9
11 12 9
12 47 9
47 48 9
48 49 9
F10
512
70 69 10
69 68 10
68 82 10
82 81 10
F11
512
9 8 11
8 11 11
11 14 11
14 15 11
F12
512
9 8 12
8 11 12
11 14 12
14 15 12
F13
512
83 82 13
82 68 13
68 54 13
54 34 13
F14
512
19 15 14
15 13 14
13 11 14
11 12 14
12 10 14
F15
512
84 83 15
83 82 15
82 81 15
81 90 15
F16
512
84 83 16
83 82 16
82 81 16
81 90 16
F17
1024
9 8 17
8 11 17
11 14 17
14 15 17
F18
1024
27 29 18
29 32 18
32 36 18
36 35 18
35 55 18
F19
1024
93 78 19
78 64 19
64 63 19
63 49 19
49 18 19
18 16 19
16 12 19
F20
1024
22 50 20
50 49 20
49 63 20
63 62 20
62 61 20
F21
1024
70 69 21
69 68 21
68 82 21
82 81 21
F22
1024
88 83 22
83 69 22
69 55 22
55 54 22
54 53 22
F23
1024
66 80 23
80 81 23
81 82 23
82 68 23
F24
1024
43 38 24
38 40 24
40 36 24
36 32 24
32 29 24
29 27 24
27 26 24
F25
1024
54 68 25
68 82 25
82 81 25
81 80 25
80 79 25
F26
1024
23 20 26
20 17 26
17 14 26
14 11 26
11 12 26
12 16 26
F27
1024
17 18 27
18 49 27
49 63 27
63 77 27
F28
1024
93 78 28
78 64 28
64 63 28
63 49 28
49 18 28
18 16 28
16 12 28
F29
1024
72 20 29
20 17 29
17 14 29
14 11 29
11 8 29
8 9 29
9 6 29
F30
1024
88 83 30
83 69 30
69 55 30
55 54 30
54 53 30
