F1
256
95 76 1
76 77 1
77 63 1
63 49 1
49 50 1
50 22 1
22 18 1
F2
256
88 83 2
83 69 2
69 55 2
55 54 2
54 53 2
F3
256
1 13 3
13 11 3
11 12 3
12 47 3
47 61 3
61 60 3
F4
256
57 56 4
56 55 4
55 35 4
35 36 4
36 32 4
32 29 4
29 30 4
F5
256
44 19 5
19 15 5
15 14 5
14 11 5
11 12 5
12 47 5
47 48 5
48 49 5
F6
256
56 55 6
55 54 6
54 68 6
68 82 6
82 81 6
81 67 6
F7
256
1 13 7
13 11 7
11 12 7
12 47 7
47 61 7
61 60 7
F8
256
52 51 8
51 50 8
50 49 8
49 63 8
63 64 8
64 65 8
F9
256
42 41 9
41 40 9
40 36 9
36 37 9
37 73 9
73 98 9
98 100 9
F10
256
23 20 10
20 17 10
17 14 10
14 11 10
11 12 10
12 16 10
F11
512
96 95 11
95 76 11
75 77 11
77 63 11
63 49 11
49 18 11
18 17 11
17 20 11
F12
512
56 55 12
55 54 12
54 68 12
68 82 12
82 81 12
81 67 12
F13
512
51 50 13
50 49 13
49 63 13
63 64 13
F14
512
22 50 14
50 49 14
49 63 14
63 62 14
62 61 14
F15
512
56 55 15
55 54 15
54 68 15
68 82 15
82 81 15
81 67 15
F16
512
58 19 16
19 15 16
15 13 16
13 11 16
11 8 16
8 10 16
10 7 16
F17
512
74 75 17
75 76 17
76 77 17
77 63 17
63 64 17
64 78 17
78 77 17
77 94 17
F18
512
85 84 18
84 83 18
83 82 18
82 81 18
81 80 18
80 91 18
F19
512
44 19 19
19 15 19
15 14 19
14 11 19
11 12 19
12 47 19
47 48 19
48 49 19
F20
1024
1 13 20
13 11 20
11 12 20
12 47 20
47 61 20
61 60 20
F21
1024
93 78 21
78 64 21
64 63 21
63 49 21
49 18 21
18 16 21
16 12 21
F22
1024
57 56 22
56 55 22
55 35 22
35 36 22
36 32 22
32 29 22
29 30 22
F23
1024
84 83 23
83 82 23
82 81 23
81 90 23
F24
1024
23 20 24
20 17 24
17 14 24
14 11 24
11 12 24
12 16 24
F25
1024
72 20 25
20 17 25
17 14 25
14 11 25
11 8 25
8 9 25
9 6 25
F26
1024
19 15 26
15 13 26
13 11 26
11 12 26
12 10 26
F27
1024
72 20 27
20 17 27
17 14 27
14 11 27
11 8 27
8 9 27
9 6 27
F28
1024
84 83 28
83 82 28
82 81 28
81 90 28
F29
1024
95 76 29
76 77 29
77 63 29
63 49 29
49 50 29
50 22 29
22 18 29
F30
1024
9 8 30
8 11 30
11 14 30
14 15 30
