F1
256
57 56 1
56 55 1
55 35 1
35 36 1
36 32 1
32 29 1
29 30 1
F2
256
21 19 2
19 17 2
17 14 2
14 11 2
11 8 2
8 5 2
F3
256
19 15 3
15 13 3
13 11 3
11 12 3
12 10 3
F4
256
59 39 4
39 40 4
40 36 4
36 37 4
37 33 4
33 98 4
F5
256
43 38 5
38 40 5
40 36 5
36 32 5
32 29 5
29 27 5
27 26 5
F6
256
27 29 6
29 32 6
32 36 6
36 35 6
35 55 6
F7
256
58 19 7
19 15 7
15 13 7
13 11 7
11 8 7
8 10 7
10 7 7
F8
256
50 64 8
64 63 8
63 77 8
77 76 8
F9
256
69 68 9
68 82 9
82 81 9
81 80 9
F10
256
72 20 10
20 17 10
17 14 10
14 11 10
11 8 10
8 9 10
9 6 10
F11
256
93 78 11
78 64 11
64 63 11
63 49 11
49 18 11
18 16 11
16 12 11
F12
256
85 84 12
84 83 12
83 82 12
82 81 12
81 80 12
80 91 12
F13
256
42 41 13
41 40 13
40 36 13
36 37 13
37 73 13
73 98 13
98 100 13
F14
256
66 80 14
80 81 14
81 82 14
82 68 14
F15
512
50 64 15
64 63 15
63 77 15
77 76 15
F16
512
52 51 16
51 50 16
50 49 16
49 63 16
63 64 16
64 65 16
F17
512
87 84 17
84 83 17
83 82 17
82 89 17
F18
512
74 75 18
75 76 18
76 77 18
77 63 18
63 64 18
64 78 18
78 77 18
77 94 18
F19
512
70 69 19
69 68 19
68 82 19
82 81 19
F20
512
71 56 20
56 38 20
38 40 20
40 36 20
36 32 20
32 34 20
34 31 20
31 28 20
F21
512
2 15 21
15 14 21
14 11 21
11 12 21
12 47 21
47 61 21
61 75 21
F22
512
41 40 22
40 36 22
36 37 22
37 73 22
F23
512
87 84 23
84 83 23
83 82 23
82 89 23
F24
512
43 38 24
38 40 24
40 36 24
36 32 24
32 29 24
29 27 24
27 26 24
F25
512
9 8 25
8 11 25
11 14 25
14 15 25
F26
512
66 80 26
80 81 26
81 82 26
82 68 26
F27
1024
70 69 27
69 68 27
68 82 27
82 81 27
F28
1024
22 50 28
50 49 28
49 63 28
63 62 28
62 61 28
F29
1024
17 18 29
18 49 29
49 63 29
63 77 29
F30
1024
44 19 30
19 15 30
15 14 30
14 11 30
11 12 30
12 47 30
47 48 30
48 49 30
