F1
256
97 76 1
76 77 1
77 63 1
63 49 1
49 48 1
48 16 1
16 14 1
F2
256
69 68 2
68 82 2
82 81 2
81 80 2
F3
256
9 8 3
8 11 3
11 14 3
14 15 3
F4
256
27 29 4
29 32 4
32 36 4
36 35 4
35 55 4
F5
256
93 78 5
78 64 5
64 63 5
63 49 5
49 18 5
18 16 5
16 12 5
F6
256
22 50 6
50 49 6
49 63 6
63 62 6
62 61 6
F7
256
52 51 7
51 50 7
50 49 7
49 63 7
63 64 7
64 65 7
F8
256
59 39 8
39 40 8
40 36 8
36 37 8
37 33 8
33 98 8
F9
256
3 6 9
6 9 9
9 13 9
13 11 9
11 14 9
14 16 9
16 48 9
48 62 9
F10
256
52 51 10
51 50 10
50 49 10
49 63 10
63 64 10
64 65 10
F11
512
72 20 11
20 17 11
17 14 11
14 11 11
11 8 11
8 9 11
9 6 11
F12
512
50 64 12
64 63 12
63 77 12
77 76 12
F13
512
85 84 13
84 83 13
83 82 13
82 81 13
81 80 13
80 91 13
F14
512
21 19 14
19 17 14
17 14 14
14 11 14
11 8 14
8 5 14
F15
512
70 69 15
69 68 15
68 82 15
82 81 15
F16
512
19 15 16
15 13 16
13 11 16
11 12 16
12 10 16
F17
1024
45 42 17
42 39 17
39 40 17
40 36 17
36 37 17
37 33 17
33 98 17
F18
1024
72 20 18
20 17 18
17 14 18
14 11 18
11 8 18
8 9 18
9 6 18
F19
1024
70 69 19
69 68 19
68 82 19
82 81 19
F20
1024
71 56 20
56 38 20
38 40 20
40 36 20
36 32 20
32 34 20
34 31 20
31 28 20
F21
1024
93 78 21
78 64 21
64 63 21
63 49 21
49 18 21
18 16 21
16 12 21
F22
1024
1 13 22
13 11 22
11 12 22
12 47 22
47 61 22
61 60 22
F23
1024
70 69 23
69 68 23
68 82 23
82 81 23
F24
1024
44 19 24
19 15 24
15 14 24
14 11 24
11 12 24
12 47 24
47 48 24
48 49 24
F25
1024
58 19 25
19 15 25
15 13 25
13 11 25
11 8 25
8 10 25
10 7 25
F26
1024
44 19 26
19 15 26
15 14 26
14 11 26
11 12 26
12 47 26
47 48 26
48 49 26
F27
1024
50 64 27
64 63 27
63 77 27
77 76 27
F28
1024
21 19 28
19 17 28
17 14 28
14 11 28
11 8 28
8 5 28
F29
1024
4 9 29
9 8 29
8 11 29
11 12 29
12 47 29
47 46 29
F30
1024
74 75 30
75 76 30
76 77 30
77 63 30
63 64 30
64 78 30
78 77 30
77 94 30
