F1
256
74 75 1
75 76 1
76 77 1
77 63 1
63 64 1
64 78 1
78 77 1
77 94 1
F2
256
72 20 2
20 17 2
17 14 2
14 11 2
11 8 2
8 9 2
9 6 2
F3
256
21 19 3
19 17 3
17 14 3
14 11 3
11 8 3
8 5 3
F4
256
22 50 4
50 49 4
49 63 4
63 62 4
62 61 4
F5
256
23 20 5
20 17 5
17 14 5
14 11 5
11 12 5
12 16 5
F6
256
51 50 6
50 49 6
49 63 6
63 64 6
F7
256
57 56 7
56 55 7
55 35 7
35 36 7
36 32 7
32 29 7
29 30 7
F8
256
1 13 8
13 11 8
11 12 8
12 47 8
47 61 8
61 60 8
F9
256
54 68 9
68 82 9
82 81 9
81 80 9
80 79 9
F10
512
44 19 10
19 15 10
15 14 10
14 11 10
11 12 10
12 47 10
47 48 10
48 49 10
F11
512
3 6 11
6 9 11
9 13 11
13 11 11
11 14 11
14 16 11
16 48 11
48 62 11
F12
512
4 9 12
9 8 12
8 11 12
11 12 12
12 47 12
47 46 12
F13
512
44 19 13
19 15 13
15 14 13
14 11 13
11 12 13
12 47 13
47 48 13
48 49 13
F14
512
22 50 14
50 49 14
49 63 14
63 62 14
62 61 14
F15
512
88 83 15
83 69 15
69 55 15
55 54 15
54 53 15
F16
512
50 64 16
64 63 16
63 77 16
77 76 16
F17
512
41 40 17
40 36 17
36 37 17
37 73 17
F18
512
85 84 18
84 83 18
83 82 18
82 81 18
81 80 18
80 91 18
F19
512
74 75 19
75 76 19
76 77 19
77 63 19
63 64 19
64 78 19
78 77 19
77 94 19
F20
1024
42 41 20
41 40 20
40 36 20
36 37 20
37 73 20
73 98 20
98 100 20
F21
1024
66 80 21
80 81 21
81 82 21
82 68 21
F22
1024
50 64 22
64 63 22
63 77 22
77 76 22
F23
1024
4 9 23
9 8 23
8 11 23
11 12 23
12 47 23
47 46 23
F24
1024
52 51 24
51 50 24
50 49 24
49 63 24
63 64 24
64 65 24
F25
1024
58 19 25
19 15 25
15 13 25
13 11 25
11 8 25
8 10 25
10 7 25
F26
1024
50 64 26
64 63 26
63 77 26
77 76 26
F27
1024
58 19 27
19 15 27
15 13 27
13 11 27
11 8 27
8 10 27
10 7 27
F28
1024
44 19 28
19 15 28
15 14 28
14 11 28
11 12 28
12 47 28
47 48 28
48 49 28
F29
1024
43 38 29
38 40 29
40 36 29
36 32 29
32 29 29
29 27 29
27 26 29
F30
1024
74 75 30
75 76 30
76 77 30
77 63 30
63 64 30
64 78 30
78 77 30
77 94 30
