F1
256
4 9 1
9 8 1
8 11 1
11 12 1
12 47 1
47 46 1
F2
256
69 68 2
68 82 2
82 81 2
81 80 2
F3
256
19 15 3
15 13 3
13 11 3
11 12 3
12 10 3
F4
256
74 75 4
75 76 4
76 77 4
77 63 4
63 64 4
64 78 4
78 77 4
77 94 4
F5
256
85 84 5
84 83 5
83 82 5
82 81 5
81 80 5
80 91 5
F6
512
1 13 6
13 11 6
11 12 6
12 47 6
47 61 6
61 60 6
F7
512
27 29 7
29 32 7
32 36 7
36 35 7
35 55 7
F8
512
58 19 8
19 15 8
15 13 8
13 11 8
11 8 8
8 10 8
10 7 8
F9
512
42 41 9
41 40 9
40 36 9
36 37 9
37 73 9
73 98 9
98 100 9
F10
512
54 68 10
68 82 10
82 81 10
81 80 10
80 79 10
F11
512
86 87 11
87 88 11
88 83 11
83 82 11
82 81 11
81 80 11
80 79 11
79 92 11
F12
1024
85 84 12
84 83 12
83 82 12
82 81 12
81 80 12
80 91 12
F13
1024
19 15 13
15 13 13
13 11 13
11 12 13
12 10 13
F14
1024
72 20 14
20 17 14
17 14 14
14 11 14
11 8 14
8 9 14
9 6 14
F15
1024
96 95 15
95 76 15
75 77 15
77 63 15
63 49 15
49 18 15
18 17 15
17 20 15
F16
1024
97 76 16
76 77 16
77 63 16
63 49 16
49 48 16
48 16 16
16 14 16
F17
1024
66 80 17
80 81 17
81 82 17
82 68 17
F18
1024
42 41 18
41 40 18
40 36 18
36 37 18
37 73 18
73 98 18
98 100 18
F19
1024
21 19 19
19 17 19
17 14 19
14 11 19
11 8 19
8 5 19
F20
1024
51 50 20
50 49 20
49 63 20
63 64 20
F21
1024
95 76 21
76 77 21
77 63 21
63 49 21
49 50 21
50 22 21
22 18 21
F22
1024
4 9 22
9 8 22
8 11 22
11 12 22
12 47 22
47 46 22
F23
1024
42 41 23
41 40 23
40 36 23
36 37 23
37 73 23
73 98 23
98 100 23
F24
1024
93 78 24
78 64 24
64 63 24
63 49 24
49 18 24
18 16 24
16 12 24
F25
1024
70 69 25
69 68 25
68 82 25
82 81 25
F26
1024
70 69 26
69 68 26
68 82 26
82 81 26
F27
1024
96 95 27
95 76 27
75 77 27
77 63 27
63 49 27
49 18 27
18 17 27
17 20 27
F28
1024
71 56 28
56 38 28
38 40 28
40 36 28
36 32 28
32 34 28
34 31 28
31 28 28
F29
1024
58 19 29
19 15 29
15 13 29
13 11 29
11 8 29
8 10 29
10 7 29
F30
1024
3 6 30
6 9 30
9 13 30
13 11 30
11 14 30
14 16 30
16 48 30
48 62 30
