F1
256
97 76 1
76 77 1
77 63 1
63 49 1
49 48 1
48 16 1
16 14 1
F2
256
42 41 2
41 40 2
40 36 2
36 37 2
37 73 2
73 98 2
98 100 2
F3
256
72 20 3
20 17 3
17 14 3
14 11 3
11 8 3
8 9 3
9 6 3
F4
256
66 80 4
80 81 4
81 82 4
82 68 4
F5
256
45 42 5
42 39 5
39 40 5
40 36 5
36 37 5
37 33 5
33 98 5
F6
256
86 87 6
87 88 6
88 83 6
83 82 6
82 81 6
81 80 6
80 79 6
79 92 6
F7
256
95 76 7
76 77 7
77 63 7
63 49 7
49 50 7
50 22 7
22 18 7
F8
256
23 20 8
20 17 8
17 14 8
14 11 8
11 12 8
12 16 8
F9
512
50 64 9
64 63 9
63 77 9
77 76 9
F10
512
27 29 10
29 32 10
32 36 10
36 35 10
35 55 10
F11
512
56 55 11
55 54 11
54 68 11
68 82 11
82 81 11
81 67 11
F12
512
9 8 12
8 11 12
11 14 12
14 15 12
F13
512
95 76 13
76 77 13
77 63 13
63 49 13
49 50 13
50 22 13
22 18 13
F14
512
69 68 14
68 82 14
82 81 14
81 80 14
F15
512
84 83 15
83 82 15
82 81 15
81 90 15
F16
512
42 41 16
41 40 16
40 36 16
36 37 16
37 73 16
73 98 16
98 100 16
F17
512
21 19 17
19 17 17
17 14 17
14 11 17
11 8 17
8 5 17
F18
512
44 19 18
19 15 18
15 14 18
14 11 18
11 12 18
12 47 18
47 48 18
48 49 18
F19
512
9 8 19
8 11 19
11 14 19
14 15 19
F20
512
22 50 20
50 49 20
49 63 20
63 62 20
62 61 20
F21
512
23 20 21
20 17 21
17 14 21
14 11 21
11 12 21
12 16 21
F22
1024
22 50 22
50 49 22
49 63 22
63 62 22
62 61 22
F23
1024
9 8 23
8 11 23
11 14 23
14 15 23
F24
1024
4 9 24
9 8 24
8 11 24
11 12 24
12 47 24
47 46 24
F25
1024
22 50 25
50 49 25
49 63 25
63 62 25
62 61 25
F26
1024
50 64 26
64 63 26
63 77 26
77 76 26
F27
1024
59 39 27
39 40 27
40 36 27
36 37 27
37 33 27
33 98 27
F28
1024
1 13 28
13 11 28
11 12 28
12 47 28
47 61 28
61 60 28
F29
1024
17 18 29
18 49 29
49 63 29
63 77 29
F30
1024
52 51 30
51 50 30
50 49 30
49 63 30
63 64 30
64 65 30
