F1
256
56 55 1
55 54 1
54 68 1
68 82 1
82 81 1
81 67 1
F2
256
71 56 2
56 38 2
38 40 2
40 36 2
36 32 2
32 34 2
34 31 2
31 28 2
F3
256
17 18 3
18 49 3
49 63 3
63 77 3
F4
256
23 20 4
20 17 4
17 14 4
14 11 4
11 12 4
12 16 4
F5
256
86 87 5
87 88 5
88 83 5
83 82 5
82 81 5
81 80 5
80 79 5
79 92 5
F6
256
84 83 6
83 82 6
82 81 6
81 90 6
F7
256
72 20 7
20 17 7
17 14 7
14 11 7
11 8 7
8 9 7
9 6 7
F8
256
84 83 8
83 82 8
82 81 8
81 90 8
F9
256
54 68 9
68 82 9
82 81 9
81 80 9
80 79 9
F10
256
83 82 10
82 68 10
68 54 10
54 34 10
F11
512
44 19 11
19 15 11
15 14 11
14 11 11
11 12 11
12 47 11
47 48 11
48 49 11
F12
512
70 69 12
69 68 12
68 82 12
82 81 12
F13
512
58 19 13
19 15 13
15 13 13
13 11 13
11 8 13
8 10 13
10 7 13
F14
512
59 39 14
39 40 14
40 36 14
36 37 14
37 33 14
33 98 14
F15
512
85 84 15
84 83 15
83 82 15
82 81 15
81 80 15
80 91 15
F16
512
87 84 16
84 83 16
83 82 16
82 89 16
F17
512
23 20 17
20 17 17
17 14 17
14 11 17
11 12 17
12 16 17
F18
512
42 41 18
41 40 18
40 36 18
36 37 18
37 73 18
73 98 18
98 100 18
F19
512
72 20 19
20 17 19
17 14 19
14 11 19
11 8 19
8 9 19
9 6 19
F20
512
93 78 20
78 64 20
64 63 20
63 49 20
49 18 20
18 16 20
16 12 20
F21
512
88 83 21
83 69 21
69 55 21
55 54 21
54 53 21
F22
512
50 64 22
64 63 22
63 77 22
77 76 22
F23
512
56 55 23
55 54 23
54 68 23
68 82 23
82 81 23
81 67 23
F24
512
84 83 24
83 82 24
82 81 24
81 90 24
F25
1024
88 83 25
83 69 25
69 55 25
55 54 25
54 53 25
F26
1024
50 64 26
64 63 26
63 77 26
77 76 26
F27
1024
2 15 27
15 14 27
14 11 27
11 12 27
12 47 27
47 61 27
61 75 27
F28
1024
52 51 28
51 50 28
50 49 28
49 63 28
63 64 28
64 65 28
F29
1024
70 69 29
69 68 29
68 82 29
82 81 29
F30
1024
84 83 30
83 82 30
82 81 30
81 90 30
