F1
256
22 50 1
50 49 1
49 63 1
63 62 1
62 61 1
F2
256
50 64 2
64 63 2
63 77 2
77 76 2
F3
256
19 15 3
15 13 3
13 11 3
11 12 3
12 10 3
F4
256
84 83 4
83 82 4
82 81 4
81 90 4
F5
256
21 19 5
19 17 5
17 14 5
14 11 5
11 8 5
8 5 5
F6
256
93 78 6
78 64 6
64 63 6
63 49 6
49 18 6
18 16 6
16 12 6
F7
256
96 95 7
95 76 7
75 77 7
77 63 7
63 49 7
49 18 7
18 17 7
17 20 7
F8
256
42 41 8
41 40 8
40 36 8
36 37 8
37 73 8
73 98 8
98 100 8
F9
256
95 76 9
76 77 9
77 63 9
63 49 9
49 50 9
50 22 9
22 18 9
F10
256
17 18 10
18 49 10
49 63 10
63 77 10
F11
256
54 68 11
68 82 11
82 81 11
81 80 11
80 79 11
F12
256
52 51 12
51 50 12
50 49 12
49 63 12
63 64 12
64 65 12
F13
256
19 15 13
15 13 13
13 11 13
11 12 13
12 10 13
F14
256
95 76 14
76 77 14
77 63 14
63 49 14
49 50 14
50 22 14
22 18 14
F15
512
74 75 15
75 76 15
76 77 15
77 63 15
63 64 15
64 78 15
78 77 15
77 94 15
F16
512
41 40 16
40 36 16
36 37 16
37 73 16
F17
512
9 8 17
8 11 17
11 14 17
14 15 17
F18
512
85 84 18
84 83 18
83 82 18
82 81 18
81 80 18
80 91 18
F19
512
69 68 19
68 82 19
82 81 19
81 80 19
F20
512
41 40 20
40 36 20
36 37 20
37 73 20
F21
512
71 56 21
56 38 21
38 40 21
40 36 21
36 32 21
32 34 21
34 31 21
31 28 21
F22
512
21 19 22
19 17 22
17 14 22
14 11 22
11 8 22
8 5 22
F23
512
72 20 23
20 17 23
17 14 23
14 11 23
11 8 23
8 9 23
9 6 23
F24
512
95 76 24
76 77 24
77 63 24
63 49 24
49 50 24
50 22 24
22 18 24
F25
1024
83 82 25
82 68 25
68 54 25
54 34 25
F26
1024
22 50 26
50 49 26
49 63 26
63 62 26
62 61 26
F27
1024
58 19 27
19 15 27
15 13 27
13 11 27
11 8 27
8 10 27
10 7 27
F28
1024
96 95 28
95 76 28
75 77 28
77 63 28
63 49 28
49 18 28
18 17 28
17 20 28
F29
1024
27 29 29
29 32 29
32 36 29
36 35 29
35 55 29
F30
1024
45 42 30
42 39 30
39 40 30
40 36 30
36 37 30
37 33 30
33 98 30
