F1
256
4 9 1
9 8 1
8 11 1
11 12 1
12 47 1
47 46 1
F2
256
4 9 2
9 8 2
8 11 2
11 12 2
12 47 2
47 46 2
F3
256
9 8 3
8 11 3
11 14 3
14 15 3
F4
256
93 78 4
78 64 4
64 63 4
63 49 4
49 18 4
18 16 4
16 12 4
F5
256
84 83 5
83 82 5
82 81 5
81 90 5
F6
256
57 56 6
56 55 6
55 35 6
35 36 6
36 32 6
32 29 6
29 30 6
F7
256
42 41 7
41 40 7
40 36 7
36 37 7
37 73 7
73 98 7
98 100 7
F8
256
2 15 8
15 14 8
14 11 8
11 12 8
12 47 8
47 61 8
61 75 8
F9
512
45 42 9
42 39 9
39 40 9
40 36 9
36 37 9
37 33 9
33 98 9
F10
512
43 38 10
38 40 10
40 36 10
36 32 10
32 29 10
29 27 10
27 26 10
F11
512
88 83 11
83 69 11
69 55 11
55 54 11
54 53 11
F12
512
86 87 12
87 88 12
88 83 12
83 82 12
82 81 12
81 80 12
80 79 12
79 92 12
F13
512
72 20 13
20 17 13
17 14 13
14 11 13
11 8 13
8 9 13
9 6 13
F14
512
57 56 14
56 55 14
55 35 14
35 36 14
36 32 14
32 29 14
29 30 14
F15
512
42 41 15
41 40 15
40 36 15
36 37 15
37 73 15
73 98 15
98 100 15
F16
512
9 8 16
8 11 16
11 14 16
14 15 16
F17
512
93 78 17
78 64 17
64 63 17
63 49 17
49 18 17
18 16 17
16 12 17
F18
512
88 83 18
83 69 18
69 55 18
55 54 18
54 53 18
F19
1024
1 13 19
13 11 19
11 12 19
12 47 19
47 61 19
61 60 19
F20
1024
21 19 20
19 17 20
17 14 20
14 11 20
11 8 20
8 5 20
F21
1024
86 87 21
87 88 21
88 83 21
83 82 21
82 81 21
81 80 21
80 79 21
79 92 21
F22
1024
42 41 22
41 40 22
40 36 22
36 37 22
37 73 22
73 98 22
98 100 22
F23
1024
96 95 23
95 76 23
75 77 23
77 63 23
63 49 23
49 18 23
18 17 23
17 20 23
F24
1024
74 75 24
75 76 24
76 77 24
77 63 24
63 64 24
64 78 24
78 77 24
77 94 24
F25
1024
87 84 25
84 83 25
83 82 25
82 89 25
F26
1024
74 75 26
75 76 26
76 77 26
77 63 26
63 64 26
64 78 26
78 77 26
77 94 26
F27
1024
19 15 27
15 13 27
13 11 27
11 12 27
12 10 27
F28
1024
42 41 28
41 40 28
40 36 28
36 37 28
37 73 28
73 98 28
98 100 28
F29
1024
42 41 29
41 40 29
40 36 29
36 37 29
37 73 29
73 98 29
98 100 29
F30
1024
52 51 30
51 50 30
50 49 30
49 63 30
63 64 30
64 65 30
