F1
256
59 39 1
39 40 1
40 36 1
36 37 1
37 33 1
33 98 1
F2
256
4 9 2
9 8 2
8 11 2
11 12 2
12 47 2
47 46 2
F3
256
41 40 3
40 36 3
36 37 3
37 73 3
F4
256
43 38 4
38 40 4
40 36 4
36 32 4
32 29 4
29 27 4
27 26 4
F5
256
4 9 5
9 8 5
8 11 5
11 12 5
12 47 5
47 46 5
F6
512
71 56 6
56 38 6
38 40 6
40 36 6
36 32 6
32 34 6
34 31 6
31 28 6
F7
512
86 87 7
87 88 7
88 83 7
83 82 7
82 81 7
81 80 7
80 79 7
79 92 7
F8
512
2 15 8
15 14 8
14 11 8
11 12 8
12 47 8
47 61 8
61 75 8
F9
512
19 15 9
15 13 9
13 11 9
11 12 9
12 10 9
F10
512
58 19 10
19 15 10
15 13 10
13 11 10
11 8 10
8 10 10
10 7 10
F11
512
3 6 11
6 9 11
9 13 11
13 11 11
11 14 11
14 16 11
16 48 11
48 62 11
F12
512
87 84 12
84 83 12
83 82 12
82 89 12
F13
512
51 50 13
50 49 13
49 63 13
63 64 13
F14
1024
74 75 14
75 76 14
76 77 14
77 63 14
63 64 14
64 78 14
78 77 14
77 94 14
F15
1024
1 13 15
13 11 15
11 12 15
12 47 15
47 61 15
61 60 15
F16
1024
45 42 16
42 39 16
39 40 16
40 36 16
36 37 16
37 33 16
33 98 16
F17
1024
93 78 17
78 64 17
64 63 17
63 49 17
49 18 17
18 16 17
16 12 17
F18
1024
70 69 18
69 68 18
68 82 18
82 81 18
F19
1024
95 76 19
76 77 19
77 63 19
63 49 19
49 50 19
50 22 19
22 18 19
F20
1024
95 76 20
76 77 20
77 63 20
63 49 20
49 50 20
50 22 20
22 18 20
F21
1024
71 56 21
56 38 21
38 40 21
40 36 21
36 32 21
32 34 21
34 31 21
31 28 21
F22
1024
96 95 22
95 76 22
75 77 22
77 63 22
63 49 22
49 18 22
18 17 22
17 20 22
F23
1024
41 40 23
40 36 23
36 37 23
37 73 23
F24
1024
2 15 24
15 14 24
14 11 24
11 12 24
12 47 24
47 61 24
61 75 24
F25
1024
21 19 25
19 17 25
17 14 25
14 11 25
11 8 25
8 5 25
F26
1024
97 76 26
76 77 26
77 63 26
63 49 26
49 48 26
48 16 26
16 14 26
F27
1024
70 69 27
69 68 27
68 82 27
82 81 27
F28
1024
23 20 28
20 17 28
17 14 28
14 11 28
11 12 28
12 16 28
F29
1024
70 69 29
69 68 29
68 82 29
82 81 29
F30
1024
23 20 30
20 17 30
17 14 30
14 11 30
11 12 30
12 16 30
