F1
256
88 83 1
83 69 1
69 55 1
55 54 1
54 53 1
F2
256
84 83 2
83 82 2
82 81 2
81 90 2
F3
256
71 56 3
56 38 3
38 40 3
40 36 3
36 32 3
32 34 3
34 31 3
31 28 3
F4
256
52 51 4
51 50 4
50 49 4
49 63 4
63 64 4
64 65 4
F5
256
95 76 5
76 77 5
77 63 5
63 49 5
49 50 5
50 22 5
22 18 5
F6
256
56 55 6
55 54 6
54 68 6
68 82 6
82 81 6
81 67 6
F7
256
51 50 7
50 49 7
49 63 7
63 64 7
F8
256
52 51 8
51 50 8
50 49 8
49 63 8
63 64 8
64 65 8
F9
512
72 20 9
20 17 9
17 14 9
14 11 9
11 8 9
8 9 9
9 6 9
F10
512
51 50 10
50 49 10
49 63 10
63 64 10
F11
512
86 87 11
87 88 11
88 83 11
83 82 11
82 81 11
81 80 11
80 79 11
79 92 11
F12
512
21 19 12
19 17 12
17 14 12
14 11 12
11 8 12
8 5 12
F13
512
51 50 13
50 49 13
49 63 13
63 64 13
F14
512
2 15 14
15 14 14
14 11 14
11 12 14
12 47 14
47 61 14
61 75 14
F15
512
71 56 15
56 38 15
38 40 15
40 36 15
36 32 15
32 34 15
34 31 15
31 28 15
F16
512
23 20 16
20 17 16
17 14 16
14 11 16
11 12 16
12 16 16
F17
512
57 56 17
56 55 17
55 35 17
35 36 17
36 32 17
32 29 17
29 30 17
F18
512
43 38 18
38 40 18
40 36 18
36 32 18
32 29 18
29 27 18
27 26 18
F19
1024
41 40 19
40 36 19
36 37 19
37 73 19
F20
1024
2 15 20
15 14 20
14 11 20
11 12 20
12 47 20
47 61 20
61 75 20
F21
1024
27 29 21
29 32 21
32 36 21
36 35 21
35 55 21
F22
1024
57 56 22
56 55 22
55 35 22
35 36 22
36 32 22
32 29 22
29 30 22
F23
1024
1 13 23
13 11 23
11 12 23
12 47 23
47 61 23
61 60 23
F24
1024
95 76 24
76 77 24
77 63 24
63 49 24
49 50 24
50 22 24
22 18 24
F25
1024
95 76 25
76 77 25
77 63 25
63 49 25
49 50 25
50 22 25
22 18 25
F26
1024
50 64 26
64 63 26
63 77 26
77 76 26
F27
1024
9 8 27
8 11 27
11 14 27
14 15 27
F28
1024
71 56 28
56 38 28
38 40 28
40 36 28
36 32 28
32 34 28
34 31 28
31 28 28
F29
1024
84 83 29
83 82 29
82 81 29
81 90 29
F30
1024
50 64 30
64 63 30
63 77 30
77 76 30
