F1
256
71 56 1
56 38 1
38 40 1
40 36 1
36 32 1
32 34 1
34 31 1
31 28 1
F2
256
85 84 2
84 83 2
83 82 2
82 81 2
81 80 2
80 91 2
F3
256
44 19 3
19 15 3
15 14 3
14 11 3
11 12 3
12 47 3
47 48 3
48 49 3
F4
256
43 38 4
38 40 4
40 36 4
36 32 4
32 29 4
29 27 4
27 26 4
F5
256
41 40 5
40 36 5
36 37 5
37 73 5
F6
256
43 38 6
38 40 6
40 36 6
36 32 6
32 29 6
29 27 6
27 26 6
F7
256
44 19 7
19 15 7
15 14 7
14 11 7
11 12 7
12 47 7
47 48 7
48 49 7
F8
256
19 15 8
15 13 8
13 11 8
11 12 8
12 10 8
F9
256
44 19 9
19 15 9
15 14 9
14 11 9
11 12 9
12 47 9
47 48 9
48 49 9
F10
256
41 40 10
40 36 10
36 37 10
37 73 10
F11
256
84 83 11
83 82 11
82 81 11
81 90 11
F12
256
95 76 12
76 77 12
77 63 12
63 49 12
49 50 12
50 22 12
22 18 12
F13
512
9 8 13
8 11 13
11 14 13
14 15 13
F14
512
58 19 14
19 15 14
15 13 14
13 11 14
11 8 14
8 10 14
10 7 14
F15
512
17 18 15
18 49 15
49 63 15
63 77 15
F16
512
42 41 16
41 40 16
40 36 16
36 37 16
37 73 16
73 98 16
98 100 16
F17
512
21 19 17
19 17 17
17 14 17
14 11 17
11 8 17
8 5 17
F18
512
96 95 18
95 76 18
75 77 18
77 63 18
63 49 18
49 18 18
18 17 18
17 20 18
F19
512
45 42 19
42 39 19
39 40 19
40 36 19
36 37 19
37 33 19
33 98 19
F20
512
19 15 20
15 13 20
13 11 20
11 12 20
12 10 20
F21
1024
84 83 21
83 82 21
82 81 21
81 90 21
F22
1024
87 84 22
84 83 22
83 82 22
82 89 22
F23
1024
1 13 23
13 11 23
11 12 23
12 47 23
47 61 23
61 60 23
F24
1024
59 39 24
39 40 24
40 36 24
36 37 24
37 33 24
33 98 24
F25
1024
45 42 25
42 39 25
39 40 25
40 36 25
36 37 25
37 33 25
33 98 25
F26
1024
22 50 26
50 49 26
49 63 26
63 62 26
62 61 26
F27
1024
86 87 27
87 88 27
88 83 27
83 82 27
82 81 27
81 80 27
80 79 27
79 92 27
F28
1024
97 76 28
76 77 28
77 63 28
63 49 28
49 48 28
48 16 28
16 14 28
F29
1024
74 75 29
75 76 29
76 77 29
77 63 29
63 64 29
64 78 29
78 77 29
77 94 29
F30
1024
45 42 30
42 39 30
39 40 30
40 36 30
36 37 30
37 33 30
33 98 30
