F1
256
93 78 1
78 64 1
64 63 1
63 49 1
49 18 1
18 16 1
16 12 1
F2
256
87 84 2
84 83 2
83 82 2
82 89 2
F3
256
83 82 3
82 68 3
68 54 3
54 34 3
F4
256
3 6 4
6 9 4
9 13 4
13 11 4
11 14 4
14 16 4
16 48 4
48 62 4
F5
256
42 41 5
41 40 5
40 36 5
36 37 5
37 73 5
73 98 5
98 100 5
F6
256
56 55 6
55 54 6
54 68 6
68 82 6
82 81 6
81 67 6
F7
256
23 20 7
20 17 7
17 14 7
14 11 7
11 12 7
12 16 7
F8
512
52 51 8
51 50 8
50 49 8
49 63 8
63 64 8
64 65 8
F9
512
9 8 9
8 11 9
11 14 9
14 15 9
F10
512
51 50 10
50 49 10
49 63 10
63 64 10
F11
512
43 38 11
38 40 11
40 36 11
36 32 11
32 29 11
29 27 11
27 26 11
F12
512
54 68 12
68 82 12
82 81 12
81 80 12
80 79 12
F13
512
51 50 13
50 49 13
49 63 13
63 64 13
F14
512
58 19 14
19 15 14
15 13 14
13 11 14
11 8 14
8 10 14
10 7 14
F15
512
50 64 15
64 63 15
63 77 15
77 76 15
F16
512
22 50 16
50 49 16
49 63 16
63 62 16
62 61 16
F17
512
43 38 17
38 40 17
40 36 17
36 32 17
32 29 17
29 27 17
27 26 17
F18
512
27 29 18
29 32 18
32 36 18
36 35 18
35 55 18
F19
512
43 38 19
38 40 19
40 36 19
36 32 19
32 29 19
29 27 19
27 26 19
F20
512
70 69 20
69 68 20
68 82 20
82 81 20
F21
1024
2 15 21
15 14 21
14 11 21
11 12 21
12 47 21
47 61 21
61 75 21
F22
1024
69 68 22
68 82 22
82 81 22
81 80 22
F23
1024
41 40 23
40 36 23
36 37 23
37 73 23
F24
1024
69 68 24
68 82 24
82 81 24
81 80 24
F25
1024
86 87 25
87 88 25
88 83 25
83 82 25
82 81 25
81 80 25
80 79 25
79 92 25
F26
1024
85 84 26
84 83 26
83 82 26
82 81 26
81 80 26
80 91 26
F27
1024
27 29 27
29 32 27
32 36 27
36 35 27
35 55 27
F28
1024
57 56 28
56 55 28
55 35 28
35 36 28
36 32 28
32 29 28
29 30 28
F29
1024
44 19 29
19 15 29
15 14 29
14 11 29
11 12 29
12 47 29
47 48 29
48 49 29
F30
1024
3 6 30
6 9 30
9 13 30
13 11 30
11 14 30
14 16 30
16 48 30
48 62 30
