F1
256
97 76 1
76 77 1
77 63 1
63 49 1
49 48 1
48 16 1
16 14 1
F2
256
9 8 2
8 11 2
11 14 2
14 15 2
F3
256
84 83 3
83 82 3
82 81 3
81 90 3
F4
256
17 18 4
18 49 4
49 63 4
63 77 4
F5
256
42 41 5
41 40 5
40 36 5
36 37 5
37 73 5
73 98 5
98 100 5
F6
256
45 42 6
42 39 6
39 40 6
40 36 6
36 37 6
37 33 6
33 98 6
F7
256
85 84 7
84 83 7
83 82 7
82 81 7
81 80 7
80 91 7
F8
256
43 38 8
38 40 8
40 36 8
36 32 8
32 29 8
29 27 8
27 26 8
F9
256
66 80 9
80 81 9
81 82 9
82 68 9
F10
512
93 78 10
78 64 10
64 63 10
63 49 10
49 18 10
18 16 10
16 12 10
F11
512
83 82 11
82 68 11
68 54 11
54 34 11
F12
512
17 18 12
18 49 12
49 63 12
63 77 12
F13
512
56 55 13
55 54 13
54 68 13
68 82 13
82 81 13
81 67 13
F14
512
21 19 14
19 17 14
17 14 14
14 11 14
11 8 14
8 5 14
F15
512
72 20 15
20 17 15
17 14 15
14 11 15
11 8 15
8 9 15
9 6 15
F16
512
41 40 16
40 36 16
36 37 16
37 73 16
F17
512
19 15 17
15 13 17
13 11 17
11 12 17
12 10 17
F18
512
19 15 18
15 13 18
13 11 18
11 12 18
12 10 18
F19
512
17 18 19
18 49 19
49 63 19
63 77 19
F20
512
19 15 20
15 13 20
13 11 20
11 12 20
12 10 20
F21
512
23 20 21
20 17 21
17 14 21
14 11 21
11 12 21
12 16 21
F22
512
23 20 22
20 17 22
17 14 22
14 11 22
11 12 22
12 16 22
F23
1024
21 19 23
19 17 23
17 14 23
14 11 23
11 8 23
8 5 23
F24
1024
93 78 24
78 64 24
64 63 24
63 49 24
49 18 24
18 16 24
16 12 24
F25
1024
52 51 25
51 50 25
50 49 25
49 63 25
63 64 25
64 65 25
F26
1024
2 15 26
15 14 26
14 11 26
11 12 26
12 47 26
47 61 26
61 75 26
F27
1024
9 8 27
8 11 27
11 14 27
14 15 27
F28
1024
21 19 28
19 17 28
17 14 28
14 11 28
11 8 28
8 5 28
F29
1024
93 78 29
78 64 29
64 63 29
63 49 29
49 18 29
18 16 29
16 12 29
F30
1024
45 42 30
42 39 30
39 40 30
40 36 30
36 37 30
37 33 30
33 98 30
