F1
256
24 96 1
96 20 1
20 80 1
F2
256
59 40 2
40 29 2
29 74 2
74 94 2
94 98 2
F3
256
92 16 3
16 35 3
35 74 3
74 22 3
22 67 3
F4
256
82 25 4
25 46 4
F5
256
68 23 5
23 58 5
58 86 5
86 33 5
F6
256
24 96 6
96 20 6
20 80 6
F7
256
59 40 7
40 29 7
29 74 7
74 94 7
94 98 7
F8
256
81 70 8
70 58 8
58 86 8
86 11 8
F9
512
50 39 9
39 74 9
74 63 9
F10
512
8 96 10
96 13 10
13 12 10
12 32 10
F11
512
53 70 11
70 58 11
58 86 11
86 33 11
33 84 11
F12
512
27 25 12
25 88 12
88 6 12
F13
512
100 8 13
8 96 13
96 75 13
F14
512
45 39 14
39 74 14
74 35 14
35 16 14
F15
512
87 61 15
61 90 15
90 25 15
25 69 15
F16
512
82 25 16
25 46 16
F17
512
55 63 17
63 74 17
74 22 17
22 67 17
67 28 17
F18
512
7 46 18
46 25 18
25 26 18
26 97 18
F19
1024
17 74 19
74 79 19
F20
1024
8 96 20
96 13 20
13 12 20
12 32 20
F21
1024
45 39 21
39 74 21
74 35 21
35 16 21
F22
1024
10 42 22
42 91 22
91 29 22
29 74 22
74 39 22
39 94 22
94 83 22
F23
1024
52 9 23
9 96 23
96 13 23
13 12 23
F24
1024
100 8 24
8 96 24
96 75 24
F25
1024
76 16 25
16 35 25
35 74 25
74 22 25
F26
1024
81 70 26
70 58 26
58 86 26
86 11 26
F27
1024
50 39 27
39 74 27
74 63 27
F28
1024
53 70 28
70 58 28
58 86 28
86 33 28
33 84 28
F29
1024
20 17 29
17 74 29
74 29 29
29 91 29
F30
1024
92 16 30
16 35 30
35 74 30
74 22 30
22 67 30
