F1
256
77 17 1
17 74 1
74 35 1
F2
256
45 39 2
39 74 2
74 35 2
35 16 2
F3
256
17 74 3
74 79 3
F4
256
88 25 4
25 82 4
82 89 4
F5
256
52 9 5
9 96 5
96 13 5
13 12 5
F6
256
100 8 6
8 96 6
96 75 6
F7
256
4 3 7
3 1 7
1 46 7
46 25 7
25 26 7
26 34 7
F8
256
10 42 8
42 91 8
91 29 8
29 74 8
74 39 8
39 94 8
94 83 8
F9
512
100 8 9
8 96 9
96 75 9
F10
512
60 85 10
85 27 10
27 25 10
25 88 10
88 61 10
F11
512
5 18 11
18 6 11
6 88 11
88 25 11
25 69 11
69 54 11
F12
512
68 23 12
23 58 12
58 86 12
86 33 12
F13
512
66 86 13
86 58 13
F14
512
82 25 14
25 46 14
F15
512
87 61 15
61 90 15
90 25 15
25 69 15
F16
512
59 40 16
40 29 16
29 74 16
74 94 16
94 98 16
F17
512
15 24 17
24 96 17
96 9 17
F18
512
60 85 18
85 27 18
27 25 18
25 88 18
88 61 18
F19
512
14 70 19
70 58 19
58 86 19
86 11 19
11 48 19
F20
512
78 71 20
71 86 20
86 43 20
43 72 20
F21
512
38 35 21
35 74 21
74 22 21
22 57 21
F22
1024
7 46 22
46 25 22
25 26 22
26 97 22
F23
1024
88 25 23
25 82 23
82 89 23
F24
1024
100 8 24
8 96 24
96 75 24
F25
1024
88 25 25
25 82 25
82 89 25
F26
1024
76 16 26
16 35 26
35 74 26
74 22 26
F27
1024
77 17 27
17 74 27
74 35 27
F28
1024
66 86 28
86 58 28
F29
1024
81 70 29
70 58 29
58 86 29
86 11 29
F30
1024
8 96 30
96 13 30
13 12 30
12 32 30
