F1
256
14 70 1
70 58 1
58 86 1
86 11 1
11 48 1
F2
256
31 52 2
52 66 2
66 86 2
86 71 2
F3
256
55 63 3
63 74 3
74 22 3
22 67 3
67 28 3
F4
256
24 96 4
96 20 4
20 80 4
F5
256
82 25 5
25 46 5
F6
256
47 76 6
76 16 6
16 35 6
35 74 6
74 22 6
22 94 6
F7
256
37 90 7
90 25 7
25 46 7
46 1 7
F8
256
82 25 8
25 46 8
F9
256
81 70 9
70 58 9
58 86 9
86 11 9
F10
256
52 9 10
9 96 10
96 13 10
13 12 10
F11
256
51 2 11
2 7 11
7 46 11
46 25 11
25 69 11
69 54 11
F12
256
10 42 12
42 91 12
91 29 12
29 74 12
74 39 12
39 94 12
94 83 12
F13
256
88 25 13
25 82 13
82 89 13
F14
256
41 76 14
76 16 14
16 35 14
35 74 14
74 29 14
F15
512
88 25 15
25 82 15
82 89 15
F16
512
59 40 16
40 29 16
29 74 16
74 94 16
94 98 16
F17
512
31 52 17
52 66 17
66 86 17
86 71 17
F18
512
95 70 18
70 58 18
58 86 18
86 43 18
F19
512
20 17 19
17 74 19
74 29 19
29 91 19
F20
512
38 35 20
35 74 20
74 22 20
22 57 20
F21
1024
10 42 21
42 91 21
91 29 21
29 74 21
74 39 21
39 94 21
94 83 21
F22
1024
68 23 22
23 58 22
58 86 22
86 33 22
F23
1024
4 3 23
3 1 23
1 46 23
46 25 23
25 26 23
26 34 23
F24
1024
10 42 24
42 91 24
91 29 24
29 74 24
74 39 24
39 94 24
94 83 24
F25
1024
88 25 25
25 82 25
82 89 25
F26
1024
78 71 26
71 86 26
86 43 26
43 72 26
F27
1024
24 96 27
96 20 27
20 80 27
F28
1024
45 39 28
39 74 28
74 35 28
35 16 28
F29
1024
55 63 29
63 74 29
74 22 29
22 67 29
67 28 29
F30
1024
66 86 30
86 58 30
