F1
256
17 74 1
74 79 1
F2
256
8 96 2
96 13 2
13 12 2
12 32 2
F3
256
92 16 3
16 35 3
35 74 3
74 22 3
22 67 3
F4
256
10 42 4
42 91 4
91 29 4
29 74 4
74 39 4
39 94 4
94 83 4
F5
256
8 96 5
96 13 5
13 12 5
12 32 5
F6
256
3 1 6
1 7 6
7 88 6
88 25 6
25 26 6
F7
256
47 76 7
76 16 7
16 35 7
35 74 7
74 22 7
22 94 7
F8
256
8 96 8
96 13 8
13 12 8
12 32 8
F9
256
52 9 9
9 96 9
96 13 9
13 12 9
F10
512
27 25 10
25 88 10
88 6 10
F11
512
31 52 11
52 66 11
66 86 11
86 71 11
F12
512
15 24 12
24 96 12
96 9 12
F13
512
47 76 13
76 16 13
16 35 13
35 74 13
74 22 13
22 94 13
F14
512
37 90 14
90 25 14
25 46 14
46 1 14
F15
512
15 24 15
24 96 15
96 9 15
F16
512
82 25 16
25 46 16
F17
512
8 96 17
96 13 17
13 12 17
12 32 17
F18
512
15 24 18
24 96 18
96 9 18
F19
512
50 39 19
39 74 19
74 63 19
F20
512
95 70 20
70 58 20
58 86 20
86 43 20
F21
512
38 35 21
35 74 21
74 22 21
22 57 21
F22
512
5 18 22
18 6 22
6 88 22
88 25 22
25 69 22
69 54 22
F23
512
8 96 23
96 13 23
13 12 23
12 32 23
F24
512
15 24 24
24 96 24
96 9 24
F25
1024
5 18 25
18 6 25
6 88 25
88 25 25
25 69 25
69 54 25
F26
1024
24 96 26
96 20 26
20 80 26
F27
1024
87 61 27
61 90 27
90 25 27
25 69 27
F28
1024
78 71 28
71 86 28
86 43 28
43 72 28
F29
1024
41 76 29
76 16 29
16 35 29
35 74 29
74 29 29
F30
1024
19 82 30
82 25 30
25 88 30
88 6 30
6 2 30
