F1
256
17 74 1
74 79 1
F2
256
3 1 2
1 7 2
7 88 2
88 25 2
25 26 2
F3
256
77 17 3
17 74 3
74 35 3
F4
256
14 70 4
70 58 4
58 86 4
86 11 4
11 48 4
F5
256
47 76 5
76 16 5
16 35 5
35 74 5
74 22 5
22 94 5
F6
256
27 25 6
25 88 6
88 6 6
F7
256
50 39 7
39 74 7
74 63 7
F8
256
30 36 8
36 20 8
20 96 8
96 13 8
F9
256
50 39 9
39 74 9
74 63 9
F10
256
100 8 10
8 96 10
96 75 10
F11
256
52 9 11
9 96 11
96 13 11
13 12 11
F12
256
41 76 12
76 16 12
16 35 12
35 74 12
74 29 12
F13
512
41 76 13
76 16 13
16 35 13
35 74 13
74 29 13
F14
512
14 70 14
70 58 14
58 86 14
86 11 14
11 48 14
F15
512
77 17 15
17 74 15
74 35 15
F16
512
77 17 16
17 74 16
74 35 16
F17
512
15 24 17
24 96 17
96 9 17
F18
512
51 2 18
2 7 18
7 46 18
46 25 18
25 69 18
69 54 18
F19
512
55 63 19
63 74 19
74 22 19
22 67 19
67 28 19
F20
512
59 40 20
40 29 20
29 74 20
74 94 20
94 98 20
F21
512
15 24 21
24 96 21
96 9 21
F22
512
41 76 22
76 16 22
16 35 22
35 74 22
74 29 22
F23
512
100 8 23
8 96 23
96 75 23
F24
512
92 16 24
16 35 24
35 74 24
74 22 24
22 67 24
F25
512
87 61 25
61 90 25
90 25 25
25 69 25
F26
512
14 70 26
70 58 26
58 86 26
86 11 26
11 48 26
F27
512
30 36 27
36 20 27
20 96 27
96 13 27
F28
1024
41 76 28
76 16 28
16 35 28
35 74 28
74 29 28
F29
1024
82 25 29
25 46 29
F30
1024
7 46 30
46 25 30
25 26 30
26 97 30
