F1
256
4 3 1
3 1 1
1 46 1
46 25 1
25 26 1
26 34 1
F2
256
51 2 2
2 7 2
7 46 2
46 25 2
25 69 2
69 54 2
F3
256
60 85 3
85 27 3
27 25 3
25 88 3
88 61 3
F4
256
88 25 4
25 82 4
82 89 4
F5
256
4 3 5
3 1 5
1 46 5
46 25 5
25 26 5
26 34 5
F6
256
52 9 6
9 96 6
96 13 6
13 12 6
F7
256
30 36 7
36 20 7
20 96 7
96 13 7
F8
256
55 63 8
63 74 8
74 22 8
22 67 8
67 28 8
F9
256
81 70 9
70 58 9
58 86 9
86 11 9
F10
512
20 17 10
17 74 10
74 29 10
29 91 10
F11
512
4 3 11
3 1 11
1 46 11
46 25 11
25 26 11
26 34 11
F12
512
92 16 12
16 35 12
35 74 12
74 22 12
22 67 12
F13
512
15 24 13
24 96 13
96 9 13
F14
512
81 70 14
70 58 14
58 86 14
86 11 14
F15
512
82 25 15
25 46 15
F16
512
27 25 16
25 88 16
88 6 16
F17
512
68 23 17
23 58 17
58 86 17
86 33 17
F18
512
41 76 18
76 16 18
16 35 18
35 74 18
74 29 18
F19
512
14 70 19
70 58 19
58 86 19
86 11 19
11 48 19
F20
512
88 25 20
25 82 20
82 89 20
F21
512
81 70 21
70 58 21
58 86 21
86 11 21
F22
1024
87 61 22
61 90 22
90 25 22
25 69 22
F23
1024
59 40 23
40 29 23
29 74 23
74 94 23
94 98 23
F24
1024
53 70 24
70 58 24
58 86 24
86 33 24
33 84 24
F25
1024
59 40 25
40 29 25
29 74 25
74 94 25
94 98 25
F26
1024
4 3 26
3 1 26
1 46 26
46 25 26
25 26 26
26 34 26
F27
1024
55 63 27
63 74 27
74 22 27
22 67 27
67 28 27
F28
1024
92 16 28
16 35 28
35 74 28
74 22 28
22 67 28
F29
1024
37 90 29
90 25 29
25 46 29
46 1 29
F30
1024
52 9 30
9 96 30
96 13 30
13 12 30
