F1
256
78 71 1
71 86 1
86 43 1
43 72 1
F2
256
37 90 2
90 25 2
25 46 2
46 1 2
F3
256
50 39 3
39 74 3
74 63 3
F4
256
41 76 4
76 16 4
16 35 4
35 74 4
74 29 4
F5
256
77 17 5
17 74 5
74 35 5
F6
256
17 74 6
74 79 6
F7
256
47 76 7
76 16 7
16 35 7
35 74 7
74 22 7
22 94 7
F8
256
100 8 8
8 96 8
96 75 8
F9
256
52 9 9
9 96 9
96 13 9
13 12 9
F10
256
76 16 10
16 35 10
35 74 10
74 22 10
F11
256
20 17 11
17 74 11
74 29 11
29 91 11
F12
256
19 82 12
82 25 12
25 88 12
88 6 12
6 2 12
F13
512
76 16 13
16 35 13
35 74 13
74 22 13
F14
512
76 16 14
16 35 14
35 74 14
74 22 14
F15
512
78 71 15
71 86 15
86 43 15
43 72 15
F16
512
8 96 16
96 13 16
13 12 16
12 32 16
F17
512
4 3 17
3 1 17
1 46 17
46 25 17
25 26 17
26 34 17
F18
512
60 85 18
85 27 18
27 25 18
25 88 18
88 61 18
F19
512
52 9 19
9 96 19
96 13 19
13 12 19
F20
512
24 96 20
96 20 20
20 80 20
F21
512
78 71 21
71 86 21
86 43 21
43 72 21
F22
512
81 70 22
70 58 22
58 86 22
86 11 22
F23
512
37 90 23
90 25 23
25 46 23
46 1 23
F24
1024
15 24 24
24 96 24
96 9 24
F25
1024
95 70 25
70 58 25
58 86 25
86 43 25
F26
1024
92 16 26
16 35 26
35 74 26
74 22 26
22 67 26
F27
1024
82 25 27
25 46 27
F28
1024
31 52 28
52 66 28
66 86 28
86 71 28
F29
1024
53 70 29
70 58 29
58 86 29
86 33 29
33 84 29
F30
1024
31 52 30
52 66 30
66 86 30
86 71 30
