F1
256
3 1 1
1 7 1
7 88 1
88 25 1
25 26 1
F2
256
30 36 2
36 20 2
20 96 2
96 13 2
F3
256
7 46 3
46 25 3
25 26 3
26 97 3
F4
256
3 1 4
1 7 4
7 88 4
88 25 4
25 26 4
F5
256
77 17 5
17 74 5
74 35 5
F6
256
51 2 6
2 7 6
7 46 6
46 25 6
25 69 6
69 54 6
F7
256
14 70 7
70 58 7
58 86 7
86 11 7
11 48 7
F8
256
37 90 8
90 25 8
25 46 8
46 1 8
F9
256
37 90 9
90 25 9
25 46 9
46 1 9
F10
256
51 2 10
2 7 10
7 46 10
46 25 10
25 69 10
69 54 10
F11
512
78 71 11
71 86 11
86 43 11
43 72 11
F12
512
76 16 12
16 35 12
35 74 12
74 22 12
F13
512
68 23 13
23 58 13
58 86 13
86 33 13
F14
512
37 90 14
90 25 14
25 46 14
46 1 14
F15
512
51 2 15
2 7 15
7 46 15
46 25 15
25 69 15
69 54 15
F16
512
88 25 16
25 82 16
82 89 16
F17
512
5 18 17
18 6 17
6 88 17
88 25 17
25 69 17
69 54 17
F18
1024
38 35 18
35 74 18
74 22 18
22 57 18
F19
1024
95 70 19
70 58 19
58 86 19
86 43 19
F20
1024
37 90 20
90 25 20
25 46 20
46 1 20
F21
1024
24 96 21
96 20 21
20 80 21
F22
1024
68 23 22
23 58 22
58 86 22
86 33 22
F23
1024
87 61 23
61 90 23
90 25 23
25 69 23
F24
1024
5 18 24
18 6 24
6 88 24
88 25 24
25 69 24
69 54 24
F25
1024
81 70 25
70 58 25
58 86 25
86 11 25
F26
1024
8 96 26
96 13 26
13 12 26
12 32 26
F27
1024
41 76 27
76 16 27
16 35 27
35 74 27
74 29 27
F28
1024
19 82 28
82 25 28
25 88 28
88 6 28
6 2 28
F29
1024
7 46 29
46 25 29
25 26 29
26 97 29
F30
1024
68 23 30
23 58 30
58 86 30
86 33 30
