F1
256
41 76 1
76 16 1
16 35 1
35 74 1
74 29 1
F2
256
82 25 2
25 46 2
F3
256
8 96 3
96 13 3
13 12 3
12 32 3
F4
256
20 17 4
17 74 4
74 29 4
29 91 4
F5
256
15 24 5
24 96 5
96 9 5
F6
256
87 61 6
61 90 6
90 25 6
25 69 6
F7
256
3 1 7
1 7 7
7 88 7
88 25 7
25 26 7
F8
256
66 86 8
86 58 8
F9
256
82 25 9
25 46 9
F10
512
15 24 10
24 96 10
96 9 10
F11
512
77 17 11
17 74 11
74 35 11
F12
512
66 86 12
86 58 12
F13
512
10 42 13
42 91 13
91 29 13
29 74 13
74 39 13
39 94 13
94 83 13
F14
512
60 85 14
85 27 14
27 25 14
25 88 14
88 61 14
F15
512
95 70 15
70 58 15
58 86 15
86 43 15
F16
512
45 39 16
39 74 16
74 35 16
35 16 16
F17
512
66 86 17
86 58 17
F18
512
60 85 18
85 27 18
27 25 18
25 88 18
88 61 18
F19
1024
87 61 19
61 90 19
90 25 19
25 69 19
F20
1024
53 70 20
70 58 20
58 86 20
86 33 20
33 84 20
F21
1024
10 42 21
42 91 21
91 29 21
29 74 21
74 39 21
39 94 21
94 83 21
F22
1024
66 86 22
86 58 22
F23
1024
17 74 23
74 79 23
F24
1024
50 39 24
39 74 24
74 63 24
F25
1024
8 96 25
96 13 25
13 12 25
12 32 25
F26
1024
68 23 26
23 58 26
58 86 26
86 33 26
F27
1024
27 25 27
25 88 27
88 6 27
F28
1024
40 29 28
29 74 28
74 39 28
F29
1024
77 17 29
17 74 29
74 35 29
F30
1024
38 35 30
35 74 30
74 22 30
22 57 30
