F1
256
20 17 1
17 74 1
74 29 1
29 91 1
F2
256
41 76 2
76 16 2
16 35 2
35 74 2
74 29 2
F3
256
41 76 3
76 16 3
16 35 3
35 74 3
74 29 3
F4
256
19 82 4
82 25 4
25 88 4
88 6 4
6 2 4
F5
256
88 25 5
25 82 5
82 89 5
F6
256
47 76 6
76 16 6
16 35 6
35 74 6
74 22 6
22 94 6
F7
256
95 70 7
70 58 7
58 86 7
86 43 7
F8
256
37 90 8
90 25 8
25 46 8
46 1 8
F9
256
37 90 9
90 25 9
25 46 9
46 1 9
F10
256
31 52 10
52 66 10
66 86 10
86 71 10
F11
256
19 82 11
82 25 11
25 88 11
88 6 11
6 2 11
F12
256
78 71 12
71 86 12
86 43 12
43 72 12
F13
512
92 16 13
16 35 13
35 74 13
74 22 13
22 67 13
F14
512
66 86 14
86 58 14
F15
512
51 2 15
2 7 15
7 46 15
46 25 15
25 69 15
69 54 15
F16
512
82 25 16
25 46 16
F17
512
51 2 17
2 7 17
7 46 17
46 25 17
25 69 17
69 54 17
F18
512
20 17 18
17 74 18
74 29 18
29 91 18
F19
1024
82 25 19
25 46 19
F20
1024
10 42 20
42 91 20
91 29 20
29 74 20
74 39 20
39 94 20
94 83 20
F21
1024
82 25 21
25 46 21
F22
1024
19 82 22
82 25 22
25 88 22
88 6 22
6 2 22
F23
1024
52 9 23
9 96 23
96 13 23
13 12 23
F24
1024
7 46 24
46 25 24
25 26 24
26 97 24
F25
1024
41 76 25
76 16 25
16 35 25
35 74 25
74 29 25
F26
1024
77 17 26
17 74 26
74 35 26
F27
1024
50 39 27
39 74 27
74 63 27
F28
1024
78 71 28
71 86 28
86 43 28
43 72 28
F29
1024
51 2 29
2 7 29
7 46 29
46 25 29
25 69 29
69 54 29
F30
1024
76 16 30
16 35 30
35 74 30
74 22 30
