F1
256
27 25 1
25 88 1
88 6 1
F2
256
20 17 2
17 74 2
74 29 2
29 91 2
F3
256
20 17 3
17 74 3
74 29 3
29 91 3
F4
256
87 61 4
61 90 4
90 25 4
25 69 4
F5
256
17 74 5
74 79 5
F6
256
17 74 6
74 79 6
F7
256
20 17 7
17 74 7
74 29 7
29 91 7
F8
256
20 17 8
17 74 8
74 29 8
29 91 8
F9
256
45 39 9
39 74 9
74 35 9
35 16 9
F10
256
20 17 10
17 74 10
74 29 10
29 91 10
F11
256
37 90 11
90 25 11
25 46 11
46 1 11
F12
256
41 76 12
76 16 12
16 35 12
35 74 12
74 29 12
F13
256
82 25 13
25 46 13
F14
512
37 90 14
90 25 14
25 46 14
46 1 14
F15
512
30 36 15
36 20 15
20 96 15
96 13 15
F16
512
20 17 16
17 74 16
74 29 16
29 91 16
F17
512
7 46 17
46 25 17
25 26 17
26 97 17
F18
512
7 46 18
46 25 18
25 26 18
26 97 18
F19
512
53 70 19
70 58 19
58 86 19
86 33 19
33 84 19
F20
512
77 17 20
17 74 20
74 35 20
F21
1024
92 16 21
16 35 21
35 74 21
74 22 21
22 67 21
F22
1024
15 24 22
24 96 22
96 9 22
F23
1024
66 86 23
86 58 23
F24
1024
81 70 24
70 58 24
58 86 24
86 11 24
F25
1024
60 85 25
85 27 25
27 25 25
25 88 25
88 61 25
F26
1024
15 24 26
24 96 26
96 9 26
F27
1024
77 17 27
17 74 27
74 35 27
F28
1024
19 82 28
82 25 28
25 88 28
88 6 28
6 2 28
F29
1024
14 70 29
70 58 29
58 86 29
86 11 29
11 48 29
F30
1024
76 16 30
16 35 30
35 74 30
74 22 30
