F1
256
17 74 1
74 79 1
F2
256
24 96 2
96 20 2
20 80 2
F3
256
55 63 3
63 74 3
74 22 3
22 67 3
67 28 3
F4
256
88 25 4
25 82 4
82 89 4
F5
256
53 70 5
70 58 5
58 86 5
86 33 5
33 84 5
F6
256
40 29 6
29 74 6
74 39 6
F7
256
20 17 7
17 74 7
74 29 7
29 91 7
F8
256
8 96 8
96 13 8
13 12 8
12 32 8
F9
256
100 8 9
8 96 9
96 75 9
F10
256
78 71 10
71 86 10
86 43 10
43 72 10
F11
256
24 96 11
96 20 11
20 80 11
F12
512
30 36 12
36 20 12
20 96 12
96 13 12
F13
512
24 96 13
96 20 13
20 80 13
F14
512
88 25 14
25 82 14
82 89 14
F15
512
10 42 15
42 91 15
91 29 15
29 74 15
74 39 15
39 94 15
94 83 15
F16
512
87 61 16
61 90 16
90 25 16
25 69 16
F17
512
78 71 17
71 86 17
86 43 17
43 72 17
F18
512
45 39 18
39 74 18
74 35 18
35 16 18
F19
512
19 82 19
82 25 19
25 88 19
88 6 19
6 2 19
F20
512
24 96 20
96 20 20
20 80 20
F21
1024
95 70 21
70 58 21
58 86 21
86 43 21
F22
1024
55 63 22
63 74 22
74 22 22
22 67 22
67 28 22
F23
1024
53 70 23
70 58 23
58 86 23
86 33 23
33 84 23
F24
1024
27 25 24
25 88 24
88 6 24
F25
1024
7 46 25
46 25 25
25 26 25
26 97 25
F26
1024
7 46 26
46 25 26
25 26 26
26 97 26
F27
1024
76 16 27
16 35 27
35 74 27
74 22 27
F28
1024
14 70 28
70 58 28
58 86 28
86 11 28
11 48 28
F29
1024
30 36 29
36 20 29
20 96 29
96 13 29
F30
1024
37 90 30
90 25 30
25 46 30
46 1 30
