F1
256
100 8 1
8 96 1
96 75 1
F2
256
14 70 2
70 58 2
58 86 2
86 11 2
11 48 2
F3
256
31 52 3
52 66 3
66 86 3
86 71 3
F4
256
50 39 4
39 74 4
74 63 4
F5
256
92 16 5
16 35 5
35 74 5
74 22 5
22 67 5
F6
256
20 17 6
17 74 6
74 29 6
29 91 6
F7
256
30 36 7
36 20 7
20 96 7
96 13 7
F8
512
10 42 8
42 91 8
91 29 8
29 74 8
74 39 8
39 94 8
94 83 8
F9
512
78 71 9
71 86 9
86 43 9
43 72 9
F10
512
41 76 10
76 16 10
16 35 10
35 74 10
74 29 10
F11
512
92 16 11
16 35 11
35 74 11
74 22 11
22 67 11
F12
512
53 70 12
70 58 12
58 86 12
86 33 12
33 84 12
F13
512
100 8 13
8 96 13
96 75 13
F14
512
14 70 14
70 58 14
58 86 14
86 11 14
11 48 14
F15
512
27 25 15
25 88 15
88 6 15
F16
512
78 71 16
71 86 16
86 43 16
43 72 16
F17
512
40 29 17
29 74 17
74 39 17
F18
512
27 25 18
25 88 18
88 6 18
F19
512
31 52 19
52 66 19
66 86 19
86 71 19
F20
1024
14 70 20
70 58 20
58 86 20
86 11 20
11 48 20
F21
1024
24 96 21
96 20 21
20 80 21
F22
1024
45 39 22
39 74 22
74 35 22
35 16 22
F23
1024
15 24 23
24 96 23
96 9 23
F24
1024
45 39 24
39 74 24
74 35 24
35 16 24
F25
1024
68 23 25
23 58 25
58 86 25
86 33 25
F26
1024
55 63 26
63 74 26
74 22 26
22 67 26
67 28 26
F27
1024
14 70 27
70 58 27
58 86 27
86 11 27
11 48 27
F28
1024
76 16 28
16 35 28
35 74 28
74 22 28
F29
1024
5 18 29
18 6 29
6 88 29
88 25 29
25 69 29
69 54 29
F30
1024
53 70 30
70 58 30
58 86 30
86 33 30
33 84 30
