F1
256
27 25 1
25 88 1
88 6 1
F2
256
15 24 2
24 96 2
96 9 2
F3
256
100 8 3
8 96 3
96 75 3
F4
256
95 70 4
70 58 4
58 86 4
86 43 4
F5
256
30 36 5
36 20 5
20 96 5
96 13 5
F6
256
14 70 6
70 58 6
58 86 6
86 11 6
11 48 6
F7
256
4 3 7
3 1 7
1 46 7
46 25 7
25 26 7
26 34 7
F8
512
37 90 8
90 25 8
25 46 8
46 1 8
F9
512
77 17 9
17 74 9
74 35 9
F10
512
38 35 10
35 74 10
74 22 10
22 57 10
F11
512
95 70 11
70 58 11
58 86 11
86 43 11
F12
512
47 76 12
76 16 12
16 35 12
35 74 12
74 22 12
22 94 12
F13
512
31 52 13
52 66 13
66 86 13
86 71 13
F14
512
78 71 14
71 86 14
86 43 14
43 72 14
F15
512
100 8 15
8 96 15
96 75 15
F16
512
30 36 16
36 20 16
20 96 16
96 13 16
F17
512
78 71 17
71 86 17
86 43 17
43 72 17
F18
512
92 16 18
16 35 18
35 74 18
74 22 18
22 67 18
F19
1024
51 2 19
2 7 19
7 46 19
46 25 19
25 69 19
69 54 19
F20
1024
47 76 20
76 16 20
16 35 20
35 74 20
74 22 20
22 94 20
F21
1024
24 96 21
96 20 21
20 80 21
F22
1024
77 17 22
17 74 22
74 35 22
F23
1024
51 2 23
2 7 23
7 46 23
46 25 23
25 69 23
69 54 23
F24
1024
30 36 24
36 20 24
20 96 24
96 13 24
F25
1024
4 3 25
3 1 25
1 46 25
46 25 25
25 26 25
26 34 25
F26
1024
66 86 26
86 58 26
F27
1024
100 8 27
8 96 27
96 75 27
F28
1024
45 39 28
39 74 28
74 35 28
35 16 28
F29
1024
68 23 29
23 58 29
58 86 29
86 33 29
F30
1024
47 76 30
76 16 30
16 35 30
35 74 30
74 22 30
22 94 30
