F1
256
77 17 1
17 74 1
74 35 1
F2
256
50 39 2
39 74 2
74 63 2
F3
256
77 17 3
17 74 3
74 35 3
F4
256
51 2 4
2 7 4
7 46 4
46 25 4
25 69 4
69 54 4
F5
256
7 46 5
46 25 5
25 26 5
26 97 5
F6
256
31 52 6
52 66 6
66 86 6
86 71 6
F7
256
78 71 7
71 86 7
86 43 7
43 72 7
F8
256
55 63 8
63 74 8
74 22 8
22 67 8
67 28 8
F9
256
50 39 9
39 74 9
74 63 9
F10
512
100 8 10
8 96 10
96 75 10
F11
512
53 70 11
70 58 11
58 86 11
86 33 11
33 84 11
F12
512
47 76 12
76 16 12
16 35 12
35 74 12
74 22 12
22 94 12
F13
512
15 24 13
24 96 13
96 9 13
F14
512
82 25 14
25 46 14
F15
512
92 16 15
16 35 15
35 74 15
74 22 15
22 67 15
F16
512
76 16 16
16 35 16
35 74 16
74 22 16
F17
512
8 96 17
96 13 17
13 12 17
12 32 17
F18
512
68 23 18
23 58 18
58 86 18
86 33 18
F19
512
17 74 19
74 79 19
F20
512
88 25 20
25 82 20
82 89 20
F21
512
40 29 21
29 74 21
74 39 21
F22
512
87 61 22
61 90 22
90 25 22
25 69 22
F23
1024
10 42 23
42 91 23
91 29 23
29 74 23
74 39 23
39 94 23
94 83 23
F24
1024
47 76 24
76 16 24
16 35 24
35 74 24
74 22 24
22 94 24
F25
1024
52 9 25
9 96 25
96 13 25
13 12 25
F26
1024
59 40 26
40 29 26
29 74 26
74 94 26
94 98 26
F27
1024
7 46 27
46 25 27
25 26 27
26 97 27
F28
1024
95 70 28
70 58 28
58 86 28
86 43 28
F29
1024
19 82 29
82 25 29
25 88 29
88 6 29
6 2 29
F30
1024
15 24 30
24 96 30
96 9 30
