F1
256
95 70 1
70 58 1
58 86 1
86 43 1
F2
256
60 85 2
85 27 2
27 25 2
25 88 2
88 61 2
F3
256
3 1 3
1 7 3
7 88 3
88 25 3
25 26 3
F4
256
68 23 4
23 58 4
58 86 4
86 33 4
F5
256
50 39 5
39 74 5
74 63 5
F6
256
24 96 6
96 20 6
20 80 6
F7
256
100 8 7
8 96 7
96 75 7
F8
256
41 76 8
76 16 8
16 35 8
35 74 8
74 29 8
F9
256
60 85 9
85 27 9
27 25 9
25 88 9
88 61 9
F10
256
14 70 10
70 58 10
58 86 10
86 11 10
11 48 10
F11
256
78 71 11
71 86 11
86 43 11
43 72 11
F12
512
55 63 12
63 74 12
74 22 12
22 67 12
67 28 12
F13
512
8 96 13
96 13 13
13 12 13
12 32 13
F14
512
31 52 14
52 66 14
66 86 14
86 71 14
F15
512
10 42 15
42 91 15
91 29 15
29 74 15
74 39 15
39 94 15
94 83 15
F16
512
24 96 16
96 20 16
20 80 16
F17
512
20 17 17
17 74 17
74 29 17
29 91 17
F18
512
14 70 18
70 58 18
58 86 18
86 11 18
11 48 18
F19
512
92 16 19
16 35 19
35 74 19
74 22 19
22 67 19
F20
512
30 36 20
36 20 20
20 96 20
96 13 20
F21
1024
27 25 21
25 88 21
88 6 21
F22
1024
37 90 22
90 25 22
25 46 22
46 1 22
F23
1024
41 76 23
76 16 23
16 35 23
35 74 23
74 29 23
F24
1024
10 42 24
42 91 24
91 29 24
29 74 24
74 39 24
39 94 24
94 83 24
F25
1024
37 90 25
90 25 25
25 46 25
46 1 25
F26
1024
51 2 26
2 7 26
7 46 26
46 25 26
25 69 26
69 54 26
F27
1024
78 71 27
71 86 27
86 43 27
43 72 27
F28
1024
4 3 28
3 1 28
1 46 28
46 25 28
25 26 28
26 34 28
F29
1024
30 36 29
36 20 29
20 96 29
96 13 29
F30
1024
8 96 30
96 13 30
13 12 30
12 32 30
