F1
256
55 63 1
63 74 1
74 22 1
22 67 1
67 28 1
F2
256
77 17 2
17 74 2
74 35 2
F3
256
51 2 3
2 7 3
7 46 3
46 25 3
25 69 3
69 54 3
F4
256
10 42 4
42 91 4
91 29 4
29 74 4
74 39 4
39 94 4
94 83 4
F5
256
31 52 5
52 66 5
66 86 5
86 71 5
F6
256
77 17 6
17 74 6
74 35 6
F7
256
38 35 7
35 74 7
74 22 7
22 57 7
F8
256
3 1 8
1 7 8
7 88 8
88 25 8
25 26 8
F9
256
59 40 9
40 29 9
29 74 9
74 94 9
94 98 9
F10
256
45 39 10
39 74 10
74 35 10
35 16 10
F11
256
100 8 11
8 96 11
96 75 11
F12
512
17 74 12
74 79 12
F13
512
51 2 13
2 7 13
7 46 13
46 25 13
25 69 13
69 54 13
F14
512
31 52 14
52 66 14
66 86 14
86 71 14
F15
512
50 39 15
39 74 15
74 63 15
F16
512
76 16 16
16 35 16
35 74 16
74 22 16
F17
512
78 71 17
71 86 17
86 43 17
43 72 17
F18
512
68 23 18
23 58 18
58 86 18
86 33 18
F19
512
4 3 19
3 1 19
1 46 19
46 25 19
25 26 19
26 34 19
F20
512
24 96 20
96 20 20
20 80 20
F21
512
10 42 21
42 91 21
91 29 21
29 74 21
74 39 21
39 94 21
94 83 21
F22
512
59 40 22
40 29 22
29 74 22
74 94 22
94 98 22
F23
1024
92 16 23
16 35 23
35 74 23
74 22 23
22 67 23
F24
1024
19 82 24
82 25 24
25 88 24
88 6 24
6 2 24
F25
1024
66 86 25
86 58 25
F26
1024
53 70 26
70 58 26
58 86 26
86 33 26
33 84 26
F27
1024
100 8 27
8 96 27
96 75 27
F28
1024
20 17 28
17 74 28
74 29 28
29 91 28
F29
1024
24 96 29
96 20 29
20 80 29
F30
1024
60 85 30
85 27 30
27 25 30
25 88 30
88 61 30
