F1
256
68 23 1
23 58 1
58 86 1
86 33 1
F2
256
77 17 2
17 74 2
74 35 2
F3
256
15 24 3
24 96 3
96 9 3
F4
256
60 85 4
85 27 4
27 25 4
25 88 4
88 61 4
F5
256
87 61 5
61 90 5
90 25 5
25 69 5
F6
256
68 23 6
23 58 6
58 86 6
86 33 6
F7
256
82 25 7
25 46 7
F8
256
4 3 8
3 1 8
1 46 8
46 25 8
25 26 8
26 34 8
F9
256
81 70 9
70 58 9
58 86 9
86 11 9
F10
256
30 36 10
36 20 10
20 96 10
96 13 10
F11
512
41 76 11
76 16 11
16 35 11
35 74 11
74 29 11
F12
512
14 70 12
70 58 12
58 86 12
86 11 12
11 48 12
F13
512
51 2 13
2 7 13
7 46 13
46 25 13
25 69 13
69 54 13
F14
512
30 36 14
36 20 14
20 96 14
96 13 14
F15
1024
8 96 15
96 13 15
13 12 15
12 32 15
F16
1024
38 35 16
35 74 16
74 22 16
22 57 16
F17
1024
68 23 17
23 58 17
58 86 17
86 33 17
F18
1024
40 29 18
29 74 18
74 39 18
F19
1024
78 71 19
71 86 19
86 43 19
43 72 19
F20
1024
19 82 20
82 25 20
25 88 20
88 6 20
6 2 20
F21
1024
31 52 21
52 66 21
66 86 21
86 71 21
F22
1024
37 90 22
90 25 22
25 46 22
46 1 22
F23
1024
47 76 23
76 16 23
16 35 23
35 74 23
74 22 23
22 94 23
F24
1024
52 9 24
9 96 24
96 13 24
13 12 24
F25
1024
45 39 25
39 74 25
74 35 25
35 16 25
F26
1024
55 63 26
63 74 26
74 22 26
22 67 26
67 28 26
F27
1024
41 76 27
76 16 27
16 35 27
35 74 27
74 29 27
F28
1024
47 76 28
76 16 28
16 35 28
35 74 28
74 22 28
22 94 28
F29
1024
87 61 29
61 90 29
90 25 29
25 69 29
F30
1024
82 25 30
25 46 30
