F1
256
68 23 1
23 58 1
58 86 1
86 33 1
F2
256
82 25 2
25 46 2
F3
256
50 39 3
39 74 3
74 63 3
F4
256
92 16 4
16 35 4
35 74 4
74 22 4
22 67 4
F5
256
76 16 5
16 35 5
35 74 5
74 22 5
F6
256
77 17 6
17 74 6
74 35 6
F7
256
81 70 7
70 58 7
58 86 7
86 11 7
F8
256
66 86 8
86 58 8
F9
256
92 16 9
16 35 9
35 74 9
74 22 9
22 67 9
F10
256
3 1 10
1 7 10
7 88 10
88 25 10
25 26 10
F11
256
4 3 11
3 1 11
1 46 11
46 25 11
25 26 11
26 34 11
F12
512
19 82 12
82 25 12
25 88 12
88 6 12
6 2 12
F13
512
40 29 13
29 74 13
74 39 13
F14
512
3 1 14
1 7 14
7 88 14
88 25 14
25 26 14
F15
512
92 16 15
16 35 15
35 74 15
74 22 15
22 67 15
F16
512
81 70 16
70 58 16
58 86 16
86 11 16
F17
512
87 61 17
61 90 17
90 25 17
25 69 17
F18
512
5 18 18
18 6 18
6 88 18
88 25 18
25 69 18
69 54 18
F19
512
53 70 19
70 58 19
58 86 19
86 33 19
33 84 19
F20
1024
27 25 20
25 88 20
88 6 20
F21
1024
19 82 21
82 25 21
25 88 21
88 6 21
6 2 21
F22
1024
14 70 22
70 58 22
58 86 22
86 11 22
11 48 22
F23
1024
87 61 23
61 90 23
90 25 23
25 69 23
F24
1024
30 36 24
36 20 24
20 96 24
96 13 24
F25
1024
95 70 25
70 58 25
58 86 25
86 43 25
F26
1024
53 70 26
70 58 26
58 86 26
86 33 26
33 84 26
F27
1024
14 70 27
70 58 27
58 86 27
86 11 27
11 48 27
F28
1024
8 96 28
96 13 28
13 12 28
12 32 28
F29
1024
92 16 29
16 35 29
35 74 29
74 22 29
22 67 29
F30
1024
3 1 30
1 7 30
7 88 30
88 25 30
25 26 30
