F1
256
55 63 1
63 74 1
74 22 1
22 67 1
67 28 1
F2
256
59 40 2
40 29 2
29 74 2
74 94 2
94 98 2
F3
256
38 35 3
35 74 3
74 22 3
22 57 3
F4
256
37 90 4
90 25 4
25 46 4
46 1 4
F5
256
47 76 5
76 16 5
16 35 5
35 74 5
74 22 5
22 94 5
F6
256
76 16 6
16 35 6
35 74 6
74 22 6
F7
256
8 96 7
96 13 7
13 12 7
12 32 7
F8
256
95 70 8
70 58 8
58 86 8
86 43 8
F9
256
5 18 9
18 6 9
6 88 9
88 25 9
25 69 9
69 54 9
F10
256
17 74 10
74 79 10
F11
256
47 76 11
76 16 11
16 35 11
35 74 11
74 22 11
22 94 11
F12
256
27 25 12
25 88 12
88 6 12
F13
512
55 63 13
63 74 13
74 22 13
22 67 13
67 28 13
F14
512
31 52 14
52 66 14
66 86 14
86 71 14
F15
512
53 70 15
70 58 15
58 86 15
86 33 15
33 84 15
F16
512
59 40 16
40 29 16
29 74 16
74 94 16
94 98 16
F17
512
82 25 17
25 46 17
F18
512
52 9 18
9 96 18
96 13 18
13 12 18
F19
512
51 2 19
2 7 19
7 46 19
46 25 19
25 69 19
69 54 19
F20
512
95 70 20
70 58 20
58 86 20
86 43 20
F21
512
100 8 21
8 96 21
96 75 21
F22
512
3 1 22
1 7 22
7 88 22
88 25 22
25 26 22
F23
512
40 29 23
29 74 23
74 39 23
F24
512
47 76 24
76 16 24
16 35 24
35 74 24
74 22 24
22 94 24
F25
1024
41 76 25
76 16 25
16 35 25
35 74 25
74 29 25
F26
1024
47 76 26
76 16 26
16 35 26
35 74 26
74 22 26
22 94 26
F27
1024
24 96 27
96 20 27
20 80 27
F28
1024
59 40 28
40 29 28
29 74 28
74 94 28
94 98 28
F29
1024
82 25 29
25 46 29
F30
1024
24 96 30
96 20 30
20 80 30
