F1
256
51 2 1
2 7 1
7 46 1
46 25 1
25 69 1
69 54 1
F2
256
24 96 2
96 20 2
20 80 2
F3
256
77 17 3
17 74 3
74 35 3
F4
256
45 39 4
39 74 4
74 35 4
35 16 4
F5
256
52 9 5
9 96 5
96 13 5
13 12 5
F6
256
53 70 6
70 58 6
58 86 6
86 33 6
33 84 6
F7
256
4 3 7
3 1 7
1 46 7
46 25 7
25 26 7
26 34 7
F8
512
37 90 8
90 25 8
25 46 8
46 1 8
F9
512
82 25 9
25 46 9
F10
512
41 76 10
76 16 10
16 35 10
35 74 10
74 29 10
F11
512
92 16 11
16 35 11
35 74 11
74 22 11
22 67 11
F12
512
59 40 12
40 29 12
29 74 12
74 94 12
94 98 12
F13
512
30 36 13
36 20 13
20 96 13
96 13 13
F14
512
53 70 14
70 58 14
58 86 14
86 33 14
33 84 14
F15
512
78 71 15
71 86 15
86 43 15
43 72 15
F16
512
4 3 16
3 1 16
1 46 16
46 25 16
25 26 16
26 34 16
F17
1024
10 42 17
42 91 17
91 29 17
29 74 17
74 39 17
39 94 17
94 83 17
F18
1024
17 74 18
74 79 18
F19
1024
66 86 19
86 58 19
F20
1024
27 25 20
25 88 20
88 6 20
F21
1024
45 39 21
39 74 21
74 35 21
35 16 21
F22
1024
66 86 22
86 58 22
F23
1024
8 96 23
96 13 23
13 12 23
12 32 23
F24
1024
100 8 24
8 96 24
96 75 24
F25
1024
68 23 25
23 58 25
58 86 25
86 33 25
F26
1024
88 25 26
25 82 26
82 89 26
F27
1024
100 8 27
8 96 27
96 75 27
F28
1024
60 85 28
85 27 28
27 25 28
25 88 28
88 61 28
F29
1024
77 17 29
17 74 29
74 35 29
F30
1024
55 63 30
63 74 30
74 22 30
22 67 30
67 28 30
