F1
256
78 71 1
71 86 1
86 43 1
43 72 1
F2
256
52 9 2
9 96 2
96 13 2
13 12 2
F3
256
4 3 3
3 1 3
1 46 3
46 25 3
25 26 3
26 34 3
F4
256
52 9 4
9 96 4
96 13 4
13 12 4
F5
256
82 25 5
25 46 5
F6
256
92 16 6
16 35 6
35 74 6
74 22 6
22 67 6
F7
256
52 9 7
9 96 7
96 13 7
13 12 7
F8
256
17 74 8
74 79 8
F9
256
77 17 9
17 74 9
74 35 9
F10
256
100 8 10
8 96 10
96 75 10
F11
512
27 25 11
25 88 11
88 6 11
F12
512
87 61 12
61 90 12
90 25 12
25 69 12
F13
512
92 16 13
16 35 13
35 74 13
74 22 13
22 67 13
F14
512
51 2 14
2 7 14
7 46 14
46 25 14
25 69 14
69 54 14
F15
512
41 76 15
76 16 15
16 35 15
35 74 15
74 29 15
F16
512
66 86 16
86 58 16
F17
512
50 39 17
39 74 17
74 63 17
F18
512
95 70 18
70 58 18
58 86 18
86 43 18
F19
512
20 17 19
17 74 19
74 29 19
29 91 19
F20
512
77 17 20
17 74 20
74 35 20
F21
512
95 70 21
70 58 21
58 86 21
86 43 21
F22
1024
55 63 22
63 74 22
74 22 22
22 67 22
67 28 22
F23
1024
68 23 23
23 58 23
58 86 23
86 33 23
F24
1024
38 35 24
35 74 24
74 22 24
22 57 24
F25
1024
15 24 25
24 96 25
96 9 25
F26
1024
47 76 26
76 16 26
16 35 26
35 74 26
74 22 26
22 94 26
F27
1024
31 52 27
52 66 27
66 86 27
86 71 27
F28
1024
14 70 28
70 58 28
58 86 28
86 11 28
11 48 28
F29
1024
66 86 29
86 58 29
F30
1024
88 25 30
25 82 30
82 89 30
