F1
256
31 52 1
52 66 1
66 86 1
86 71 1
F2
256
60 85 2
85 27 2
27 25 2
25 88 2
88 61 2
F3
256
37 90 3
90 25 3
25 46 3
46 1 3
F4
256
19 82 4
82 25 4
25 88 4
88 6 4
6 2 4
F5
256
37 90 5
90 25 5
25 46 5
46 1 5
F6
256
31 52 6
52 66 6
66 86 6
86 71 6
F7
256
60 85 7
85 27 7
27 25 7
25 88 7
88 61 7
F8
256
4 3 8
3 1 8
1 46 8
46 25 8
25 26 8
26 34 8
F9
256
50 39 9
39 74 9
74 63 9
F10
512
45 39 10
39 74 10
74 35 10
35 16 10
F11
512
59 40 11
40 29 11
29 74 11
74 94 11
94 98 11
F12
512
60 85 12
85 27 12
27 25 12
25 88 12
88 61 12
F13
512
45 39 13
39 74 13
74 35 13
35 16 13
F14
512
88 25 14
25 82 14
82 89 14
F15
512
38 35 15
35 74 15
74 22 15
22 57 15
F16
512
45 39 16
39 74 16
74 35 16
35 16 16
F17
512
92 16 17
16 35 17
35 74 17
74 22 17
22 67 17
F18
512
66 86 18
86 58 18
F19
512
14 70 19
70 58 19
58 86 19
86 11 19
11 48 19
F20
1024
51 2 20
2 7 20
7 46 20
46 25 20
25 69 20
69 54 20
F21
1024
88 25 21
25 82 21
82 89 21
F22
1024
14 70 22
70 58 22
58 86 22
86 11 22
11 48 22
F23
1024
52 9 23
9 96 23
96 13 23
13 12 23
F24
1024
38 35 24
35 74 24
74 22 24
22 57 24
F25
1024
27 25 25
25 88 25
88 6 25
F26
1024
37 90 26
90 25 26
25 46 26
46 1 26
F27
1024
45 39 27
39 74 27
74 35 27
35 16 27
F28
1024
45 39 28
39 74 28
74 35 28
35 16 28
F29
1024
82 25 29
25 46 29
F30
1024
51 2 30
2 7 30
7 46 30
46 25 30
25 69 30
69 54 30
