F1
256
50 39 1
39 74 1
74 63 1
F2
256
38 35 2
35 74 2
74 22 2
22 57 2
F3
256
7 46 3
46 25 3
25 26 3
26 97 3
F4
256
55 63 4
63 74 4
74 22 4
22 67 4
67 28 4
F5
256
24 96 5
96 20 5
20 80 5
F6
256
14 70 6
70 58 6
58 86 6
86 11 6
11 48 6
F7
256
68 23 7
23 58 7
58 86 7
86 33 7
F8
256
59 40 8
40 29 8
29 74 8
74 94 8
94 98 8
F9
256
81 70 9
70 58 9
58 86 9
86 11 9
F10
256
95 70 10
70 58 10
58 86 10
86 43 10
F11
256
15 24 11
24 96 11
96 9 11
F12
512
92 16 12
16 35 12
35 74 12
74 22 12
22 67 12
F13
512
15 24 13
24 96 13
96 9 13
F14
512
8 96 14
96 13 14
13 12 14
12 32 14
F15
512
30 36 15
36 20 15
20 96 15
96 13 15
F16
512
88 25 16
25 82 16
82 89 16
F17
512
30 36 17
36 20 17
20 96 17
96 13 17
F18
512
53 70 18
70 58 18
58 86 18
86 33 18
33 84 18
F19
512
31 52 19
52 66 19
66 86 19
86 71 19
F20
512
19 82 20
82 25 20
25 88 20
88 6 20
6 2 20
F21
1024
50 39 21
39 74 21
74 63 21
F22
1024
24 96 22
96 20 22
20 80 22
F23
1024
53 70 23
70 58 23
58 86 23
86 33 23
33 84 23
F24
1024
55 63 24
63 74 24
74 22 24
22 67 24
67 28 24
F25
1024
81 70 25
70 58 25
58 86 25
86 11 25
F26
1024
68 23 26
23 58 26
58 86 26
86 33 26
F27
1024
53 70 27
70 58 27
58 86 27
86 33 27
33 84 27
F28
1024
81 70 28
70 58 28
58 86 28
86 11 28
F29
1024
53 70 29
70 58 29
58 86 29
86 33 29
33 84 29
F30
1024
38 35 30
35 74 30
74 22 30
22 57 30
