F1
256
27 25 1
25 88 1
88 6 1
F2
256
27 25 2
25 88 2
88 6 2
F3
256
15 24 3
24 96 3
96 9 3
F4
256
50 39 4
39 74 4
74 63 4
F5
256
5 18 5
18 6 5
6 88 5
88 25 5
25 69 5
69 54 5
F6
256
14 70 6
70 58 6
58 86 6
86 11 6
11 48 6
F7
512
15 24 7
24 96 7
96 9 7
F8
512
45 39 8
39 74 8
74 35 8
35 16 8
F9
512
40 29 9
29 74 9
74 39 9
F10
512
24 96 10
96 20 10
20 80 10
F11
512
77 17 11
17 74 11
74 35 11
F12
512
19 82 12
82 25 12
25 88 12
88 6 12
6 2 12
F13
512
31 52 13
52 66 13
66 86 13
86 71 13
F14
1024
40 29 14
29 74 14
74 39 14
F15
1024
66 86 15
86 58 15
F16
1024
41 76 16
76 16 16
16 35 16
35 74 16
74 29 16
F17
1024
45 39 17
39 74 17
74 35 17
35 16 17
F18
1024
14 70 18
70 58 18
58 86 18
86 11 18
11 48 18
F19
1024
59 40 19
40 29 19
29 74 19
74 94 19
94 98 19
F20
1024
51 2 20
2 7 20
7 46 20
46 25 20
25 69 20
69 54 20
F21
1024
53 70 21
70 58 21
58 86 21
86 33 21
33 84 21
F22
1024
50 39 22
39 74 22
74 63 22
F23
1024
14 70 23
70 58 23
58 86 23
86 11 23
11 48 23
F24
1024
5 18 24
18 6 24
6 88 24
88 25 24
25 69 24
69 54 24
F25
1024
38 35 25
35 74 25
74 22 25
22 57 25
F26
1024
4 3 26
3 1 26
1 46 26
46 25 26
25 26 26
26 34 26
F27
1024
52 9 27
9 96 27
96 13 27
13 12 27
F28
1024
14 70 28
70 58 28
58 86 28
86 11 28
11 48 28
F29
1024
24 96 29
96 20 29
20 80 29
F30
1024
10 42 30
42 91 30
91 29 30
29 74 30
74 39 30
39 94 30
94 83 30
