F1
256
40 29 1
29 74 1
74 39 1
F2
256
7 46 2
46 25 2
25 26 2
26 97 2
F3
256
3 1 3
1 7 3
7 88 3
88 25 3
25 26 3
F4
256
37 90 4
90 25 4
25 46 4
46 1 4
F5
256
19 82 5
82 25 5
25 88 5
88 6 5
6 2 5
F6
256
51 2 6
2 7 6
7 46 6
46 25 6
25 69 6
69 54 6
F7
256
19 82 7
82 25 7
25 88 7
88 6 7
6 2 7
F8
256
53 70 8
70 58 8
58 86 8
86 33 8
33 84 8
F9
512
77 17 9
17 74 9
74 35 9
F10
512
40 29 10
29 74 10
74 39 10
F11
512
92 16 11
16 35 11
35 74 11
74 22 11
22 67 11
F12
512
37 90 12
90 25 12
25 46 12
46 1 12
F13
512
53 70 13
70 58 13
58 86 13
86 33 13
33 84 13
F14
512
41 76 14
76 16 14
16 35 14
35 74 14
74 29 14
F15
512
15 24 15
24 96 15
96 9 15
F16
512
3 1 16
1 7 16
7 88 16
88 25 16
25 26 16
F17
512
14 70 17
70 58 17
58 86 17
86 11 17
11 48 17
F18
512
100 8 18
8 96 18
96 75 18
F19
512
19 82 19
82 25 19
25 88 19
88 6 19
6 2 19
F20
512
88 25 20
25 82 20
82 89 20
F21
1024
52 9 21
9 96 21
96 13 21
13 12 21
F22
1024
37 90 22
90 25 22
25 46 22
46 1 22
F23
1024
4 3 23
3 1 23
1 46 23
46 25 23
25 26 23
26 34 23
F24
1024
3 1 24
1 7 24
7 88 24
88 25 24
25 26 24
F25
1024
92 16 25
16 35 25
35 74 25
74 22 25
22 67 25
F26
1024
5 18 26
18 6 26
6 88 26
88 25 26
25 69 26
69 54 26
F27
1024
81 70 27
70 58 27
58 86 27
86 11 27
F28
1024
27 25 28
25 88 28
88 6 28
F29
1024
50 39 29
39 74 29
74 63 29
F30
1024
31 52 30
52 66 30
66 86 30
86 71 30
