F1
256
7 46 1
46 25 1
25 26 1
26 97 1
F2
256
15 24 2
24 96 2
96 9 2
F3
256
59 40 3
40 29 3
29 74 3
74 94 3
94 98 3
F4
256
4 3 4
3 1 4
1 46 4
46 25 4
25 26 4
26 34 4
F5
256
55 63 5
63 74 5
74 22 5
22 67 5
67 28 5
F6
256
7 46 6
46 25 6
25 26 6
26 97 6
F7
256
92 16 7
16 35 7
35 74 7
74 22 7
22 67 7
F8
256
4 3 8
3 1 8
1 46 8
46 25 8
25 26 8
26 34 8
F9
256
45 39 9
39 74 9
74 35 9
35 16 9
F10
256
10 42 10
42 91 10
91 29 10
29 74 10
74 39 10
39 94 10
94 83 10
F11
256
53 70 11
70 58 11
58 86 11
86 33 11
33 84 11
F12
256
45 39 12
39 74 12
74 35 12
35 16 12
F13
256
68 23 13
23 58 13
58 86 13
86 33 13
F14
512
92 16 14
16 35 14
35 74 14
74 22 14
22 67 14
F15
512
68 23 15
23 58 15
58 86 15
86 33 15
F16
512
59 40 16
40 29 16
29 74 16
74 94 16
94 98 16
F17
512
7 46 17
46 25 17
25 26 17
26 97 17
F18
512
14 70 18
70 58 18
58 86 18
86 11 18
11 48 18
F19
512
50 39 19
39 74 19
74 63 19
F20
512
15 24 20
24 96 20
96 9 20
F21
512
31 52 21
52 66 21
66 86 21
86 71 21
F22
512
37 90 22
90 25 22
25 46 22
46 1 22
F23
512
38 35 23
35 74 23
74 22 23
22 57 23
F24
512
50 39 24
39 74 24
74 63 24
F25
1024
7 46 25
46 25 25
25 26 25
26 97 25
F26
1024
59 40 26
40 29 26
29 74 26
74 94 26
94 98 26
F27
1024
10 42 27
42 91 27
91 29 27
29 74 27
74 39 27
39 94 27
94 83 27
F28
1024
68 23 28
23 58 28
58 86 28
86 33 28
F29
1024
24 96 29
96 20 29
20 80 29
F30
1024
59 40 30
40 29 30
29 74 30
74 94 30
94 98 30
