F1
256
55 63 1
63 74 1
74 22 1
22 67 1
67 28 1
F2
256
87 61 2
61 90 2
90 25 2
25 69 2
F3
256
92 16 3
16 35 3
35 74 3
74 22 3
22 67 3
F4
256
10 42 4
42 91 4
91 29 4
29 74 4
74 39 4
39 94 4
94 83 4
F5
512
59 40 5
40 29 5
29 74 5
74 94 5
94 98 5
F6
512
8 96 6
96 13 6
13 12 6
12 32 6
F7
512
87 61 7
61 90 7
90 25 7
25 69 7
F8
512
92 16 8
16 35 8
35 74 8
74 22 8
22 67 8
F9
512
20 17 9
17 74 9
74 29 9
29 91 9
F10
512
87 61 10
61 90 10
90 25 10
25 69 10
F11
512
8 96 11
96 13 11
13 12 11
12 32 11
F12
512
14 70 12
70 58 12
58 86 12
86 11 12
11 48 12
F13
512
41 76 13
76 16 13
16 35 13
35 74 13
74 29 13
F14
512
53 70 14
70 58 14
58 86 14
86 33 14
33 84 14
F15
512
5 18 15
18 6 15
6 88 15
88 25 15
25 69 15
69 54 15
F16
512
10 42 16
42 91 16
91 29 16
29 74 16
74 39 16
39 94 16
94 83 16
F17
512
15 24 17
24 96 17
96 9 17
F18
512
81 70 18
70 58 18
58 86 18
86 11 18
F19
512
41 76 19
76 16 19
16 35 19
35 74 19
74 29 19
F20
1024
47 76 20
76 16 20
16 35 20
35 74 20
74 22 20
22 94 20
F21
1024
5 18 21
18 6 21
6 88 21
88 25 21
25 69 21
69 54 21
F22
1024
10 42 22
42 91 22
91 29 22
29 74 22
74 39 22
39 94 22
94 83 22
F23
1024
30 36 23
36 20 23
20 96 23
96 13 23
F24
1024
4 3 24
3 1 24
1 46 24
46 25 24
25 26 24
26 34 24
F25
1024
60 85 25
85 27 25
27 25 25
25 88 25
88 61 25
F26
1024
66 86 26
86 58 26
F27
1024
60 85 27
85 27 27
27 25 27
25 88 27
88 61 27
F28
1024
51 2 28
2 7 28
7 46 28
46 25 28
25 69 28
69 54 28
F29
1024
52 9 29
9 96 29
96 13 29
13 12 29
F30
1024
3 1 30
1 7 30
7 88 30
88 25 30
25 26 30
