F1
256
88 25 1
25 82 1
82 89 1
F2
256
88 25 2
25 82 2
82 89 2
F3
256
52 9 3
9 96 3
96 13 3
13 12 3
F4
256
40 29 4
29 74 4
74 39 4
F5
256
15 24 5
24 96 5
96 9 5
F6
256
92 16 6
16 35 6
35 74 6
74 22 6
22 67 6
F7
256
5 18 7
18 6 7
6 88 7
88 25 7
25 69 7
69 54 7
F8
512
87 61 8
61 90 8
90 25 8
25 69 8
F9
512
82 25 9
25 46 9
F10
512
47 76 10
76 16 10
16 35 10
35 74 10
74 22 10
22 94 10
F11
512
55 63 11
63 74 11
74 22 11
22 67 11
67 28 11
F12
512
60 85 12
85 27 12
27 25 12
25 88 12
88 61 12
F13
512
59 40 13
40 29 13
29 74 13
74 94 13
94 98 13
F14
512
52 9 14
9 96 14
96 13 14
13 12 14
F15
512
77 17 15
17 74 15
74 35 15
F16
512
66 86 16
86 58 16
F17
512
5 18 17
18 6 17
6 88 17
88 25 17
25 69 17
69 54 17
F18
512
3 1 18
1 7 18
7 88 18
88 25 18
25 26 18
F19
512
37 90 19
90 25 19
25 46 19
46 1 19
F20
512
66 86 20
86 58 20
F21
512
100 8 21
8 96 21
96 75 21
F22
512
3 1 22
1 7 22
7 88 22
88 25 22
25 26 22
F23
512
55 63 23
63 74 23
74 22 23
22 67 23
67 28 23
F24
512
95 70 24
70 58 24
58 86 24
86 43 24
F25
512
78 71 25
71 86 25
86 43 25
43 72 25
F26
512
8 96 26
96 13 26
13 12 26
12 32 26
F27
512
60 85 27
85 27 27
27 25 27
25 88 27
88 61 27
F28
1024
4 3 28
3 1 28
1 46 28
46 25 28
25 26 28
26 34 28
F29
1024
52 9 29
9 96 29
96 13 29
13 12 29
F30
1024
30 36 30
36 20 30
20 96 30
96 13 30
