F1
256
14 70 1
70 58 1
58 86 1
86 11 1
11 48 1
F2
256
40 29 2
29 74 2
74 39 2
F3
256
19 82 3
82 25 3
25 88 3
88 6 3
6 2 3
F4
256
78 71 4
71 86 4
86 43 4
43 72 4
F5
256
10 42 5
42 91 5
91 29 5
29 74 5
74 39 5
39 94 5
94 83 5
F6
256
60 85 6
85 27 6
27 25 6
25 88 6
88 61 6
F7
256
47 76 7
76 16 7
16 35 7
35 74 7
74 22 7
22 94 7
F8
256
15 24 8
24 96 8
96 9 8
F9
256
20 17 9
17 74 9
74 29 9
29 91 9
F10
256
3 1 10
1 7 10
7 88 10
88 25 10
25 26 10
F11
256
4 3 11
3 1 11
1 46 11
46 25 11
25 26 11
26 34 11
F12
256
19 82 12
82 25 12
25 88 12
88 6 12
6 2 12
F13
256
14 70 13
70 58 13
58 86 13
86 11 13
11 48 13
F14
512
37 90 14
90 25 14
25 46 14
46 1 14
F15
512
41 76 15
76 16 15
16 35 15
35 74 15
74 29 15
F16
512
51 2 16
2 7 16
7 46 16
46 25 16
25 69 16
69 54 16
F17
512
41 76 17
76 16 17
16 35 17
35 74 17
74 29 17
F18
512
14 70 18
70 58 18
58 86 18
86 11 18
11 48 18
F19
512
95 70 19
70 58 19
58 86 19
86 43 19
F20
1024
38 35 20
35 74 20
74 22 20
22 57 20
F21
1024
45 39 21
39 74 21
74 35 21
35 16 21
F22
1024
51 2 22
2 7 22
7 46 22
46 25 22
25 69 22
69 54 22
F23
1024
14 70 23
70 58 23
58 86 23
86 11 23
11 48 23
F24
1024
37 90 24
90 25 24
25 46 24
46 1 24
F25
1024
37 90 25
90 25 25
25 46 25
46 1 25
F26
1024
68 23 26
23 58 26
58 86 26
86 33 26
F27
1024
95 70 27
70 58 27
58 86 27
86 43 27
F28
1024
41 76 28
76 16 28
16 35 28
35 74 28
74 29 28
F29
1024
76 16 29
16 35 29
35 74 29
74 22 29
F30
1024
100 8 30
8 96 30
96 75 30
