F1
256
77 17 1
17 74 1
74 35 1
F2
256
81 70 2
70 58 2
58 86 2
86 11 2
F3
256
51 2 3
2 7 3
7 46 3
46 25 3
25 69 3
69 54 3
F4
256
24 96 4
96 20 4
20 80 4
F5
512
45 39 5
39 74 5
74 35 5
35 16 5
F6
512
17 74 6
74 79 6
F7
512
68 23 7
23 58 7
58 86 7
86 33 7
F8
512
5 18 8
18 6 8
6 88 8
88 25 8
25 69 8
69 54 8
F9
512
100 8 9
8 96 9
96 75 9
F10
512
78 71 10
71 86 10
86 43 10
43 72 10
F11
512
3 1 11
1 7 11
7 88 11
88 25 11
25 26 11
F12
512
52 9 12
9 96 12
96 13 12
13 12 12
F13
512
17 74 13
74 79 13
F14
512
50 39 14
39 74 14
74 63 14
F15
512
37 90 15
90 25 15
25 46 15
46 1 15
F16
512
3 1 16
1 7 16
7 88 16
88 25 16
25 26 16
F17
512
31 52 17
52 66 17
66 86 17
86 71 17
F18
512
45 39 18
39 74 18
74 35 18
35 16 18
F19
512
19 82 19
82 25 19
25 88 19
88 6 19
6 2 19
F20
1024
82 25 20
25 46 20
F21
1024
20 17 21
17 74 21
74 29 21
29 91 21
F22
1024
7 46 22
46 25 22
25 26 22
26 97 22
F23
1024
41 76 23
76 16 23
16 35 23
35 74 23
74 29 23
F24
1024
50 39 24
39 74 24
74 63 24
F25
1024
45 39 25
39 74 25
74 35 25
35 16 25
F26
1024
24 96 26
96 20 26
20 80 26
F27
1024
77 17 27
17 74 27
74 35 27
F28
1024
24 96 28
96 20 28
20 80 28
F29
1024
5 18 29
18 6 29
6 88 29
88 25 29
25 69 29
69 54 29
F30
1024
60 85 30
85 27 30
27 25 30
25 88 30
88 61 30
