F1
256
41 76 1
76 16 1
16 35 1
35 74 1
74 29 1
F2
256
51 2 2
2 7 2
7 46 2
46 25 2
25 69 2
69 54 2
F3
256
52 9 3
9 96 3
96 13 3
13 12 3
F4
256
68 23 4
23 58 4
58 86 4
86 33 4
F5
256
88 25 5
25 82 5
82 89 5
F6
256
55 63 6
63 74 6
74 22 6
22 67 6
67 28 6
F7
256
87 61 7
61 90 7
90 25 7
25 69 7
F8
256
68 23 8
23 58 8
58 86 8
86 33 8
F9
256
10 42 9
42 91 9
91 29 9
29 74 9
74 39 9
39 94 9
94 83 9
F10
256
51 2 10
2 7 10
7 46 10
46 25 10
25 69 10
69 54 10
F11
256
82 25 11
25 46 11
F12
256
100 8 12
8 96 12
96 75 12
F13
256
60 85 13
85 27 13
27 25 13
25 88 13
88 61 13
F14
256
88 25 14
25 82 14
82 89 14
F15
512
76 16 15
16 35 15
35 74 15
74 22 15
F16
512
45 39 16
39 74 16
74 35 16
35 16 16
F17
512
59 40 17
40 29 17
29 74 17
74 94 17
94 98 17
F18
512
8 96 18
96 13 18
13 12 18
12 32 18
F19
512
20 17 19
17 74 19
74 29 19
29 91 19
F20
512
19 82 20
82 25 20
25 88 20
88 6 20
6 2 20
F21
512
41 76 21
76 16 21
16 35 21
35 74 21
74 29 21
F22
512
45 39 22
39 74 22
74 35 22
35 16 22
F23
512
3 1 23
1 7 23
7 88 23
88 25 23
25 26 23
F24
512
87 61 24
61 90 24
90 25 24
25 69 24
F25
1024
20 17 25
17 74 25
74 29 25
29 91 25
F26
1024
92 16 26
16 35 26
35 74 26
74 22 26
22 67 26
F27
1024
19 82 27
82 25 27
25 88 27
88 6 27
6 2 27
F28
1024
5 18 28
18 6 28
6 88 28
88 25 28
25 69 28
69 54 28
F29
1024
31 52 29
52 66 29
66 86 29
86 71 29
F30
1024
82 25 30
25 46 30
