F1
256
68 23 1
23 58 1
58 86 1
86 33 1
F2
256
5 18 2
18 6 2
6 88 2
88 25 2
25 69 2
69 54 2
F3
256
7 46 3
46 25 3
25 26 3
26 97 3
F4
256
20 17 4
17 74 4
74 29 4
29 91 4
F5
256
60 85 5
85 27 5
27 25 5
25 88 5
88 61 5
F6
256
55 63 6
63 74 6
74 22 6
22 67 6
67 28 6
F7
256
77 17 7
17 74 7
74 35 7
F8
256
10 42 8
42 91 8
91 29 8
29 74 8
74 39 8
39 94 8
94 83 8
F9
256
59 40 9
40 29 9
29 74 9
74 94 9
94 98 9
F10
256
60 85 10
85 27 10
27 25 10
25 88 10
88 61 10
F11
256
27 25 11
25 88 11
88 6 11
F12
256
20 17 12
17 74 12
74 29 12
29 91 12
F13
256
40 29 13
29 74 13
74 39 13
F14
256
87 61 14
61 90 14
90 25 14
25 69 14
F15
256
52 9 15
9 96 15
96 13 15
13 12 15
F16
256
59 40 16
40 29 16
29 74 16
74 94 16
94 98 16
F17
256
59 40 17
40 29 17
29 74 17
74 94 17
94 98 17
F18
256
81 70 18
70 58 18
58 86 18
86 11 18
F19
512
19 82 19
82 25 19
25 88 19
88 6 19
6 2 19
F20
512
24 96 20
96 20 20
20 80 20
F21
512
37 90 21
90 25 21
25 46 21
46 1 21
F22
512
3 1 22
1 7 22
7 88 22
88 25 22
25 26 22
F23
1024
50 39 23
39 74 23
74 63 23
F24
1024
15 24 24
24 96 24
96 9 24
F25
1024
92 16 25
16 35 25
35 74 25
74 22 25
22 67 25
F26
1024
27 25 26
25 88 26
88 6 26
F27
1024
100 8 27
8 96 27
96 75 27
F28
1024
27 25 28
25 88 28
88 6 28
F29
1024
45 39 29
39 74 29
74 35 29
35 16 29
F30
1024
15 24 30
24 96 30
96 9 30
