F1
256
19 82 1
82 25 1
25 88 1
88 6 1
6 2 1
F2
256
24 96 2
96 20 2
20 80 2
F3
256
81 70 3
70 58 3
58 86 3
86 11 3
F4
256
55 63 4
63 74 4
74 22 4
22 67 4
67 28 4
F5
256
81 70 5
70 58 5
58 86 5
86 11 5
F6
256
41 76 6
76 16 6
16 35 6
35 74 6
74 29 6
F7
256
8 96 7
96 13 7
13 12 7
12 32 7
F8
256
15 24 8
24 96 8
96 9 8
F9
256
38 35 9
35 74 9
74 22 9
22 57 9
F10
256
66 86 10
86 58 10
F11
256
92 16 11
16 35 11
35 74 11
74 22 11
22 67 11
F12
256
82 25 12
25 46 12
F13
512
88 25 13
25 82 13
82 89 13
F14
512
45 39 14
39 74 14
74 35 14
35 16 14
F15
512
30 36 15
36 20 15
20 96 15
96 13 15
F16
512
30 36 16
36 20 16
20 96 16
96 13 16
F17
512
52 9 17
9 96 17
96 13 17
13 12 17
F18
512
8 96 18
96 13 18
13 12 18
12 32 18
F19
512
41 76 19
76 16 19
16 35 19
35 74 19
74 29 19
F20
512
37 90 20
90 25 20
25 46 20
46 1 20
F21
1024
19 82 21
82 25 21
25 88 21
88 6 21
6 2 21
F22
1024
55 63 22
63 74 22
74 22 22
22 67 22
67 28 22
F23
1024
55 63 23
63 74 23
74 22 23
22 67 23
67 28 23
F24
1024
66 86 24
86 58 24
F25
1024
7 46 25
46 25 25
25 26 25
26 97 25
F26
1024
38 35 26
35 74 26
74 22 26
22 57 26
F27
1024
81 70 27
70 58 27
58 86 27
86 11 27
F28
1024
27 25 28
25 88 28
88 6 28
F29
1024
20 17 29
17 74 29
74 29 29
29 91 29
F30
1024
47 76 30
76 16 30
16 35 30
35 74 30
74 22 30
22 94 30
