F1
128
58 19 1
19 15 1
15 13 1
13 11 1
11 8 1
8 10 1
10 7 1
F2
128
58 19 2
19 15 2
15 13 2
13 11 2
11 8 2
8 10 2
10 7 2
F3
128
70 69 3
69 68 3
68 82 3
82 81 3
F4
128
95 76 4
76 77 4
77 63 4
63 49 4
49 50 4
50 22 4
22 18 4
F5
128
42 41 5
41 40 5
40 36 5
36 37 5
37 73 5
73 98 5
98 100 5
F6
128
41 40 6
40 36 6
36 37 6
37 73 6
F7
128
56 55 7
55 54 7
54 68 7
68 82 7
82 81 7
81 67 7
F8
256
56 55 8
55 54 8
54 68 8
68 82 8
82 81 8
81 67 8
F9
256
3 6 9
6 9 9
9 13 9
13 11 9
11 14 9
14 16 9
16 48 9
48 62 9
F10
256
23 20 10
20 17 10
17 14 10
14 11 10
11 12 10
12 16 10
F11
256
1 13 11
13 11 11
11 12 11
12 47 11
47 61 11
61 60 11
F12
256
56 55 12
55 54 12
54 68 12
68 82 12
82 81 12
81 67 12
F13
512
22 50 13
50 49 13
49 63 13
63 62 13
62 61 13
F14
512
70 69 14
69 68 14
68 82 14
82 81 14
F15
512
27 29 15
29 32 15
32 36 15
36 35 15
35 55 15
F16
512
86 87 16
87 88 16
88 83 16
83 82 16
82 81 16
81 80 16
80 79 16
79 92 16
F17
512
58 19 17
19 15 17
15 13 17
13 11 17
11 8 17
8 10 17
10 7 17
F18
512
85 84 18
84 83 18
83 82 18
82 81 18
81 80 18
80 91 18
F19
512
58 19 19
19 15 19
15 13 19
13 11 19
11 8 19
8 10 19
10 7 19
F20
512
59 39 20
39 40 20
40 36 20
36 37 20
37 33 20
33 98 20
F21
512
23 20 21
20 17 21
17 14 21
14 11 21
11 12 21
12 16 21
F22
1024
69 68 22
68 82 22
82 81 22
81 80 22
F23
1024
4 9 23
9 8 23
8 11 23
11 12 23
12 47 23
47 46 23
F24
1024
51 50 24
50 49 24
49 63 24
63 64 24
F25
1024
97 76 25
76 77 25
77 63 25
63 49 25
49 48 25
48 16 25
16 14 25
F26
1024
71 56 26
56 38 26
38 40 26
40 36 26
36 32 26
32 34 26
34 31 26
31 28 26
F27
1024
17 18 27
18 49 27
49 63 27
63 77 27
F28
1024
69 68 28
68 82 28
82 81 28
81 80 28
F29
1024
74 75 29
75 76 29
76 77 29
77 63 29
63 64 29
64 78 29
78 77 29
77 94 29
F30
1024
45 42 30
42 39 30
39 40 30
40 36 30
36 37 30
37 33 30
33 98 30
