F1
128
95 76 1
76 77 1
77 63 1
63 49 1
49 50 1
50 22 1
22 18 1
F2
128
22 50 2
50 49 2
49 63 2
63 62 2
62 61 2
F3
128
2 15 3
15 14 3
14 11 3
11 12 3
12 47 3
47 61 3
61 75 3
F4
128
84 83 4
83 82 4
82 81 4
81 90 4
F5
128
51 50 5
50 49 5
49 63 5
63 64 5
F6
128
44 19 6
19 15 6
15 14 6
14 11 6
11 12 6
12 47 6
47 48 6
48 49 6
F7
128
9 8 7
8 11 7
11 14 7
14 15 7
F8
128
83 82 8
82 68 8
68 54 8
54 34 8
F9
128
71 56 9
56 38 9
38 40 9
40 36 9
36 32 9
32 34 9
34 31 9
31 28 9
F10
256
1 13 10
13 11 10
11 12 10
12 47 10
47 61 10
61 60 10
F11
256
83 82 11
82 68 11
68 54 11
54 34 11
F12
256
95 76 12
76 77 12
77 63 12
63 49 12
49 50 12
50 22 12
22 18 12
F13
256
44 19 13
19 15 13
15 14 13
14 11 13
11 12 13
12 47 13
47 48 13
48 49 13
F14
256
21 19 14
19 17 14
17 14 14
14 11 14
11 8 14
8 5 14
F15
256
96 95 15
95 76 15
75 77 15
77 63 15
63 49 15
49 18 15
18 17 15
17 20 15
F16
512
71 56 16
56 38 16
38 40 16
40 36 16
36 32 16
32 34 16
34 31 16
31 28 16
F17
512
72 20 17
20 17 17
17 14 17
14 11 17
11 8 17
8 9 17
9 6 17
F18
512
58 19 18
19 15 18
15 13 18
13 11 18
11 8 18
8 10 18
10 7 18
F19
512
42 41 19
41 40 19
40 36 19
36 37 19
37 73 19
73 98 19
98 100 19
F20
512
3 6 20
6 9 20
9 13 20
13 11 20
11 14 20
14 16 20
16 48 20
48 62 20
F21
512
27 29 21
29 32 21
32 36 21
36 35 21
35 55 21
F22
512
54 68 22
68 82 22
82 81 22
81 80 22
80 79 22
F23
512
45 42 23
42 39 23
39 40 23
40 36 23
36 37 23
37 33 23
33 98 23
F24
512
1 13 24
13 11 24
11 12 24
12 47 24
47 61 24
61 60 24
F25
1024
85 84 25
84 83 25
83 82 25
82 81 25
81 80 25
80 91 25
F26
1024
50 64 26
64 63 26
63 77 26
77 76 26
F27
1024
87 84 27
84 83 27
83 82 27
82 89 27
F28
1024
23 20 28
20 17 28
17 14 28
14 11 28
11 12 28
12 16 28
F29
1024
51 50 29
50 49 29
49 63 29
63 64 29
F30
1024
2 15 30
15 14 30
14 11 30
11 12 30
12 47 30
47 61 30
61 75 30
