F1
128
57 56 1
56 55 1
55 35 1
35 36 1
36 32 1
32 29 1
29 30 1
F2
128
4 9 2
9 8 2
8 11 2
11 12 2
12 47 2
47 46 2
F3
128
88 83 3
83 69 3
69 55 3
55 54 3
54 53 3
F4
128
17 18 4
18 49 4
49 63 4
63 77 4
F5
128
86 87 5
87 88 5
88 83 5
83 82 5
82 81 5
81 80 5
80 79 5
79 92 5
F6
128
57 56 6
56 55 6
55 35 6
35 36 6
36 32 6
32 29 6
29 30 6
F7
128
74 75 7
75 76 7
76 77 7
77 63 7
63 64 7
64 78 7
78 77 7
77 94 7
F8
128
1 13 8
13 11 8
11 12 8
12 47 8
47 61 8
61 60 8
F9
128
27 29 9
29 32 9
32 36 9
36 35 9
35 55 9
F10
128
3 6 10
6 9 10
9 13 10
13 11 10
11 14 10
14 16 10
16 48 10
48 62 10
F11
128
95 76 11
76 77 11
77 63 11
63 49 11
49 50 11
50 22 11
22 18 11
F12
256
95 76 12
76 77 12
77 63 12
63 49 12
49 50 12
50 22 12
22 18 12
F13
256
19 15 13
15 13 13
13 11 13
11 12 13
12 10 13
F14
256
54 68 14
68 82 14
82 81 14
81 80 14
80 79 14
F15
256
43 38 15
38 40 15
40 36 15
36 32 15
32 29 15
29 27 15
27 26 15
F16
256
95 76 16
76 77 16
77 63 16
63 49 16
49 50 16
50 22 16
22 18 16
F17
512
70 69 17
69 68 17
68 82 17
82 81 17
F18
512
56 55 18
55 54 18
54 68 18
68 82 18
82 81 18
81 67 18
F19
512
1 13 19
13 11 19
11 12 19
12 47 19
47 61 19
61 60 19
F20
512
87 84 20
84 83 20
83 82 20
82 89 20
F21
512
72 20 21
20 17 21
17 14 21
14 11 21
11 8 21
8 9 21
9 6 21
F22
512
19 15 22
15 13 22
13 11 22
11 12 22
12 10 22
F23
512
96 95 23
95 76 23
75 77 23
77 63 23
63 49 23
49 18 23
18 17 23
17 20 23
F24
512
23 20 24
20 17 24
17 14 24
14 11 24
11 12 24
12 16 24
F25
512
69 68 25
68 82 25
82 81 25
81 80 25
F26
1024
21 19 26
19 17 26
17 14 26
14 11 26
11 8 26
8 5 26
F27
1024
59 39 27
39 40 27
40 36 27
36 37 27
37 33 27
33 98 27
F28
1024
95 76 28
76 77 28
77 63 28
63 49 28
49 50 28
50 22 28
22 18 28
F29
1024
43 38 29
38 40 29
40 36 29
36 32 29
32 29 29
29 27 29
27 26 29
F30
1024
84 83 30
83 82 30
82 81 30
81 90 30
