F1
128
52 51 1
51 50 1
50 49 1
49 63 1
63 64 1
64 65 1
F2
128
52 51 2
51 50 2
50 49 2
49 63 2
63 64 2
64 65 2
F3
128
2 15 3
15 14 3
14 11 3
11 12 3
12 47 3
47 61 3
61 75 3
F4
128
96 95 4
95 76 4
75 77 4
77 63 4
63 49 4
49 18 4
18 17 4
17 20 4
F5
128
97 76 5
76 77 5
77 63 5
63 49 5
49 48 5
48 16 5
16 14 5
F6
128
41 40 6
40 36 6
36 37 6
37 73 6
F7
128
4 9 7
9 8 7
8 11 7
11 12 7
12 47 7
47 46 7
F8
128
57 56 8
56 55 8
55 35 8
35 36 8
36 32 8
32 29 8
29 30 8
F9
128
86 87 9
87 88 9
88 83 9
83 82 9
82 81 9
81 80 9
80 79 9
79 92 9
F10
128
69 68 10
68 82 10
82 81 10
81 80 10
F11
128
44 19 11
19 15 11
15 14 11
14 11 11
11 12 11
12 47 11
47 48 11
48 49 11
F12
256
52 51 12
51 50 12
50 49 12
49 63 12
63 64 12
64 65 12
F13
256
66 80 13
80 81 13
81 82 13
82 68 13
F14
256
4 9 14
9 8 14
8 11 14
11 12 14
12 47 14
47 46 14
F15
256
84 83 15
83 82 15
82 81 15
81 90 15
F16
256
59 39 16
39 40 16
40 36 16
36 37 16
37 33 16
33 98 16
F17
256
83 82 17
82 68 17
68 54 17
54 34 17
F18
512
58 19 18
19 15 18
15 13 18
13 11 18
11 8 18
8 10 18
10 7 18
F19
512
85 84 19
84 83 19
83 82 19
82 81 19
81 80 19
80 91 19
F20
512
21 19 20
19 17 20
17 14 20
14 11 20
11 8 20
8 5 20
F21
512
70 69 21
69 68 21
68 82 21
82 81 21
F22
512
70 69 22
69 68 22
68 82 22
82 81 22
F23
512
58 19 23
19 15 23
15 13 23
13 11 23
11 8 23
8 10 23
10 7 23
F24
512
3 6 24
6 9 24
9 13 24
13 11 24
11 14 24
14 16 24
16 48 24
48 62 24
F25
512
42 41 25
41 40 25
40 36 25
36 37 25
37 73 25
73 98 25
98 100 25
F26
512
23 20 26
20 17 26
17 14 26
14 11 26
11 12 26
12 16 26
F27
1024
70 69 27
69 68 27
68 82 27
82 81 27
F28
1024
56 55 28
55 54 28
54 68 28
68 82 28
82 81 28
81 67 28
F29
1024
56 55 29
55 54 29
54 68 29
68 82 29
82 81 29
81 67 29
F30
1024
23 20 30
20 17 30
17 14 30
14 11 30
11 12 30
12 16 30
