F1
128
97 76 1
76 77 1
77 63 1
63 49 1
49 48 1
48 16 1
16 14 1
F2
128
42 41 2
41 40 2
40 36 2
36 37 2
37 73 2
73 98 2
98 100 2
F3
128
87 84 3
84 83 3
83 82 3
82 89 3
F4
128
58 19 4
19 15 4
15 13 4
13 11 4
11 8 4
8 10 4
10 7 4
F5
128
22 50 5
50 49 5
49 63 5
63 62 5
62 61 5
F6
128
4 9 6
9 8 6
8 11 6
11 12 6
12 47 6
47 46 6
F7
128
97 76 7
76 77 7
77 63 7
63 49 7
49 48 7
48 16 7
16 14 7
F8
128
42 41 8
41 40 8
40 36 8
36 37 8
37 73 8
73 98 8
98 100 8
F9
128
88 83 9
83 69 9
69 55 9
55 54 9
54 53 9
F10
128
51 50 10
50 49 10
49 63 10
63 64 10
F11
128
51 50 11
50 49 11
49 63 11
63 64 11
F12
128
41 40 12
40 36 12
36 37 12
37 73 12
F13
256
23 20 13
20 17 13
17 14 13
14 11 13
11 12 13
12 16 13
F14
256
86 87 14
87 88 14
88 83 14
83 82 14
82 81 14
81 80 14
80 79 14
79 92 14
F15
256
87 84 15
84 83 15
83 82 15
82 89 15
F16
256
43 38 16
38 40 16
40 36 16
36 32 16
32 29 16
29 27 16
27 26 16
F17
256
22 50 17
50 49 17
49 63 17
63 62 17
62 61 17
F18
256
17 18 18
18 49 18
49 63 18
63 77 18
F19
256
85 84 19
84 83 19
83 82 19
82 81 19
81 80 19
80 91 19
F20
512
69 68 20
68 82 20
82 81 20
81 80 20
F21
512
3 6 21
6 9 21
9 13 21
13 11 21
11 14 21
14 16 21
16 48 21
48 62 21
F22
512
86 87 22
87 88 22
88 83 22
83 82 22
82 81 22
81 80 22
80 79 22
79 92 22
F23
512
1 13 23
13 11 23
11 12 23
12 47 23
47 61 23
61 60 23
F24
512
50 64 24
64 63 24
63 77 24
77 76 24
F25
1024
59 39 25
39 40 25
40 36 25
36 37 25
37 33 25
33 98 25
F26
1024
84 83 26
83 82 26
82 81 26
81 90 26
F27
1024
84 83 27
83 82 27
82 81 27
81 90 27
F28
1024
22 50 28
50 49 28
49 63 28
63 62 28
62 61 28
F29
1024
51 50 29
50 49 29
49 63 29
63 64 29
F30
1024
96 95 30
95 76 30
75 77 30
77 63 30
63 49 30
49 18 30
18 17 30
17 20 30
