F1
128
71 56 1
56 38 1
38 40 1
40 36 1
36 32 1
32 34 1
34 31 1
31 28 1
F2
128
97 76 2
76 77 2
77 63 2
63 49 2
49 48 2
48 16 2
16 14 2
F3
128
23 20 3
20 17 3
17 14 3
14 11 3
11 12 3
12 16 3
F4
128
70 69 4
69 68 4
68 82 4
82 81 4
F5
128
52 51 5
51 50 5
50 49 5
49 63 5
63 64 5
64 65 5
F6
128
96 95 6
95 76 6
75 77 6
77 63 6
63 49 6
49 18 6
18 17 6
17 20 6
F7
128
22 50 7
50 49 7
49 63 7
63 62 7
62 61 7
F8
128
56 55 8
55 54 8
54 68 8
68 82 8
82 81 8
81 67 8
F9
256
1 13 9
13 11 9
11 12 9
12 47 9
47 61 9
61 60 9
F10
256
52 51 10
51 50 10
50 49 10
49 63 10
63 64 10
64 65 10
F11
256
42 41 11
41 40 11
40 36 11
36 37 11
37 73 11
73 98 11
98 100 11
F12
256
41 40 12
40 36 12
36 37 12
37 73 12
F13
256
42 41 13
41 40 13
40 36 13
36 37 13
37 73 13
73 98 13
98 100 13
F14
256
41 40 14
40 36 14
36 37 14
37 73 14
F15
512
72 20 15
20 17 15
17 14 15
14 11 15
11 8 15
8 9 15
9 6 15
F16
512
84 83 16
83 82 16
82 81 16
81 90 16
F17
512
69 68 17
68 82 17
82 81 17
81 80 17
F18
512
45 42 18
42 39 18
39 40 18
40 36 18
36 37 18
37 33 18
33 98 18
F19
512
97 76 19
76 77 19
77 63 19
63 49 19
49 48 19
48 16 19
16 14 19
F20
512
74 75 20
75 76 20
76 77 20
77 63 20
63 64 20
64 78 20
78 77 20
77 94 20
F21
512
23 20 21
20 17 21
17 14 21
14 11 21
11 12 21
12 16 21
F22
512
58 19 22
19 15 22
15 13 22
13 11 22
11 8 22
8 10 22
10 7 22
F23
1024
41 40 23
40 36 23
36 37 23
37 73 23
F24
1024
3 6 24
6 9 24
9 13 24
13 11 24
11 14 24
14 16 24
16 48 24
48 62 24
F25
1024
96 95 25
95 76 25
75 77 25
77 63 25
63 49 25
49 18 25
18 17 25
17 20 25
F26
1024
88 83 26
83 69 26
69 55 26
55 54 26
54 53 26
F27
1024
95 76 27
76 77 27
77 63 27
63 49 27
49 50 27
50 22 27
22 18 27
F28
1024
19 15 28
15 13 28
13 11 28
11 12 28
12 10 28
F29
1024
21 19 29
19 17 29
17 14 29
14 11 29
11 8 29
8 5 29
F30
1024
52 51 30
51 50 30
50 49 30
49 63 30
63 64 30
64 65 30
