F1
128
74 75 1
75 76 1
76 77 1
77 63 1
63 64 1
64 78 1
78 77 1
77 94 1
F2
128
4 9 2
9 8 2
8 11 2
11 12 2
12 47 2
47 46 2
F3
128
71 56 3
56 38 3
38 40 3
40 36 3
36 32 3
32 34 3
34 31 3
31 28 3
F4
128
42 41 4
41 40 4
40 36 4
36 37 4
37 73 4
73 98 4
98 100 4
F5
128
17 18 5
18 49 5
49 63 5
63 77 5
F6
128
97 76 6
76 77 6
77 63 6
63 49 6
49 48 6
48 16 6
16 14 6
F7
128
3 6 7
6 9 7
9 13 7
13 11 7
11 14 7
14 16 7
16 48 7
48 62 7
F8
256
2 15 8
15 14 8
14 11 8
11 12 8
12 47 8
47 61 8
61 75 8
F9
256
83 82 9
82 68 9
68 54 9
54 34 9
F10
256
85 84 10
84 83 10
83 82 10
82 81 10
81 80 10
80 91 10
F11
256
86 87 11
87 88 11
88 83 11
83 82 11
82 81 11
81 80 11
80 79 11
79 92 11
F12
256
45 42 12
42 39 12
39 40 12
40 36 12
36 37 12
37 33 12
33 98 12
F13
512
42 41 13
41 40 13
40 36 13
36 37 13
37 73 13
73 98 13
98 100 13
F14
512
88 83 14
83 69 14
69 55 14
55 54 14
54 53 14
F15
512
22 50 15
50 49 15
49 63 15
63 62 15
62 61 15
F16
512
4 9 16
9 8 16
8 11 16
11 12 16
12 47 16
47 46 16
F17
512
21 19 17
19 17 17
17 14 17
14 11 17
11 8 17
8 5 17
F18
512
2 15 18
15 14 18
14 11 18
11 12 18
12 47 18
47 61 18
61 75 18
F19
512
9 8 19
8 11 19
11 14 19
14 15 19
F20
1024
70 69 20
69 68 20
68 82 20
82 81 20
F21
1024
4 9 21
9 8 21
8 11 21
11 12 21
12 47 21
47 46 21
F22
1024
74 75 22
75 76 22
76 77 22
77 63 22
63 64 22
64 78 22
78 77 22
77 94 22
F23
1024
97 76 23
76 77 23
77 63 23
63 49 23
49 48 23
48 16 23
16 14 23
F24
1024
52 51 24
51 50 24
50 49 24
49 63 24
63 64 24
64 65 24
F25
1024
9 8 25
8 11 25
11 14 25
14 15 25
F26
1024
44 19 26
19 15 26
15 14 26
14 11 26
11 12 26
12 47 26
47 48 26
48 49 26
F27
1024
9 8 27
8 11 27
11 14 27
14 15 27
F28
1024
50 64 28
64 63 28
63 77 28
77 76 28
F29
1024
1 13 29
13 11 29
11 12 29
12 47 29
47 61 29
61 60 29
F30
1024
86 87 30
87 88 30
88 83 30
83 82 30
82 81 30
81 80 30
80 79 30
79 92 30
