F1
128
87 84 1
84 83 1
83 82 1
82 89 1
F2
128
66 80 2
80 81 2
81 82 2
82 68 2
F3
128
96 95 3
95 76 3
75 77 3
77 63 3
63 49 3
49 18 3
18 17 3
17 20 3
F4
128
2 15 4
15 14 4
14 11 4
11 12 4
12 47 4
47 61 4
61 75 4
F5
128
41 40 5
40 36 5
36 37 5
37 73 5
F6
128
9 8 6
8 11 6
11 14 6
14 15 6
F7
128
21 19 7
19 17 7
17 14 7
14 11 7
11 8 7
8 5 7
F8
256
41 40 8
40 36 8
36 37 8
37 73 8
F9
256
85 84 9
84 83 9
83 82 9
82 81 9
81 80 9
80 91 9
F10
256
74 75 10
75 76 10
76 77 10
77 63 10
63 64 10
64 78 10
78 77 10
77 94 10
F11
256
43 38 11
38 40 11
40 36 11
36 32 11
32 29 11
29 27 11
27 26 11
F12
256
97 76 12
76 77 12
77 63 12
63 49 12
49 48 12
48 16 12
16 14 12
F13
256
57 56 13
56 55 13
55 35 13
35 36 13
36 32 13
32 29 13
29 30 13
F14
256
74 75 14
75 76 14
76 77 14
77 63 14
63 64 14
64 78 14
78 77 14
77 94 14
F15
256
59 39 15
39 40 15
40 36 15
36 37 15
37 33 15
33 98 15
F16
256
9 8 16
8 11 16
11 14 16
14 15 16
F17
512
41 40 17
40 36 17
36 37 17
37 73 17
F18
512
57 56 18
56 55 18
55 35 18
35 36 18
36 32 18
32 29 18
29 30 18
F19
512
57 56 19
56 55 19
55 35 19
35 36 19
36 32 19
32 29 19
29 30 19
F20
512
58 19 20
19 15 20
15 13 20
13 11 20
11 8 20
8 10 20
10 7 20
F21
512
17 18 21
18 49 21
49 63 21
63 77 21
F22
512
52 51 22
51 50 22
50 49 22
49 63 22
63 64 22
64 65 22
F23
512
95 76 23
76 77 23
77 63 23
63 49 23
49 50 23
50 22 23
22 18 23
F24
512
56 55 24
55 54 24
54 68 24
68 82 24
82 81 24
81 67 24
F25
512
17 18 25
18 49 25
49 63 25
63 77 25
F26
512
17 18 26
18 49 26
49 63 26
63 77 26
F27
512
70 69 27
69 68 27
68 82 27
82 81 27
F28
512
56 55 28
55 54 28
54 68 28
68 82 28
82 81 28
81 67 28
F29
1024
19 15 29
15 13 29
13 11 29
11 12 29
12 10 29
F30
1024
54 68 30
68 82 30
82 81 30
81 80 30
80 79 30
