F1
128
43 38 1
38 40 1
40 36 1
36 32 1
32 29 1
29 27 1
27 26 1
F2
128
71 56 2
56 38 2
38 40 2
40 36 2
36 32 2
32 34 2
34 31 2
31 28 2
F3
128
52 51 3
51 50 3
50 49 3
49 63 3
63 64 3
64 65 3
F4
128
17 18 4
18 49 4
49 63 4
63 77 4
F5
128
57 56 5
56 55 5
55 35 5
35 36 5
36 32 5
32 29 5
29 30 5
F6
128
95 76 6
76 77 6
77 63 6
63 49 6
49 50 6
50 22 6
22 18 6
F7
256
21 19 7
19 17 7
17 14 7
14 11 7
11 8 7
8 5 7
F8
256
97 76 8
76 77 8
77 63 8
63 49 8
49 48 8
48 16 8
16 14 8
F9
256
59 39 9
39 40 9
40 36 9
36 37 9
37 33 9
33 98 9
F10
256
9 8 10
8 11 10
11 14 10
14 15 10
F11
256
95 76 11
76 77 11
77 63 11
63 49 11
49 50 11
50 22 11
22 18 11
F12
512
4 9 12
9 8 12
8 11 12
11 12 12
12 47 12
47 46 12
F13
512
56 55 13
55 54 13
54 68 13
68 82 13
82 81 13
81 67 13
F14
512
70 69 14
69 68 14
68 82 14
82 81 14
F15
512
95 76 15
76 77 15
77 63 15
63 49 15
49 50 15
50 22 15
22 18 15
F16
512
56 55 16
55 54 16
54 68 16
68 82 16
82 81 16
81 67 16
F17
512
43 38 17
38 40 17
40 36 17
36 32 17
32 29 17
29 27 17
27 26 17
F18
512
44 19 18
19 15 18
15 14 18
14 11 18
11 12 18
12 47 18
47 48 18
48 49 18
F19
512
45 42 19
42 39 19
39 40 19
40 36 19
36 37 19
37 33 19
33 98 19
F20
512
51 50 20
50 49 20
49 63 20
63 64 20
F21
1024
4 9 21
9 8 21
8 11 21
11 12 21
12 47 21
47 46 21
F22
1024
17 18 22
18 49 22
49 63 22
63 77 22
F23
1024
42 41 23
41 40 23
40 36 23
36 37 23
37 73 23
73 98 23
98 100 23
F24
1024
1 13 24
13 11 24
11 12 24
12 47 24
47 61 24
61 60 24
F25
1024
70 69 25
69 68 25
68 82 25
82 81 25
F26
1024
44 19 26
19 15 26
15 14 26
14 11 26
11 12 26
12 47 26
47 48 26
48 49 26
F27
1024
2 15 27
15 14 27
14 11 27
11 12 27
12 47 27
47 61 27
61 75 27
F28
1024
51 50 28
50 49 28
49 63 28
63 64 28
F29
1024
83 82 29
82 68 29
68 54 29
54 34 29
F30
1024
87 84 30
84 83 30
83 82 30
82 89 30
