F1
128
57 56 1
56 55 1
55 35 1
35 36 1
36 32 1
32 29 1
29 30 1
F2
128
56 55 2
55 54 2
54 68 2
68 82 2
82 81 2
81 67 2
F3
128
44 19 3
19 15 3
15 14 3
14 11 3
11 12 3
12 47 3
47 48 3
48 49 3
F4
128
85 84 4
84 83 4
83 82 4
82 81 4
81 80 4
80 91 4
F5
128
23 20 5
20 17 5
17 14 5
14 11 5
11 12 5
12 16 5
F6
128
9 8 6
8 11 6
11 14 6
14 15 6
F7
128
1 13 7
13 11 7
11 12 7
12 47 7
47 61 7
61 60 7
F8
128
3 6 8
6 9 8
9 13 8
13 11 8
11 14 8
14 16 8
16 48 8
48 62 8
F9
128
3 6 9
6 9 9
9 13 9
13 11 9
11 14 9
14 16 9
16 48 9
48 62 9
F10
128
43 38 10
38 40 10
40 36 10
36 32 10
32 29 10
29 27 10
27 26 10
F11
256
22 50 11
50 49 11
49 63 11
63 62 11
62 61 11
F12
256
43 38 12
38 40 12
40 36 12
36 32 12
32 29 12
29 27 12
27 26 12
F13
256
56 55 13
55 54 13
54 68 13
68 82 13
82 81 13
81 67 13
F14
256
51 50 14
50 49 14
49 63 14
63 64 14
F15
256
71 56 15
56 38 15
38 40 15
40 36 15
36 32 15
32 34 15
34 31 15
31 28 15
F16
512
71 56 16
56 38 16
38 40 16
40 36 16
36 32 16
32 34 16
34 31 16
31 28 16
F17
512
97 76 17
76 77 17
77 63 17
63 49 17
49 48 17
48 16 17
16 14 17
F18
512
85 84 18
84 83 18
83 82 18
82 81 18
81 80 18
80 91 18
F19
512
96 95 19
95 76 19
75 77 19
77 63 19
63 49 19
49 18 19
18 17 19
17 20 19
F20
512
22 50 20
50 49 20
49 63 20
63 62 20
62 61 20
F21
512
42 41 21
41 40 21
40 36 21
36 37 21
37 73 21
73 98 21
98 100 21
F22
1024
23 20 22
20 17 22
17 14 22
14 11 22
11 12 22
12 16 22
F23
1024
43 38 23
38 40 23
40 36 23
36 32 23
32 29 23
29 27 23
27 26 23
F24
1024
69 68 24
68 82 24
82 81 24
81 80 24
F25
1024
72 20 25
20 17 25
17 14 25
14 11 25
11 8 25
8 9 25
9 6 25
F26
1024
22 50 26
50 49 26
49 63 26
63 62 26
62 61 26
F27
1024
97 76 27
76 77 27
77 63 27
63 49 27
49 48 27
48 16 27
16 14 27
F28
1024
59 39 28
39 40 28
40 36 28
36 37 28
37 33 28
33 98 28
F29
1024
43 38 29
38 40 29
40 36 29
36 32 29
32 29 29
29 27 29
27 26 29
F30
1024
88 83 30
83 69 30
69 55 30
55 54 30
54 53 30
