F1
128
3 6 1
6 9 1
9 13 1
13 11 1
11 14 1
14 16 1
16 48 1
48 62 1
F2
128
66 80 2
80 81 2
81 82 2
82 68 2
F3
128
44 19 3
19 15 3
15 14 3
14 11 3
11 12 3
12 47 3
47 48 3
48 49 3
F4
128
93 78 4
78 64 4
64 63 4
63 49 4
49 18 4
18 16 4
16 12 4
F5
128
74 75 5
75 76 5
76 77 5
77 63 5
63 64 5
64 78 5
78 77 5
77 94 5
F6
128
83 82 6
82 68 6
68 54 6
54 34 6
F7
128
17 18 7
18 49 7
49 63 7
63 77 7
F8
128
85 84 8
84 83 8
83 82 8
82 81 8
81 80 8
80 91 8
F9
256
4 9 9
9 8 9
8 11 9
11 12 9
12 47 9
47 46 9
F10
256
2 15 10
15 14 10
14 11 10
11 12 10
12 47 10
47 61 10
61 75 10
F11
256
74 75 11
75 76 11
76 77 11
77 63 11
63 64 11
64 78 11
78 77 11
77 94 11
F12
256
23 20 12
20 17 12
17 14 12
14 11 12
11 12 12
12 16 12
F13
256
69 68 13
68 82 13
82 81 13
81 80 13
F14
256
93 78 14
78 64 14
64 63 14
63 49 14
49 18 14
18 16 14
16 12 14
F15
256
54 68 15
68 82 15
82 81 15
81 80 15
80 79 15
F16
512
3 6 16
6 9 16
9 13 16
13 11 16
11 14 16
14 16 16
16 48 16
48 62 16
F17
512
45 42 17
42 39 17
39 40 17
40 36 17
36 37 17
37 33 17
33 98 17
F18
512
52 51 18
51 50 18
50 49 18
49 63 18
63 64 18
64 65 18
F19
512
17 18 19
18 49 19
49 63 19
63 77 19
F20
512
9 8 20
8 11 20
11 14 20
14 15 20
F21
512
45 42 21
42 39 21
39 40 21
40 36 21
36 37 21
37 33 21
33 98 21
F22
512
52 51 22
51 50 22
50 49 22
49 63 22
63 64 22
64 65 22
F23
512
56 55 23
55 54 23
54 68 23
68 82 23
82 81 23
81 67 23
F24
1024
58 19 24
19 15 24
15 13 24
13 11 24
11 8 24
8 10 24
10 7 24
F25
1024
41 40 25
40 36 25
36 37 25
37 73 25
F26
1024
97 76 26
76 77 26
77 63 26
63 49 26
49 48 26
48 16 26
16 14 26
F27
1024
4 9 27
9 8 27
8 11 27
11 12 27
12 47 27
47 46 27
F28
1024
9 8 28
8 11 28
11 14 28
14 15 28
F29
1024
22 50 29
50 49 29
49 63 29
63 62 29
62 61 29
F30
1024
59 39 30
39 40 30
40 36 30
36 37 30
37 33 30
33 98 30
