F1
128
83 82 1
82 68 1
68 54 1
54 34 1
F2
128
51 50 2
50 49 2
49 63 2
63 64 2
F3
128
22 50 3
50 49 3
49 63 3
63 62 3
62 61 3
F4
128
66 80 4
80 81 4
81 82 4
82 68 4
F5
128
17 18 5
18 49 5
49 63 5
63 77 5
F6
128
95 76 6
76 77 6
77 63 6
63 49 6
49 50 6
50 22 6
22 18 6
F7
128
3 6 7
6 9 7
9 13 7
13 11 7
11 14 7
14 16 7
16 48 7
48 62 7
F8
128
21 19 8
19 17 8
17 14 8
14 11 8
11 8 8
8 5 8
F9
128
72 20 9
20 17 9
17 14 9
14 11 9
11 8 9
8 9 9
9 6 9
F10
256
95 76 10
76 77 10
77 63 10
63 49 10
49 50 10
50 22 10
22 18 10
F11
256
45 42 11
42 39 11
39 40 11
40 36 11
36 37 11
37 33 11
33 98 11
F12
256
66 80 12
80 81 12
81 82 12
82 68 12
F13
256
83 82 13
82 68 13
68 54 13
54 34 13
F14
256
95 76 14
76 77 14
77 63 14
63 49 14
49 50 14
50 22 14
22 18 14
F15
256
54 68 15
68 82 15
82 81 15
81 80 15
80 79 15
F16
256
96 95 16
95 76 16
75 77 16
77 63 16
63 49 16
49 18 16
18 17 16
17 20 16
F17
256
45 42 17
42 39 17
39 40 17
40 36 17
36 37 17
37 33 17
33 98 17
F18
256
95 76 18
76 77 18
77 63 18
63 49 18
49 50 18
50 22 18
22 18 18
F19
512
1 13 19
13 11 19
11 12 19
12 47 19
47 61 19
61 60 19
F20
512
93 78 20
78 64 20
64 63 20
63 49 20
49 18 20
18 16 20
16 12 20
F21
512
17 18 21
18 49 21
49 63 21
63 77 21
F22
512
2 15 22
15 14 22
14 11 22
11 12 22
12 47 22
47 61 22
61 75 22
F23
1024
59 39 23
39 40 23
40 36 23
36 37 23
37 33 23
33 98 23
F24
1024
74 75 24
75 76 24
76 77 24
77 63 24
63 64 24
64 78 24
78 77 24
77 94 24
F25
1024
59 39 25
39 40 25
40 36 25
36 37 25
37 33 25
33 98 25
F26
1024
27 29 26
29 32 26
32 36 26
36 35 26
35 55 26
F27
1024
51 50 27
50 49 27
49 63 27
63 64 27
F28
1024
45 42 28
42 39 28
39 40 28
40 36 28
36 37 28
37 33 28
33 98 28
F29
1024
3 6 29
6 9 29
9 13 29
13 11 29
11 14 29
14 16 29
16 48 29
48 62 29
F30
1024
56 55 30
55 54 30
54 68 30
68 82 30
82 81 30
81 67 30
