F1
128
19 15 1
15 13 1
13 11 1
11 12 1
12 10 1
F2
128
45 42 2
42 39 2
39 40 2
40 36 2
36 37 2
37 33 2
33 98 2
F3
128
4 9 3
9 8 3
8 11 3
11 12 3
12 47 3
47 46 3
F4
128
66 80 4
80 81 4
81 82 4
82 68 4
F5
128
58 19 5
19 15 5
15 13 5
13 11 5
11 8 5
8 10 5
10 7 5
F6
128
19 15 6
15 13 6
13 11 6
11 12 6
12 10 6
F7
128
95 76 7
76 77 7
77 63 7
63 49 7
49 50 7
50 22 7
22 18 7
F8
128
83 82 8
82 68 8
68 54 8
54 34 8
F9
128
66 80 9
80 81 9
81 82 9
82 68 9
F10
256
1 13 10
13 11 10
11 12 10
12 47 10
47 61 10
61 60 10
F11
256
57 56 11
56 55 11
55 35 11
35 36 11
36 32 11
32 29 11
29 30 11
F12
256
87 84 12
84 83 12
83 82 12
82 89 12
F13
256
71 56 13
56 38 13
38 40 13
40 36 13
36 32 13
32 34 13
34 31 13
31 28 13
F14
256
54 68 14
68 82 14
82 81 14
81 80 14
80 79 14
F15
256
88 83 15
83 69 15
69 55 15
55 54 15
54 53 15
F16
256
9 8 16
8 11 16
11 14 16
14 15 16
F17
512
88 83 17
83 69 17
69 55 17
55 54 17
54 53 17
F18
512
52 51 18
51 50 18
50 49 18
49 63 18
63 64 18
64 65 18
F19
512
88 83 19
83 69 19
69 55 19
55 54 19
54 53 19
F20
512
22 50 20
50 49 20
49 63 20
63 62 20
62 61 20
F21
512
27 29 21
29 32 21
32 36 21
36 35 21
35 55 21
F22
512
69 68 22
68 82 22
82 81 22
81 80 22
F23
512
43 38 23
38 40 23
40 36 23
36 32 23
32 29 23
29 27 23
27 26 23
F24
512
86 87 24
87 88 24
88 83 24
83 82 24
82 81 24
81 80 24
80 79 24
79 92 24
F25
1024
97 76 25
76 77 25
77 63 25
63 49 25
49 48 25
48 16 25
16 14 25
F26
1024
56 55 26
55 54 26
54 68 26
68 82 26
82 81 26
81 67 26
F27
1024
69 68 27
68 82 27
82 81 27
81 80 27
F28
1024
56 55 28
55 54 28
54 68 28
68 82 28
82 81 28
81 67 28
F29
1024
1 13 29
13 11 29
11 12 29
12 47 29
47 61 29
61 60 29
F30
1024
3 6 30
6 9 30
9 13 30
13 11 30
11 14 30
14 16 30
16 48 30
48 62 30
