F1
128
54 68 1
68 82 1
82 81 1
81 80 1
80 79 1
F2
128
54 68 2
68 82 2
82 81 2
81 80 2
80 79 2
F3
128
54 68 3
68 82 3
82 81 3
81 80 3
80 79 3
F4
128
56 55 4
55 54 4
54 68 4
68 82 4
82 81 4
81 67 4
F5
128
54 68 5
68 82 5
82 81 5
81 80 5
80 79 5
F6
128
4 9 6
9 8 6
8 11 6
11 12 6
12 47 6
47 46 6
F7
128
66 80 7
80 81 7
81 82 7
82 68 7
F8
128
44 19 8
19 15 8
15 14 8
14 11 8
11 12 8
12 47 8
47 48 8
48 49 8
F9
128
58 19 9
19 15 9
15 13 9
13 11 9
11 8 9
8 10 9
10 7 9
F10
128
23 20 10
20 17 10
17 14 10
14 11 10
11 12 10
12 16 10
F11
256
66 80 11
80 81 11
81 82 11
82 68 11
F12
256
2 15 12
15 14 12
14 11 12
11 12 12
12 47 12
47 61 12
61 75 12
F13
256
85 84 13
84 83 13
83 82 13
82 81 13
81 80 13
80 91 13
F14
256
52 51 14
51 50 14
50 49 14
49 63 14
63 64 14
64 65 14
F15
256
52 51 15
51 50 15
50 49 15
49 63 15
63 64 15
64 65 15
F16
256
86 87 16
87 88 16
88 83 16
83 82 16
82 81 16
81 80 16
80 79 16
79 92 16
F17
256
9 8 17
8 11 17
11 14 17
14 15 17
F18
512
54 68 18
68 82 18
82 81 18
81 80 18
80 79 18
F19
512
84 83 19
83 82 19
82 81 19
81 90 19
F20
512
17 18 20
18 49 20
49 63 20
63 77 20
F21
512
43 38 21
38 40 21
40 36 21
36 32 21
32 29 21
29 27 21
27 26 21
F22
1024
45 42 22
42 39 22
39 40 22
40 36 22
36 37 22
37 33 22
33 98 22
F23
1024
51 50 23
50 49 23
49 63 23
63 64 23
F24
1024
86 87 24
87 88 24
88 83 24
83 82 24
82 81 24
81 80 24
80 79 24
79 92 24
F25
1024
88 83 25
83 69 25
69 55 25
55 54 25
54 53 25
F26
1024
45 42 26
42 39 26
39 40 26
40 36 26
36 37 26
37 33 26
33 98 26
F27
1024
23 20 27
20 17 27
17 14 27
14 11 27
11 12 27
12 16 27
F28
1024
56 55 28
55 54 28
54 68 28
68 82 28
82 81 28
81 67 28
F29
1024
9 8 29
8 11 29
11 14 29
14 15 29
F30
1024
59 39 30
39 40 30
40 36 30
36 37 30
37 33 30
33 98 30
