F1
128
43 38 1
38 40 1
40 36 1
36 32 1
32 29 1
29 27 1
27 26 1
F2
128
66 80 2
80 81 2
81 82 2
82 68 2
F3
128
85 84 3
84 83 3
83 82 3
82 81 3
81 80 3
80 91 3
F4
128
69 68 4
68 82 4
82 81 4
81 80 4
F5
128
19 15 5
15 13 5
13 11 5
11 12 5
12 10 5
F6
128
50 64 6
64 63 6
63 77 6
77 76 6
F7
128
95 76 7
76 77 7
77 63 7
63 49 7
49 50 7
50 22 7
22 18 7
F8
256
85 84 8
84 83 8
83 82 8
82 81 8
81 80 8
80 91 8
F9
256
41 40 9
40 36 9
36 37 9
37 73 9
F10
256
70 69 10
69 68 10
68 82 10
82 81 10
F11
256
1 13 11
13 11 11
11 12 11
12 47 11
47 61 11
61 60 11
F12
256
21 19 12
19 17 12
17 14 12
14 11 12
11 8 12
8 5 12
F13
256
85 84 13
84 83 13
83 82 13
82 81 13
81 80 13
80 91 13
F14
256
56 55 14
55 54 14
54 68 14
68 82 14
82 81 14
81 67 14
F15
256
1 13 15
13 11 15
11 12 15
12 47 15
47 61 15
61 60 15
F16
256
54 68 16
68 82 16
82 81 16
81 80 16
80 79 16
F17
512
22 50 17
50 49 17
49 63 17
63 62 17
62 61 17
F18
512
21 19 18
19 17 18
17 14 18
14 11 18
11 8 18
8 5 18
F19
512
17 18 19
18 49 19
49 63 19
63 77 19
F20
512
22 50 20
50 49 20
49 63 20
63 62 20
62 61 20
F21
512
93 78 21
78 64 21
64 63 21
63 49 21
49 18 21
18 16 21
16 12 21
F22
512
41 40 22
40 36 22
36 37 22
37 73 22
F23
1024
1 13 23
13 11 23
11 12 23
12 47 23
47 61 23
61 60 23
F24
1024
66 80 24
80 81 24
81 82 24
82 68 24
F25
1024
43 38 25
38 40 25
40 36 25
36 32 25
32 29 25
29 27 25
27 26 25
F26
1024
85 84 26
84 83 26
83 82 26
82 81 26
81 80 26
80 91 26
F27
1024
57 56 27
56 55 27
55 35 27
35 36 27
36 32 27
32 29 27
29 30 27
F28
1024
57 56 28
56 55 28
55 35 28
35 36 28
36 32 28
32 29 28
29 30 28
F29
1024
74 75 29
75 76 29
76 77 29
77 63 29
63 64 29
64 78 29
78 77 29
77 94 29
F30
1024
42 41 30
41 40 30
40 36 30
36 37 30
37 73 30
73 98 30
98 100 30
