F1
128
22 50 1
50 49 1
49 63 1
63 62 1
62 61 1
F2
128
51 50 2
50 49 2
49 63 2
63 64 2
F3
128
23 20 3
20 17 3
17 14 3
14 11 3
11 12 3
12 16 3
F4
128
4 9 4
9 8 4
8 11 4
11 12 4
12 47 4
47 46 4
F5
128
85 84 5
84 83 5
83 82 5
82 81 5
81 80 5
80 91 5
F6
128
4 9 6
9 8 6
8 11 6
11 12 6
12 47 6
47 46 6
F7
128
71 56 7
56 38 7
38 40 7
40 36 7
36 32 7
32 34 7
34 31 7
31 28 7
F8
256
23 20 8
20 17 8
17 14 8
14 11 8
11 12 8
12 16 8
F9
256
74 75 9
75 76 9
76 77 9
77 63 9
63 64 9
64 78 9
78 77 9
77 94 9
F10
256
42 41 10
41 40 10
40 36 10
36 37 10
37 73 10
73 98 10
98 100 10
F11
256
71 56 11
56 38 11
38 40 11
40 36 11
36 32 11
32 34 11
34 31 11
31 28 11
F12
256
97 76 12
76 77 12
77 63 12
63 49 12
49 48 12
48 16 12
16 14 12
F13
256
88 83 13
83 69 13
69 55 13
55 54 13
54 53 13
F14
256
83 82 14
82 68 14
68 54 14
54 34 14
F15
256
57 56 15
56 55 15
55 35 15
35 36 15
36 32 15
32 29 15
29 30 15
F16
256
97 76 16
76 77 16
77 63 16
63 49 16
49 48 16
48 16 16
16 14 16
F17
512
85 84 17
84 83 17
83 82 17
82 81 17
81 80 17
80 91 17
F18
512
85 84 18
84 83 18
83 82 18
82 81 18
81 80 18
80 91 18
F19
512
87 84 19
84 83 19
83 82 19
82 89 19
F20
512
54 68 20
68 82 20
82 81 20
81 80 20
80 79 20
F21
512
45 42 21
42 39 21
39 40 21
40 36 21
36 37 21
37 33 21
33 98 21
F22
512
50 64 22
64 63 22
63 77 22
77 76 22
F23
512
22 50 23
50 49 23
49 63 23
63 62 23
62 61 23
F24
1024
50 64 24
64 63 24
63 77 24
77 76 24
F25
1024
72 20 25
20 17 25
17 14 25
14 11 25
11 8 25
8 9 25
9 6 25
F26
1024
17 18 26
18 49 26
49 63 26
63 77 26
F27
1024
17 18 27
18 49 27
49 63 27
63 77 27
F28
1024
9 8 28
8 11 28
11 14 28
14 15 28
F29
1024
52 51 29
51 50 29
50 49 29
49 63 29
63 64 29
64 65 29
F30
1024
17 18 30
18 49 30
49 63 30
63 77 30
