17 18 1
18 49 1
49 63 1
63 77 1
3 6 2
6 9 2
9 13 2
13 11 2
11 14 2
14 16 2
16 48 2
48 62 2
84 83 3
83 82 3
82 81 3
81 90 3
57 56 4
56 55 4
55 35 4
35 36 4
36 32 4
32 29 4
29 30 4
86 87 5
87 88 5
88 83 5
83 82 5
82 81 5
81 80 5
80 79 5
79 92 5
93 78 6
78 64 6
64 63 6
63 49 6
49 18 6
18 16 6
16 12 6
2 15 7
15 14 7
14 11 7
11 12 7
12 47 7
47 61 7
61 75 7
70 69 8
69 68 8
68 82 8
82 81 8
17 18 9
18 49 9
49 63 9
63 77 9
57 56 10
56 55 10
55 35 10
35 36 10
36 32 10
32 29 10
29 30 10
27 29 11
29 32 11
32 36 11
36 35 11
35 55 11
56 55 12
55 54 12
54 68 12
68 82 12
82 81 12
81 67 12
43 38 13
38 40 13
40 36 13
36 32 13
32 29 13
29 27 13
27 26 13
66 80 14
80 81 14
81 82 14
82 68 14
96 95 15
95 76 15
75 77 15
77 63 15
63 49 15
49 18 15
18 17 15
17 20 15
44 19 16
19 15 16
15 14 16
14 11 16
11 12 16
12 47 16
47 48 16
48 49 16
56 55 17
55 54 17
54 68 17
68 82 17
82 81 17
81 67 17
1 13 18
13 11 18
11 12 18
12 47 18
47 61 18
61 60 18
74 75 19
75 76 19
76 77 19
77 63 19
63 64 19
64 78 19
78 77 19
77 94 19
42 41 20
41 40 20
40 36 20
36 37 20
37 73 20
73 98 20
98 100 20
72 20 21
20 17 21
17 14 21
17 18 1
18 49 1
49 63 1
63 77 1
3 6 2
6 9 2
9 13 2
13 11 2
11 14 2
14 16 2
16 48 2
48 62 2
84 83 3
83 82 3
82 81 3
81 90 3
57 56 4
56 55 4
55 35 4
35 36 4
36 32 4
32 29 4
29 30 4
86 87 5
87 88 5
88 83 5
83 82 5
82 81 5
81 80 5
80 79 5
79 92 5
93 78 6
78 64 6
64 63 6
63 49 6
49 18 6
18 16 6
16 12 6
2 15 7
15 14 7
14 11 7
11 12 7
12 47 7
47 61 7
61 75 7
70 69 8
69 68 8
68 82 8
82 81 8
17 18 9
18 49 9
49 63 9
63 77 9
57 56 10
56 55 10
55 35 10
35 36 10
36 32 10
32 29 10
29 30 10
27 29 11
29 32 11
32 36 11
36 35 11
35 55 11
14 11 21
11 8 21
8 9 21
9 6 21
66 80 22
80 81 22
81 82 22
82 68 22
71 56 23
56 38 23
38 40 23
40 36 23
36 32 23
32 34 23
34 31 23
31 28 23
97 76 24
76 77 24
77 63 24
63 49 24
49 48 24
48 16 24
16 14 24
96 95 25
95 76 25
75 77 25
77 63 25
63 49 25
49 18 25
18 17 25
17 20 25
3 6 26
6 9 26
9 13 26
13 11 26
11 14 26
14 16 26
16 48 26
48 62 26
27 29 27
29 32 27
32 36 27
36 35 27
35 55 27
3 6 28
6 9 28
9 13 28
13 11 28
11 14 28
14 16 28
16 48 28
48 62 28
23 20 29
20 17 29
17 14 29
14 11 29
11 12 29
12 16 29
41 40 30
40 36 30
36 37 30
37 73 30
- - -
17 18 1
18 49 1
49 63 1
63 77 1
3 6 2
6 9 2
9 13 2
13 11 2
11 14 2
14 16 2
16 48 2
48 62 2
84 83 3
83 82 3
82 81 3
81 90 3
57 56 4
56 55 4
55 35 4
35 36 4
36 32 4
32 29 4
29 30 4
86 87 5
87 88 5
88 83 5
83 82 5
82 81 5
81 80 5
80 79 5
79 92 5
93 78 6
78 64 6
64 63 6
63 49 6
49 18 6
18 16 6
16 12 6
2 15 7
15 14 7
14 11 7
11 12 7
12 47 7
47 61 7
61 75 7
70 69 8
69 68 8
68 82 8
82 81 8
17 18 9
18 49 9
49 63 9
63 77 9
57 56 10
56 55 10
55 35 10
35 36 10
36 32 10
32 29 10
29 30 10
27 29 11
29 32 11
32 36 11
36 35 11
35 55 11
56 55 12
55 54 12
54 68 12
68 82 12
82 81 12
81 67 12
43 38 13
38 40 13
40 36 13
36 32 13
32 29 13
29 27 13
27 26 13
66 80 14
80 81 14
81 82 14
82 68 14
96 95 15
95 76 15
75 77 15
77 63 15
63 49 15
49 18 15
18 17 15
17 20 15
44 19 16
19 15 16
15 14 16
14 11 16
11 12 16
12 47 16
47 48 16
48 49 16
- - -
- - -
- - -
- - -
- - -
- - -
- - -
- - -
- - -
- - -
- - -
- - -
- - -
- - -
- - -
- - -
- - -
- - -
- - -
- - -
- - -
- - -
- - -
- - -
- - -
- - -
- - -
- - -
- - -
- - -
17 18 1
18 49 1
49 63 1
63 77 1
3 6 2
6 9 2
9 13 2
13 11 2
11 14 2
14 16 2
16 48 2
48 62 2
84 83 3
83 82 3
82 81 3
81 90 3
57 56 4
56 55 4
55 35 4
35 36 4
36 32 4
32 29 4
29 30 4
86 87 5
87 88 5
88 83 5
83 82 5
82 81 5
81 80 5
80 79 5
79 92 5
93 78 6
78 64 6
64 63 6
63 49 6
49 18 6
18 16 6
16 12 6
2 15 7
15 14 7
14 11 7
11 12 7
12 47 7
47 61 7
61 75 7
70 69 8
69 68 8
68 82 8
82 81 8
17 18 9
18 49 9
49 63 9
63 77 9
57 56 10
56 55 10
55 35 10
35 36 10
36 32 10
32 29 10
29 30 10
27 29 11
29 32 11
32 36 11
36 35 11
35 55 11
- - -
- - -
- - -
- - -
- - -
- - -
- - -
- - -
- - -
- - -
- - -
- - -
- - -
- - -
- - -
- - -
- - -
- - -
- - -
- - -
- - -
- - -
- - -
- - -
- - -
- - -
- - -
- - -
- - -
- - -
- - -
- - -
- - -
- - -
- - -
- - -
- - -
- - -
- - -
- - -
- - -
- - -
- - -
- - -
- - -
- - -
- - -
- - -
- - -
- - -
- - -
- - -
- - -
- - -
- - -
- - -
- - -
- - -
- - -
- - -
- - -
- - -
- - -
17 18 1
18 49 1
49 63 1
63 77 1
3 6 2
6 9 2
9 13 2
13 11 2
11 14 2
14 16 2
16 48 2
48 62 2
84 83 3
83 82 3
82 81 3
81 90 3
57 56 4
56 55 4
55 35 4
35 36 4
36 32 4
32 29 4
29 30 4
86 87 5
87 88 5
88 83 5
83 82 5
82 81 5
81 80 5
80 79 5
79 92 5
93 78 6
78 64 6
64 63 6
63 49 6
49 18 6
18 16 6
16 12 6
2 15 7
15 14 7
14 11 7
11 12 7
12 47 7
47 61 7
61 75 7
70 69 8
69 68 8
68 82 8
82 81 8
17 18 9
18 49 9
49 63 9
63 77 9
57 56 10
56 55 10
55 35 10
35 36 10
36 32 10
32 29 10
29 30 10
27 29 11
29 32 11
32 36 11
36 35 11
35 55 11
56 55 12
55 54 12
54 68 12
68 82 12
82 81 12
81 67 12
43 38 13
38 40 13
40 36 13
36 32 13
32 29 13
29 27 13
27 26 13
66 80 14
80 81 14
81 82 14
82 68 14
96 95 15
95 76 15
75 77 15
77 63 15
63 49 15
49 18 15
18 17 15
17 20 15
44 19 16
19 15 16
15 14 16
14 11 16
11 12 16
12 47 16
47 48 16
48 49 16
56 55 17
55 54 17
54 68 17
68 82 17
82 81 17
81 67 17
1 13 18
13 11 18
11 12 18
12 47 18
47 61 18
61 60 18
74 75 19
75 76 19
76 77 19
77 63 19
63 64 19
64 78 19
78 77 19
77 94 19
42 41 20
41 40 20
40 36 20
36 37 20
37 73 20
73 98 20
98 100 20
72 20 21
20 17 21
17 14 21
17 18 1
18 49 1
49 63 1
63 77 1
3 6 2
6 9 2
9 13 2
13 11 2
11 14 2
14 16 2
16 48 2
48 62 2
84 83 3
83 82 3
82 81 3
81 90 3
57 56 4
56 55 4
55 35 4
35 36 4
36 32 4
32 29 4
29 30 4
86 87 5
87 88 5
88 83 5
83 82 5
82 81 5
81 80 5
80 79 5
79 92 5
93 78 6
78 64 6
64 63 6
63 49 6
49 18 6
18 16 6
16 12 6
2 15 7
15 14 7
14 11 7
11 12 7
12 47 7
47 61 7
61 75 7
70 69 8
69 68 8
68 82 8
82 81 8
17 18 9
18 49 9
49 63 9
63 77 9
57 56 10
56 55 10
55 35 10
35 36 10
36 32 10
32 29 10
29 30 10
27 29 11
29 32 11
32 36 11
36 35 11
35 55 11
14 11 21
11 8 21
8 9 21
9 6 21
66 80 22
80 81 22
81 82 22
82 68 22
71 56 23
56 38 23
38 40 23
40 36 23
36 32 23
32 34 23
34 31 23
31 28 23
97 76 24
76 77 24
77 63 24
63 49 24
49 48 24
48 16 24
16 14 24
96 95 25
95 76 25
75 77 25
77 63 25
63 49 25
49 18 25
18 17 25
17 20 25
3 6 26
6 9 26
9 13 26
13 11 26
11 14 26
14 16 26
16 48 26
48 62 26
- - -
- - -
- - -
- - -
- - -
- - -
- - -
- - -
- - -
- - -
- - -
- - -
- - -
- - -
- - -
- - -
- - -
- - -
- - -
- - -
- - -
- - -
- - -
- - -
17 18 1
18 49 1
49 63 1
63 77 1
3 6 2
6 9 2
9 13 2
13 11 2
11 14 2
14 16 2
16 48 2
48 62 2
84 83 3
83 82 3
82 81 3
81 90 3
57 56 4
56 55 4
55 35 4
35 36 4
36 32 4
32 29 4
29 30 4
86 87 5
87 88 5
88 83 5
83 82 5
82 81 5
81 80 5
80 79 5
79 92 5
93 78 6
78 64 6
64 63 6
63 49 6
49 18 6
18 16 6
16 12 6
2 15 7
15 14 7
14 11 7
11 12 7
12 47 7
47 61 7
61 75 7
70 69 8
69 68 8
68 82 8
82 81 8
17 18 9
18 49 9
49 63 9
63 77 9
57 56 10
56 55 10
55 35 10
35 36 10
36 32 10
32 29 10
29 30 10
27 29 11
29 32 11
32 36 11
36 35 11
35 55 11
56 55 12
55 54 12
54 68 12
68 82 12
82 81 12
81 67 12
43 38 13
38 40 13
40 36 13
36 32 13
32 29 13
29 27 13
27 26 13
66 80 14
80 81 14
81 82 14
82 68 14
96 95 15
95 76 15
75 77 15
77 63 15
63 49 15
49 18 15
18 17 15
17 20 15
44 19 16
19 15 16
15 14 16
14 11 16
11 12 16
12 47 16
47 48 16
48 49 16
- - -
- - -
- - -
- - -
- - -
- - -
- - -
- - -
- - -
- - -
- - -
- - -
- - -
- - -
- - -
- - -
- - -
- - -
- - -
- - -
- - -
- - -
- - -
- - -
- - -
- - -
- - -
- - -
- - -
- - -
17 18 1
18 49 1
49 63 1
63 77 1
3 6 2
6 9 2
9 13 2
13 11 2
11 14 2
14 16 2
16 48 2
48 62 2
84 83 3
83 82 3
82 81 3
81 90 3
57 56 4
56 55 4
55 35 4
35 36 4
36 32 4
32 29 4
29 30 4
86 87 5
87 88 5
88 83 5
83 82 5
82 81 5
81 80 5
80 79 5
79 92 5
93 78 6
78 64 6
64 63 6
63 49 6
49 18 6
18 16 6
16 12 6
2 15 7
15 14 7
14 11 7
11 12 7
12 47 7
47 61 7
61 75 7
70 69 8
69 68 8
68 82 8
82 81 8
17 18 9
18 49 9
49 63 9
63 77 9
57 56 10
56 55 10
55 35 10
35 36 10
36 32 10
32 29 10
29 30 10
27 29 11
29 32 11
32 36 11
36 35 11
35 55 11
- - -
- - -
- - -
- - -
- - -
- - -
- - -
- - -
- - -
- - -
- - -
- - -
- - -
- - -
- - -
- - -
- - -
- - -
- - -
- - -
- - -
- - -
- - -
- - -
- - -
- - -
- - -
- - -
- - -
- - -
- - -
- - -
- - -
- - -
- - -
- - -
- - -
- - -
- - -
- - -
- - -
- - -
- - -
- - -
- - -
- - -
- - -
- - -
- - -
- - -
- - -
- - -
- - -
- - -
- - -
- - -
- - -
- - -
- - -
- - -
- - -
- - -
- - -
