42 41 1
41 40 1
40 36 1
36 37 1
37 73 1
73 98 1
98 100 1
9 8 2
8 11 2
11 14 2
14 15 2
44 19 3
19 15 3
15 14 3
14 11 3
11 12 3
12 47 3
47 48 3
48 49 3
96 95 4
95 76 4
75 77 4
77 63 4
63 49 4
49 18 4
18 17 4
17 20 4
69 68 5
68 82 5
82 81 5
81 80 5
2 15 6
15 14 6
14 11 6
11 12 6
12 47 6
47 61 6
61 75 6
52 51 7
51 50 7
50 49 7
49 63 7
63 64 7
64 65 7
21 19 8
19 17 8
17 14 8
14 11 8
11 8 8
8 5 8
52 51 9
51 50 9
50 49 9
49 63 9
63 64 9
64 65 9
4 9 10
9 8 10
8 11 10
11 12 10
12 47 10
47 46 10
74 75 11
75 76 11
76 77 11
77 63 11
63 64 11
64 78 11
78 77 11
77 94 11
44 19 12
19 15 12
15 14 12
14 11 12
11 12 12
12 47 12
47 48 12
48 49 12
51 50 13
50 49 13
49 63 13
63 64 13
44 19 14
19 15 14
15 14 14
14 11 14
11 12 14
12 47 14
47 48 14
48 49 14
69 68 15
68 82 15
82 81 15
81 80 15
83 82 16
82 68 16
68 54 16
54 34 16
72 20 17
20 17 17
17 14 17
14 11 17
11 8 17
8 9 17
9 6 17
21 19 18
19 17 18
17 14 18
14 11 18
11 8 18
8 5 18
17 18 19
18 49 19
49 63 19
63 77 19
21 19 20
19 17 20
17 14 20
14 11 20
11 8 20
8 5 20
19 15 21
15 13 21
13 11 21
11 12 21
12 10 21
74 75 22
75 76 22
42 41 1
41 40 1
40 36 1
36 37 1
37 73 1
73 98 1
98 100 1
9 8 2
8 11 2
11 14 2
14 15 2
44 19 3
19 15 3
15 14 3
14 11 3
11 12 3
12 47 3
47 48 3
48 49 3
96 95 4
95 76 4
75 77 4
77 63 4
63 49 4
49 18 4
18 17 4
17 20 4
69 68 5
68 82 5
82 81 5
81 80 5
2 15 6
15 14 6
14 11 6
11 12 6
12 47 6
47 61 6
61 75 6
52 51 7
51 50 7
50 49 7
49 63 7
63 64 7
64 65 7
21 19 8
19 17 8
17 14 8
14 11 8
11 8 8
8 5 8
52 51 9
51 50 9
50 49 9
49 63 9
63 64 9
64 65 9
4 9 10
9 8 10
8 11 10
11 12 10
12 47 10
47 46 10
74 75 11
75 76 11
76 77 11
77 63 11
63 64 11
64 78 11
78 77 11
77 94 11
76 77 22
77 63 22
63 64 22
64 78 22
78 77 22
77 94 22
58 19 23
19 15 23
15 13 23
13 11 23
11 8 23
8 10 23
10 7 23
17 18 24
18 49 24
49 63 24
63 77 24
95 76 25
76 77 25
77 63 25
63 49 25
49 50 25
50 22 25
22 18 25
83 82 26
82 68 26
68 54 26
54 34 26
58 19 27
19 15 27
15 13 27
13 11 27
11 8 27
8 10 27
10 7 27
72 20 28
20 17 28
17 14 28
14 11 28
11 8 28
8 9 28
9 6 28
43 38 29
38 40 29
40 36 29
36 32 29
32 29 29
29 27 29
27 26 29
95 76 30
76 77 30
77 63 30
63 49 30
49 50 30
50 22 30
22 18 30
- - -
- - -
42 41 1
41 40 1
40 36 1
36 37 1
37 73 1
73 98 1
98 100 1
9 8 2
8 11 2
11 14 2
14 15 2
44 19 3
19 15 3
15 14 3
14 11 3
11 12 3
12 47 3
47 48 3
48 49 3
96 95 4
95 76 4
75 77 4
77 63 4
63 49 4
49 18 4
18 17 4
17 20 4
69 68 5
68 82 5
82 81 5
81 80 5
2 15 6
15 14 6
14 11 6
11 12 6
12 47 6
47 61 6
61 75 6
52 51 7
51 50 7
50 49 7
49 63 7
63 64 7
64 65 7
21 19 8
19 17 8
17 14 8
14 11 8
11 8 8
8 5 8
52 51 9
51 50 9
50 49 9
49 63 9
63 64 9
64 65 9
4 9 10
9 8 10
8 11 10
11 12 10
12 47 10
47 46 10
74 75 11
75 76 11
76 77 11
77 63 11
63 64 11
64 78 11
78 77 11
77 94 11
44 19 12
19 15 12
15 14 12
14 11 12
11 12 12
12 47 12
47 48 12
48 49 12
51 50 13
50 49 13
49 63 13
63 64 13
44 19 14
19 15 14
15 14 14
14 11 14
11 12 14
12 47 14
47 48 14
48 49 14
69 68 15
68 82 15
82 81 15
81 80 15
83 82 16
82 68 16
68 54 16
54 34 16
72 20 17
20 17 17
17 14 17
14 11 17
11 8 17
8 9 17
9 6 17
21 19 18
19 17 18
17 14 18
14 11 18
11 8 18
8 5 18
- - -
- - -
- - -
- - -
- - -
- - -
- - -
- - -
- - -
- - -
- - -
- - -
- - -
- - -
- - -
- - -
- - -
42 41 1
41 40 1
40 36 1
36 37 1
37 73 1
73 98 1
98 100 1
9 8 2
8 11 2
11 14 2
14 15 2
44 19 3
19 15 3
15 14 3
14 11 3
11 12 3
12 47 3
47 48 3
48 49 3
96 95 4
95 76 4
75 77 4
77 63 4
63 49 4
49 18 4
18 17 4
17 20 4
69 68 5
68 82 5
82 81 5
81 80 5
2 15 6
15 14 6
14 11 6
11 12 6
12 47 6
47 61 6
61 75 6
52 51 7
51 50 7
50 49 7
49 63 7
63 64 7
64 65 7
21 19 8
19 17 8
17 14 8
14 11 8
11 8 8
8 5 8
52 51 9
51 50 9
50 49 9
49 63 9
63 64 9
64 65 9
4 9 10
9 8 10
8 11 10
11 12 10
12 47 10
47 46 10
74 75 11
75 76 11
76 77 11
77 63 11
63 64 11
64 78 11
78 77 11
77 94 11
- - -
- - -
- - -
- - -
- - -
- - -
- - -
- - -
- - -
- - -
- - -
- - -
- - -
- - -
- - -
- - -
- - -
- - -
- - -
- - -
- - -
- - -
- - -
- - -
- - -
- - -
- - -
- - -
- - -
- - -
- - -
- - -
- - -
- - -
- - -
- - -
- - -
- - -
- - -
- - -
- - -
- - -
- - -
- - -
- - -
- - -
- - -
- - -
- - -
- - -
- - -
- - -
- - -
- - -
- - -
- - -
- - -
- - -
42 41 1
41 40 1
40 36 1
36 37 1
37 73 1
73 98 1
98 100 1
9 8 2
8 11 2
11 14 2
14 15 2
44 19 3
19 15 3
15 14 3
14 11 3
11 12 3
12 47 3
47 48 3
48 49 3
96 95 4
95 76 4
75 77 4
77 63 4
63 49 4
49 18 4
18 17 4
17 20 4
69 68 5
68 82 5
82 81 5
81 80 5
2 15 6
15 14 6
14 11 6
11 12 6
12 47 6
47 61 6
61 75 6
52 51 7
51 50 7
50 49 7
49 63 7
63 64 7
64 65 7
21 19 8
19 17 8
17 14 8
14 11 8
11 8 8
8 5 8
52 51 9
51 50 9
50 49 9
49 63 9
63 64 9
64 65 9
4 9 10
9 8 10
8 11 10
11 12 10
12 47 10
47 46 10
74 75 11
75 76 11
76 77 11
77 63 11
63 64 11
64 78 11
78 77 11
77 94 11
44 19 12
19 15 12
15 14 12
14 11 12
11 12 12
12 47 12
47 48 12
48 49 12
51 50 13
50 49 13
49 63 13
63 64 13
44 19 14
19 15 14
15 14 14
14 11 14
11 12 14
12 47 14
47 48 14
48 49 14
69 68 15
68 82 15
82 81 15
81 80 15
83 82 16
82 68 16
68 54 16
54 34 16
72 20 17
20 17 17
17 14 17
14 11 17
11 8 17
8 9 17
9 6 17
21 19 18
19 17 18
17 14 18
14 11 18
11 8 18
8 5 18
17 18 19
18 49 19
49 63 19
63 77 19
21 19 20
19 17 20
17 14 20
14 11 20
11 8 20
8 5 20
19 15 21
15 13 21
13 11 21
11 12 21
12 10 21
74 75 22
75 76 22
42 41 1
41 40 1
40 36 1
36 37 1
37 73 1
73 98 1
98 100 1
9 8 2
8 11 2
11 14 2
14 15 2
44 19 3
19 15 3
15 14 3
14 11 3
11 12 3
12 47 3
47 48 3
48 49 3
96 95 4
95 76 4
75 77 4
77 63 4
63 49 4
49 18 4
18 17 4
17 20 4
69 68 5
68 82 5
82 81 5
81 80 5
2 15 6
15 14 6
14 11 6
11 12 6
12 47 6
47 61 6
61 75 6
52 51 7
51 50 7
50 49 7
49 63 7
63 64 7
64 65 7
21 19 8
19 17 8
17 14 8
14 11 8
11 8 8
8 5 8
52 51 9
51 50 9
50 49 9
49 63 9
63 64 9
64 65 9
4 9 10
9 8 10
8 11 10
11 12 10
12 47 10
47 46 10
74 75 11
75 76 11
76 77 11
77 63 11
63 64 11
64 78 11
78 77 11
77 94 11
76 77 22
77 63 22
63 64 22
64 78 22
78 77 22
77 94 22
58 19 23
19 15 23
15 13 23
13 11 23
11 8 23
8 10 23
10 7 23
17 18 24
18 49 24
49 63 24
63 77 24
- - -
- - -
- - -
- - -
- - -
- - -
- - -
- - -
- - -
- - -
- - -
- - -
- - -
- - -
- - -
- - -
- - -
- - -
- - -
- - -
- - -
- - -
- - -
- - -
- - -
- - -
- - -
- - -
- - -
- - -
- - -
- - -
- - -
- - -
- - -
- - -
- - -
- - -
- - -
- - -
- - -
42 41 1
41 40 1
40 36 1
36 37 1
37 73 1
73 98 1
98 100 1
9 8 2
8 11 2
11 14 2
14 15 2
44 19 3
19 15 3
15 14 3
14 11 3
11 12 3
12 47 3
47 48 3
48 49 3
96 95 4
95 76 4
75 77 4
77 63 4
63 49 4
49 18 4
18 17 4
17 20 4
69 68 5
68 82 5
82 81 5
81 80 5
2 15 6
15 14 6
14 11 6
11 12 6
12 47 6
47 61 6
61 75 6
52 51 7
51 50 7
50 49 7
49 63 7
63 64 7
64 65 7
21 19 8
19 17 8
17 14 8
14 11 8
11 8 8
8 5 8
52 51 9
51 50 9
50 49 9
49 63 9
63 64 9
64 65 9
4 9 10
9 8 10
8 11 10
11 12 10
12 47 10
47 46 10
74 75 11
75 76 11
76 77 11
77 63 11
63 64 11
64 78 11
78 77 11
77 94 11
44 19 12
19 15 12
15 14 12
14 11 12
11 12 12
12 47 12
47 48 12
48 49 12
51 50 13
50 49 13
49 63 13
63 64 13
44 19 14
19 15 14
15 14 14
14 11 14
11 12 14
12 47 14
47 48 14
48 49 14
69 68 15
68 82 15
82 81 15
81 80 15
83 82 16
82 68 16
68 54 16
54 34 16
72 20 17
20 17 17
17 14 17
14 11 17
11 8 17
8 9 17
9 6 17
21 19 18
19 17 18
17 14 18
14 11 18
11 8 18
8 5 18
- - -
- - -
- - -
- - -
- - -
- - -
- - -
- - -
- - -
- - -
- - -
- - -
- - -
- - -
- - -
- - -
- - -
42 41 1
41 40 1
40 36 1
36 37 1
37 73 1
73 98 1
98 100 1
9 8 2
8 11 2
11 14 2
14 15 2
44 19 3
19 15 3
15 14 3
14 11 3
11 12 3
12 47 3
47 48 3
48 49 3
96 95 4
95 76 4
75 77 4
77 63 4
63 49 4
49 18 4
18 17 4
17 20 4
69 68 5
68 82 5
82 81 5
81 80 5
2 15 6
15 14 6
14 11 6
11 12 6
12 47 6
47 61 6
61 75 6
52 51 7
51 50 7
50 49 7
49 63 7
63 64 7
64 65 7
21 19 8
19 17 8
17 14 8
14 11 8
11 8 8
8 5 8
52 51 9
51 50 9
50 49 9
49 63 9
63 64 9
64 65 9
4 9 10
9 8 10
8 11 10
11 12 10
12 47 10
47 46 10
74 75 11
75 76 11
76 77 11
77 63 11
63 64 11
64 78 11
78 77 11
77 94 11
- - -
- - -
- - -
- - -
- - -
- - -
- - -
- - -
- - -
- - -
- - -
- - -
- - -
- - -
- - -
- - -
- - -
- - -
- - -
- - -
- - -
- - -
- - -
- - -
- - -
- - -
- - -
- - -
- - -
- - -
- - -
- - -
- - -
- - -
- - -
- - -
- - -
- - -
- - -
- - -
- - -
- - -
- - -
- - -
- - -
- - -
- - -
- - -
- - -
- - -
- - -
- - -
- - -
- - -
- - -
- - -
- - -
- - -
