83 82 1
82 68 1
68 54 1
54 34 1
42 41 2
41 40 2
40 36 2
36 37 2
37 73 2
73 98 2
98 100 2
43 38 3
38 40 3
40 36 3
36 32 3
32 29 3
29 27 3
27 26 3
70 69 4
69 68 4
68 82 4
82 81 4
85 84 5
84 83 5
83 82 5
82 81 5
81 80 5
80 91 5
27 29 6
29 32 6
32 36 6
36 35 6
35 55 6
44 19 7
19 15 7
15 14 7
14 11 7
11 12 7
12 47 7
47 48 7
48 49 7
27 29 8
29 32 8
32 36 8
36 35 8
35 55 8
57 56 9
56 55 9
55 35 9
35 36 9
36 32 9
32 29 9
29 30 9
19 15 10
15 13 10
13 11 10
11 12 10
12 10 10
83 82 11
82 68 11
68 54 11
54 34 11
96 95 12
95 76 12
75 77 12
77 63 12
63 49 12
49 18 12
18 17 12
17 20 12
23 20 13
20 17 13
17 14 13
14 11 13
11 12 13
12 16 13
96 95 14
95 76 14
75 77 14
77 63 14
63 49 14
49 18 14
18 17 14
17 20 14
87 84 15
84 83 15
83 82 15
82 89 15
54 68 16
68 82 16
82 81 16
81 80 16
80 79 16
2 15 17
15 14 17
14 11 17
11 12 17
12 47 17
47 61 17
61 75 17
59 39 18
39 40 18
40 36 18
36 37 18
37 33 18
33 98 18
27 29 19
29 32 19
32 36 19
36 35 19
35 55 19
88 83 20
83 69 20
69 55 20
55 54 20
54 53 20
43 38 21
38 40 21
40 36 21
36 32 21
32 29 21
29 27 21
27 26 21
57 56 22
56 55 22
55 35 22
35 36 22
36 32 22
83 82 1
82 68 1
68 54 1
54 34 1
42 41 2
41 40 2
40 36 2
36 37 2
37 73 2
73 98 2
98 100 2
43 38 3
38 40 3
40 36 3
36 32 3
32 29 3
29 27 3
27 26 3
70 69 4
69 68 4
68 82 4
82 81 4
85 84 5
84 83 5
83 82 5
82 81 5
81 80 5
80 91 5
27 29 6
29 32 6
32 36 6
36 35 6
35 55 6
44 19 7
19 15 7
15 14 7
14 11 7
11 12 7
12 47 7
47 48 7
48 49 7
27 29 8
29 32 8
32 36 8
36 35 8
35 55 8
57 56 9
56 55 9
55 35 9
35 36 9
36 32 9
32 29 9
29 30 9
19 15 10
15 13 10
13 11 10
11 12 10
12 10 10
32 29 22
29 30 22
96 95 23
95 76 23
75 77 23
77 63 23
63 49 23
49 18 23
18 17 23
17 20 23
51 50 24
50 49 24
49 63 24
63 64 24
83 82 25
82 68 25
68 54 25
54 34 25
66 80 26
80 81 26
81 82 26
82 68 26
4 9 27
9 8 27
8 11 27
11 12 27
12 47 27
47 46 27
69 68 28
68 82 28
82 81 28
81 80 28
96 95 29
95 76 29
75 77 29
77 63 29
63 49 29
49 18 29
18 17 29
17 20 29
84 83 30
83 82 30
82 81 30
81 90 30
- - -
- - -
- - -
- - -
- - -
- - -
- - -
- - -
- - -
- - -
- - -
- - -
- - -
- - -
- - -
- - -
- - -
- - -
- - -
- - -
- - -
- - -
- - -
- - -
- - -
- - -
83 82 1
82 68 1
68 54 1
54 34 1
42 41 2
41 40 2
40 36 2
36 37 2
37 73 2
73 98 2
98 100 2
43 38 3
38 40 3
40 36 3
36 32 3
32 29 3
29 27 3
27 26 3
70 69 4
69 68 4
68 82 4
82 81 4
85 84 5
84 83 5
83 82 5
82 81 5
81 80 5
80 91 5
27 29 6
29 32 6
32 36 6
36 35 6
35 55 6
44 19 7
19 15 7
15 14 7
14 11 7
11 12 7
12 47 7
47 48 7
48 49 7
27 29 8
29 32 8
32 36 8
36 35 8
35 55 8
57 56 9
56 55 9
55 35 9
35 36 9
36 32 9
32 29 9
29 30 9
19 15 10
15 13 10
13 11 10
11 12 10
12 10 10
83 82 11
82 68 11
68 54 11
54 34 11
96 95 12
95 76 12
75 77 12
77 63 12
63 49 12
49 18 12
18 17 12
17 20 12
23 20 13
20 17 13
17 14 13
14 11 13
11 12 13
12 16 13
96 95 14
95 76 14
75 77 14
77 63 14
63 49 14
49 18 14
18 17 14
17 20 14
87 84 15
84 83 15
83 82 15
82 89 15
54 68 16
68 82 16
82 81 16
81 80 16
80 79 16
- - -
- - -
- - -
- - -
- - -
- - -
- - -
- - -
- - -
- - -
- - -
- - -
- - -
- - -
- - -
- - -
- - -
- - -
- - -
- - -
- - -
- - -
- - -
- - -
- - -
- - -
- - -
- - -
- - -
- - -
- - -
- - -
- - -
- - -
- - -
83 82 1
82 68 1
68 54 1
54 34 1
42 41 2
41 40 2
40 36 2
36 37 2
37 73 2
73 98 2
98 100 2
43 38 3
38 40 3
40 36 3
36 32 3
32 29 3
29 27 3
27 26 3
70 69 4
69 68 4
68 82 4
82 81 4
85 84 5
84 83 5
83 82 5
82 81 5
81 80 5
80 91 5
27 29 6
29 32 6
32 36 6
36 35 6
35 55 6
44 19 7
19 15 7
15 14 7
14 11 7
11 12 7
12 47 7
47 48 7
48 49 7
27 29 8
29 32 8
32 36 8
36 35 8
35 55 8
57 56 9
56 55 9
55 35 9
35 36 9
36 32 9
32 29 9
29 30 9
19 15 10
15 13 10
13 11 10
11 12 10
12 10 10
- - -
- - -
- - -
- - -
- - -
- - -
- - -
- - -
- - -
- - -
- - -
- - -
- - -
- - -
- - -
- - -
- - -
- - -
- - -
- - -
- - -
- - -
- - -
- - -
- - -
- - -
- - -
- - -
- - -
- - -
- - -
- - -
- - -
- - -
- - -
- - -
- - -
- - -
- - -
- - -
- - -
- - -
- - -
- - -
- - -
- - -
- - -
- - -
- - -
- - -
- - -
- - -
- - -
- - -
- - -
- - -
- - -
- - -
- - -
- - -
- - -
- - -
- - -
- - -
- - -
- - -
- - -
- - -
- - -
- - -
83 82 1
82 68 1
68 54 1
54 34 1
42 41 2
41 40 2
40 36 2
36 37 2
37 73 2
73 98 2
98 100 2
43 38 3
38 40 3
40 36 3
36 32 3
32 29 3
29 27 3
27 26 3
70 69 4
69 68 4
68 82 4
82 81 4
85 84 5
84 83 5
83 82 5
82 81 5
81 80 5
80 91 5
27 29 6
29 32 6
32 36 6
36 35 6
35 55 6
44 19 7
19 15 7
15 14 7
14 11 7
11 12 7
12 47 7
47 48 7
48 49 7
27 29 8
29 32 8
32 36 8
36 35 8
35 55 8
57 56 9
56 55 9
55 35 9
35 36 9
36 32 9
32 29 9
29 30 9
19 15 10
15 13 10
13 11 10
11 12 10
12 10 10
83 82 11
82 68 11
68 54 11
54 34 11
96 95 12
95 76 12
75 77 12
77 63 12
63 49 12
49 18 12
18 17 12
17 20 12
23 20 13
20 17 13
17 14 13
14 11 13
11 12 13
12 16 13
96 95 14
95 76 14
75 77 14
77 63 14
63 49 14
49 18 14
18 17 14
17 20 14
87 84 15
84 83 15
83 82 15
82 89 15
54 68 16
68 82 16
82 81 16
81 80 16
80 79 16
2 15 17
15 14 17
14 11 17
11 12 17
12 47 17
47 61 17
61 75 17
59 39 18
39 40 18
40 36 18
36 37 18
37 33 18
33 98 18
27 29 19
29 32 19
32 36 19
36 35 19
35 55 19
88 83 20
83 69 20
69 55 20
55 54 20
54 53 20
43 38 21
38 40 21
40 36 21
36 32 21
32 29 21
29 27 21
27 26 21
57 56 22
56 55 22
55 35 22
35 36 22
36 32 22
83 82 1
82 68 1
68 54 1
54 34 1
42 41 2
41 40 2
40 36 2
36 37 2
37 73 2
73 98 2
98 100 2
43 38 3
38 40 3
40 36 3
36 32 3
32 29 3
29 27 3
27 26 3
70 69 4
69 68 4
68 82 4
82 81 4
85 84 5
84 83 5
83 82 5
82 81 5
81 80 5
80 91 5
27 29 6
29 32 6
32 36 6
36 35 6
35 55 6
44 19 7
19 15 7
15 14 7
14 11 7
11 12 7
12 47 7
47 48 7
48 49 7
27 29 8
29 32 8
32 36 8
36 35 8
35 55 8
57 56 9
56 55 9
55 35 9
35 36 9
36 32 9
32 29 9
29 30 9
19 15 10
15 13 10
13 11 10
11 12 10
12 10 10
32 29 22
29 30 22
96 95 23
95 76 23
75 77 23
77 63 23
63 49 23
49 18 23
18 17 23
17 20 23
- - -
- - -
- - -
- - -
- - -
- - -
- - -
- - -
- - -
- - -
- - -
- - -
- - -
- - -
- - -
- - -
- - -
- - -
- - -
- - -
- - -
- - -
- - -
- - -
- - -
- - -
- - -
- - -
- - -
- - -
- - -
- - -
- - -
- - -
- - -
- - -
- - -
- - -
- - -
- - -
- - -
- - -
- - -
- - -
- - -
- - -
- - -
- - -
- - -
- - -
- - -
- - -
- - -
- - -
- - -
- - -
- - -
- - -
- - -
- - -
83 82 1
82 68 1
68 54 1
54 34 1
42 41 2
41 40 2
40 36 2
36 37 2
37 73 2
73 98 2
98 100 2
43 38 3
38 40 3
40 36 3
36 32 3
32 29 3
29 27 3
27 26 3
70 69 4
69 68 4
68 82 4
82 81 4
85 84 5
84 83 5
83 82 5
82 81 5
81 80 5
80 91 5
27 29 6
29 32 6
32 36 6
36 35 6
35 55 6
44 19 7
19 15 7
15 14 7
14 11 7
11 12 7
12 47 7
47 48 7
48 49 7
27 29 8
29 32 8
32 36 8
36 35 8
35 55 8
57 56 9
56 55 9
55 35 9
35 36 9
36 32 9
32 29 9
29 30 9
19 15 10
15 13 10
13 11 10
11 12 10
12 10 10
83 82 11
82 68 11
68 54 11
54 34 11
96 95 12
95 76 12
75 77 12
77 63 12
63 49 12
49 18 12
18 17 12
17 20 12
23 20 13
20 17 13
17 14 13
14 11 13
11 12 13
12 16 13
96 95 14
95 76 14
75 77 14
77 63 14
63 49 14
49 18 14
18 17 14
17 20 14
87 84 15
84 83 15
83 82 15
82 89 15
54 68 16
68 82 16
82 81 16
81 80 16
80 79 16
- - -
- - -
- - -
- - -
- - -
- - -
- - -
- - -
- - -
- - -
- - -
- - -
- - -
- - -
- - -
- - -
- - -
- - -
- - -
- - -
- - -
- - -
- - -
- - -
- - -
- - -
- - -
- - -
- - -
- - -
- - -
- - -
- - -
- - -
- - -
83 82 1
82 68 1
68 54 1
54 34 1
42 41 2
41 40 2
40 36 2
36 37 2
37 73 2
73 98 2
98 100 2
43 38 3
38 40 3
40 36 3
36 32 3
32 29 3
29 27 3
27 26 3
70 69 4
69 68 4
68 82 4
82 81 4
85 84 5
84 83 5
83 82 5
82 81 5
81 80 5
80 91 5
27 29 6
29 32 6
32 36 6
36 35 6
35 55 6
44 19 7
19 15 7
15 14 7
14 11 7
11 12 7
12 47 7
47 48 7
48 49 7
27 29 8
29 32 8
32 36 8
36 35 8
35 55 8
57 56 9
56 55 9
55 35 9
35 36 9
36 32 9
32 29 9
29 30 9
19 15 10
15 13 10
13 11 10
11 12 10
12 10 10
- - -
- - -
- - -
- - -
- - -
- - -
- - -
- - -
- - -
- - -
- - -
- - -
- - -
- - -
- - -
- - -
- - -
- - -
- - -
- - -
- - -
- - -
- - -
- - -
- - -
- - -
- - -
- - -
- - -
- - -
- - -
- - -
- - -
- - -
- - -
- - -
- - -
- - -
- - -
- - -
- - -
- - -
- - -
- - -
- - -
- - -
- - -
- - -
- - -
- - -
- - -
- - -
- - -
- - -
- - -
- - -
- - -
- - -
- - -
- - -
- - -
- - -
- - -
- - -
- - -
- - -
- - -
- - -
- - -
- - -
