42 41 1
41 40 1
40 36 1
36 37 1
37 73 1
73 98 1
98 100 1
93 78 2
78 64 2
64 63 2
63 49 2
49 18 2
18 16 2
16 12 2
21 19 3
19 17 3
17 14 3
14 11 3
11 8 3
8 5 3
70 69 4
69 68 4
68 82 4
82 81 4
96 95 5
95 76 5
75 77 5
77 63 5
63 49 5
49 18 5
18 17 5
17 20 5
83 82 6
82 68 6
68 54 6
54 34 6
84 83 7
83 82 7
82 81 7
81 90 7
57 56 8
56 55 8
55 35 8
35 36 8
36 32 8
32 29 8
29 30 8
21 19 9
19 17 9
17 14 9
14 11 9
11 8 9
8 5 9
45 42 10
42 39 10
39 40 10
40 36 10
36 37 10
37 33 10
33 98 10
43 38 11
38 40 11
40 36 11
36 32 11
32 29 11
29 27 11
27 26 11
70 69 12
69 68 12
68 82 12
82 81 12
23 20 13
20 17 13
17 14 13
14 11 13
11 12 13
12 16 13
96 95 14
95 76 14
75 77 14
77 63 14
63 49 14
49 18 14
18 17 14
17 20 14
85 84 15
84 83 15
83 82 15
82 81 15
81 80 15
80 91 15
41 40 16
40 36 16
36 37 16
37 73 16
72 20 17
20 17 17
17 14 17
14 11 17
11 8 17
8 9 17
9 6 17
58 19 18
19 15 18
15 13 18
13 11 18
11 8 18
8 10 18
10 7 18
43 38 19
38 40 19
40 36 19
36 32 19
32 29 19
29 27 19
27 26 19
41 40 20
40 36 20
36 37 20
37 73 20
59 39 21
39 40 21
40 36 21
36 37 21
37 33 21
33 98 21
59 39 22
39 40 22
42 41 1
41 40 1
40 36 1
36 37 1
37 73 1
73 98 1
98 100 1
93 78 2
78 64 2
64 63 2
63 49 2
49 18 2
18 16 2
16 12 2
21 19 3
19 17 3
17 14 3
14 11 3
11 8 3
8 5 3
70 69 4
69 68 4
68 82 4
82 81 4
96 95 5
95 76 5
75 77 5
77 63 5
63 49 5
49 18 5
18 17 5
17 20 5
83 82 6
82 68 6
68 54 6
54 34 6
84 83 7
83 82 7
82 81 7
81 90 7
57 56 8
56 55 8
55 35 8
35 36 8
36 32 8
32 29 8
29 30 8
21 19 9
19 17 9
17 14 9
14 11 9
11 8 9
8 5 9
45 42 10
42 39 10
39 40 10
40 36 10
36 37 10
37 33 10
33 98 10
43 38 11
38 40 11
40 36 11
36 32 11
32 29 11
29 27 11
27 26 11
70 69 12
69 68 12
68 82 12
82 81 12
40 36 22
36 37 22
37 33 22
33 98 22
22 50 23
50 49 23
49 63 23
63 62 23
62 61 23
86 87 24
87 88 24
88 83 24
83 82 24
82 81 24
81 80 24
80 79 24
79 92 24
87 84 25
84 83 25
83 82 25
82 89 25
23 20 26
20 17 26
17 14 26
14 11 26
11 12 26
12 16 26
84 83 27
83 82 27
82 81 27
81 90 27
45 42 28
42 39 28
39 40 28
40 36 28
36 37 28
37 33 28
33 98 28
42 41 29
41 40 29
40 36 29
36 37 29
37 73 29
73 98 29
98 100 29
93 78 30
78 64 30
64 63 30
63 49 30
49 18 30
18 16 30
16 12 30
- - -
- - -
- - -
- - -
- - -
42 41 1
41 40 1
40 36 1
36 37 1
37 73 1
73 98 1
98 100 1
93 78 2
78 64 2
64 63 2
63 49 2
49 18 2
18 16 2
16 12 2
21 19 3
19 17 3
17 14 3
14 11 3
11 8 3
8 5 3
70 69 4
69 68 4
68 82 4
82 81 4
96 95 5
95 76 5
75 77 5
77 63 5
63 49 5
49 18 5
18 17 5
17 20 5
83 82 6
82 68 6
68 54 6
54 34 6
84 83 7
83 82 7
82 81 7
81 90 7
57 56 8
56 55 8
55 35 8
35 36 8
36 32 8
32 29 8
29 30 8
21 19 9
19 17 9
17 14 9
14 11 9
11 8 9
8 5 9
45 42 10
42 39 10
39 40 10
40 36 10
36 37 10
37 33 10
33 98 10
43 38 11
38 40 11
40 36 11
36 32 11
32 29 11
29 27 11
27 26 11
70 69 12
69 68 12
68 82 12
82 81 12
23 20 13
20 17 13
17 14 13
14 11 13
11 12 13
12 16 13
96 95 14
95 76 14
75 77 14
77 63 14
63 49 14
49 18 14
18 17 14
17 20 14
85 84 15
84 83 15
83 82 15
82 81 15
81 80 15
80 91 15
41 40 16
40 36 16
36 37 16
37 73 16
- - -
- - -
- - -
- - -
- - -
- - -
- - -
- - -
- - -
- - -
- - -
- - -
- - -
- - -
- - -
- - -
- - -
- - -
- - -
- - -
- - -
- - -
- - -
- - -
- - -
- - -
- - -
- - -
- - -
- - -
- - -
- - -
- - -
42 41 1
41 40 1
40 36 1
36 37 1
37 73 1
73 98 1
98 100 1
93 78 2
78 64 2
64 63 2
63 49 2
49 18 2
18 16 2
16 12 2
21 19 3
19 17 3
17 14 3
14 11 3
11 8 3
8 5 3
70 69 4
69 68 4
68 82 4
82 81 4
96 95 5
95 76 5
75 77 5
77 63 5
63 49 5
49 18 5
18 17 5
17 20 5
83 82 6
82 68 6
68 54 6
54 34 6
84 83 7
83 82 7
82 81 7
81 90 7
57 56 8
56 55 8
55 35 8
35 36 8
36 32 8
32 29 8
29 30 8
21 19 9
19 17 9
17 14 9
14 11 9
11 8 9
8 5 9
45 42 10
42 39 10
39 40 10
40 36 10
36 37 10
37 33 10
33 98 10
43 38 11
38 40 11
40 36 11
36 32 11
32 29 11
29 27 11
27 26 11
70 69 12
69 68 12
68 82 12
82 81 12
- - -
- - -
- - -
- - -
- - -
- - -
- - -
- - -
- - -
- - -
- - -
- - -
- - -
- - -
- - -
- - -
- - -
- - -
- - -
- - -
- - -
- - -
- - -
- - -
- - -
- - -
- - -
- - -
- - -
- - -
- - -
- - -
- - -
- - -
- - -
- - -
- - -
- - -
- - -
- - -
- - -
- - -
- - -
- - -
- - -
- - -
- - -
- - -
- - -
- - -
- - -
- - -
- - -
- - -
- - -
- - -
- - -
42 41 1
41 40 1
40 36 1
36 37 1
37 73 1
73 98 1
98 100 1
93 78 2
78 64 2
64 63 2
63 49 2
49 18 2
18 16 2
16 12 2
21 19 3
19 17 3
17 14 3
14 11 3
11 8 3
8 5 3
70 69 4
69 68 4
68 82 4
82 81 4
96 95 5
95 76 5
75 77 5
77 63 5
63 49 5
49 18 5
18 17 5
17 20 5
83 82 6
82 68 6
68 54 6
54 34 6
84 83 7
83 82 7
82 81 7
81 90 7
57 56 8
56 55 8
55 35 8
35 36 8
36 32 8
32 29 8
29 30 8
21 19 9
19 17 9
17 14 9
14 11 9
11 8 9
8 5 9
45 42 10
42 39 10
39 40 10
40 36 10
36 37 10
37 33 10
33 98 10
43 38 11
38 40 11
40 36 11
36 32 11
32 29 11
29 27 11
27 26 11
70 69 12
69 68 12
68 82 12
82 81 12
23 20 13
20 17 13
17 14 13
14 11 13
11 12 13
12 16 13
96 95 14
95 76 14
75 77 14
77 63 14
63 49 14
49 18 14
18 17 14
17 20 14
85 84 15
84 83 15
83 82 15
82 81 15
81 80 15
80 91 15
41 40 16
40 36 16
36 37 16
37 73 16
72 20 17
20 17 17
17 14 17
14 11 17
11 8 17
8 9 17
9 6 17
58 19 18
19 15 18
15 13 18
13 11 18
11 8 18
8 10 18
10 7 18
43 38 19
38 40 19
40 36 19
36 32 19
32 29 19
29 27 19
27 26 19
41 40 20
40 36 20
36 37 20
37 73 20
59 39 21
39 40 21
40 36 21
36 37 21
37 33 21
33 98 21
- - -
- - -
42 41 1
41 40 1
40 36 1
36 37 1
37 73 1
73 98 1
98 100 1
93 78 2
78 64 2
64 63 2
63 49 2
49 18 2
18 16 2
16 12 2
21 19 3
19 17 3
17 14 3
14 11 3
11 8 3
8 5 3
70 69 4
69 68 4
68 82 4
82 81 4
96 95 5
95 76 5
75 77 5
77 63 5
63 49 5
49 18 5
18 17 5
17 20 5
83 82 6
82 68 6
68 54 6
54 34 6
84 83 7
83 82 7
82 81 7
81 90 7
57 56 8
56 55 8
55 35 8
35 36 8
36 32 8
32 29 8
29 30 8
21 19 9
19 17 9
17 14 9
14 11 9
11 8 9
8 5 9
45 42 10
42 39 10
39 40 10
40 36 10
36 37 10
37 33 10
33 98 10
43 38 11
38 40 11
40 36 11
36 32 11
32 29 11
29 27 11
27 26 11
70 69 12
69 68 12
68 82 12
82 81 12
- - -
- - -
- - -
- - -
- - -
- - -
- - -
- - -
- - -
- - -
- - -
- - -
- - -
- - -
- - -
- - -
- - -
- - -
- - -
- - -
- - -
- - -
- - -
- - -
- - -
- - -
- - -
- - -
- - -
- - -
- - -
- - -
- - -
- - -
- - -
- - -
- - -
- - -
- - -
- - -
- - -
- - -
- - -
- - -
- - -
- - -
- - -
- - -
- - -
- - -
- - -
- - -
- - -
- - -
- - -
- - -
- - -
42 41 1
41 40 1
40 36 1
36 37 1
37 73 1
73 98 1
98 100 1
93 78 2
78 64 2
64 63 2
63 49 2
49 18 2
18 16 2
16 12 2
21 19 3
19 17 3
17 14 3
14 11 3
11 8 3
8 5 3
70 69 4
69 68 4
68 82 4
82 81 4
96 95 5
95 76 5
75 77 5
77 63 5
63 49 5
49 18 5
18 17 5
17 20 5
83 82 6
82 68 6
68 54 6
54 34 6
84 83 7
83 82 7
82 81 7
81 90 7
57 56 8
56 55 8
55 35 8
35 36 8
36 32 8
32 29 8
29 30 8
21 19 9
19 17 9
17 14 9
14 11 9
11 8 9
8 5 9
45 42 10
42 39 10
39 40 10
40 36 10
36 37 10
37 33 10
33 98 10
43 38 11
38 40 11
40 36 11
36 32 11
32 29 11
29 27 11
27 26 11
70 69 12
69 68 12
68 82 12
82 81 12
23 20 13
20 17 13
17 14 13
14 11 13
11 12 13
12 16 13
96 95 14
95 76 14
75 77 14
77 63 14
63 49 14
49 18 14
18 17 14
17 20 14
85 84 15
84 83 15
83 82 15
82 81 15
81 80 15
80 91 15
41 40 16
40 36 16
36 37 16
37 73 16
- - -
- - -
- - -
- - -
- - -
- - -
- - -
- - -
- - -
- - -
- - -
- - -
- - -
- - -
- - -
- - -
- - -
- - -
- - -
- - -
- - -
- - -
- - -
- - -
- - -
- - -
- - -
- - -
- - -
- - -
- - -
- - -
- - -
42 41 1
41 40 1
40 36 1
36 37 1
37 73 1
73 98 1
98 100 1
93 78 2
78 64 2
64 63 2
63 49 2
49 18 2
18 16 2
16 12 2
21 19 3
19 17 3
17 14 3
14 11 3
11 8 3
8 5 3
70 69 4
69 68 4
68 82 4
82 81 4
96 95 5
95 76 5
75 77 5
77 63 5
63 49 5
49 18 5
18 17 5
17 20 5
83 82 6
82 68 6
68 54 6
54 34 6
84 83 7
83 82 7
82 81 7
81 90 7
57 56 8
56 55 8
55 35 8
35 36 8
36 32 8
32 29 8
29 30 8
21 19 9
19 17 9
17 14 9
14 11 9
11 8 9
8 5 9
45 42 10
42 39 10
39 40 10
40 36 10
36 37 10
37 33 10
33 98 10
43 38 11
38 40 11
40 36 11
36 32 11
32 29 11
29 27 11
27 26 11
70 69 12
69 68 12
68 82 12
82 81 12
- - -
- - -
- - -
- - -
- - -
- - -
- - -
- - -
- - -
- - -
- - -
- - -
- - -
- - -
- - -
- - -
- - -
- - -
- - -
- - -
- - -
- - -
- - -
- - -
- - -
- - -
- - -
- - -
- - -
- - -
- - -
- - -
- - -
- - -
- - -
- - -
- - -
- - -
- - -
- - -
- - -
- - -
- - -
- - -
- - -
- - -
- - -
- - -
- - -
- - -
- - -
- - -
- - -
- - -
- - -
- - -
- - -
