58 19 1
19 15 1
15 13 1
13 11 1
11 8 1
8 10 1
10 7 1
19 15 2
15 13 2
13 11 2
11 12 2
12 10 2
83 82 3
82 68 3
68 54 3
54 34 3
59 39 4
39 40 4
40 36 4
36 37 4
37 33 4
33 98 4
87 84 5
84 83 5
83 82 5
82 89 5
42 41 6
41 40 6
40 36 6
36 37 6
37 73 6
73 98 6
98 100 6
2 15 7
15 14 7
14 11 7
11 12 7
12 47 7
47 61 7
61 75 7
21 19 8
19 17 8
17 14 8
14 11 8
11 8 8
8 5 8
21 19 9
19 17 9
17 14 9
14 11 9
11 8 9
8 5 9
52 51 10
51 50 10
50 49 10
49 63 10
63 64 10
64 65 10
22 50 11
50 49 11
49 63 11
63 62 11
62 61 11
51 50 12
50 49 12
49 63 12
63 64 12
2 15 13
15 14 13
14 11 13
11 12 13
12 47 13
47 61 13
61 75 13
4 9 14
9 8 14
8 11 14
11 12 14
12 47 14
47 46 14
50 64 15
64 63 15
63 77 15
77 76 15
74 75 16
75 76 16
76 77 16
77 63 16
63 64 16
64 78 16
78 77 16
77 94 16
85 84 17
84 83 17
83 82 17
82 81 17
81 80 17
80 91 17
70 69 18
69 68 18
68 82 18
82 81 18
95 76 19
76 77 19
77 63 19
63 49 19
49 50 19
50 22 19
22 18 19
93 78 20
78 64 20
64 63 20
63 49 20
49 18 20
18 16 20
16 12 20
74 75 21
75 76 21
76 77 21
77 63 21
63 64 21
64 78 21
78 77 21
77 94 21
85 84 22
84 83 22
83 82 22
82 81 22
58 19 1
19 15 1
15 13 1
13 11 1
11 8 1
8 10 1
10 7 1
19 15 2
15 13 2
13 11 2
11 12 2
12 10 2
83 82 3
82 68 3
68 54 3
54 34 3
59 39 4
39 40 4
40 36 4
36 37 4
37 33 4
33 98 4
87 84 5
84 83 5
83 82 5
82 89 5
42 41 6
41 40 6
40 36 6
36 37 6
37 73 6
73 98 6
98 100 6
2 15 7
15 14 7
14 11 7
11 12 7
12 47 7
47 61 7
61 75 7
21 19 8
19 17 8
17 14 8
14 11 8
11 8 8
8 5 8
21 19 9
19 17 9
17 14 9
14 11 9
11 8 9
8 5 9
52 51 10
51 50 10
50 49 10
49 63 10
63 64 10
64 65 10
81 80 22
80 91 22
23 20 23
20 17 23
17 14 23
14 11 23
11 12 23
12 16 23
70 69 24
69 68 24
68 82 24
82 81 24
1 13 25
13 11 25
11 12 25
12 47 25
47 61 25
61 60 25
96 95 26
95 76 26
75 77 26
77 63 26
63 49 26
49 18 26
18 17 26
17 20 26
42 41 27
41 40 27
40 36 27
36 37 27
37 73 27
73 98 27
98 100 27
44 19 28
19 15 28
15 14 28
14 11 28
11 12 28
12 47 28
47 48 28
48 49 28
58 19 29
19 15 29
15 13 29
13 11 29
11 8 29
8 10 29
10 7 29
70 69 30
69 68 30
68 82 30
82 81 30
- - -
- - -
- - -
- - -
- - -
- - -
- - -
- - -
- - -
- - -
- - -
- - -
- - -
- - -
- - -
- - -
- - -
- - -
58 19 1
19 15 1
15 13 1
13 11 1
11 8 1
8 10 1
10 7 1
19 15 2
15 13 2
13 11 2
11 12 2
12 10 2
83 82 3
82 68 3
68 54 3
54 34 3
59 39 4
39 40 4
40 36 4
36 37 4
37 33 4
33 98 4
87 84 5
84 83 5
83 82 5
82 89 5
42 41 6
41 40 6
40 36 6
36 37 6
37 73 6
73 98 6
98 100 6
2 15 7
15 14 7
14 11 7
11 12 7
12 47 7
47 61 7
61 75 7
21 19 8
19 17 8
17 14 8
14 11 8
11 8 8
8 5 8
21 19 9
19 17 9
17 14 9
14 11 9
11 8 9
8 5 9
52 51 10
51 50 10
50 49 10
49 63 10
63 64 10
64 65 10
22 50 11
50 49 11
49 63 11
63 62 11
62 61 11
51 50 12
50 49 12
49 63 12
63 64 12
2 15 13
15 14 13
14 11 13
11 12 13
12 47 13
47 61 13
61 75 13
4 9 14
9 8 14
8 11 14
11 12 14
12 47 14
47 46 14
50 64 15
64 63 15
63 77 15
77 76 15
74 75 16
75 76 16
76 77 16
77 63 16
63 64 16
64 78 16
78 77 16
77 94 16
85 84 17
84 83 17
83 82 17
82 81 17
81 80 17
80 91 17
70 69 18
69 68 18
68 82 18
82 81 18
95 76 19
76 77 19
77 63 19
63 49 19
49 50 19
50 22 19
22 18 19
93 78 20
78 64 20
64 63 20
63 49 20
49 18 20
18 16 20
16 12 20
74 75 21
75 76 21
76 77 21
77 63 21
63 64 21
64 78 21
78 77 21
77 94 21
85 84 22
84 83 22
83 82 22
82 81 22
58 19 1
19 15 1
15 13 1
13 11 1
11 8 1
8 10 1
10 7 1
19 15 2
15 13 2
13 11 2
11 12 2
12 10 2
83 82 3
82 68 3
68 54 3
54 34 3
59 39 4
39 40 4
40 36 4
36 37 4
37 33 4
33 98 4
87 84 5
84 83 5
83 82 5
82 89 5
42 41 6
41 40 6
40 36 6
36 37 6
37 73 6
73 98 6
98 100 6
2 15 7
15 14 7
14 11 7
11 12 7
12 47 7
47 61 7
61 75 7
21 19 8
19 17 8
17 14 8
14 11 8
11 8 8
8 5 8
21 19 9
19 17 9
17 14 9
14 11 9
11 8 9
8 5 9
52 51 10
51 50 10
50 49 10
49 63 10
63 64 10
64 65 10
81 80 22
80 91 22
23 20 23
20 17 23
17 14 23
14 11 23
11 12 23
12 16 23
- - -
- - -
- - -
- - -
- - -
- - -
- - -
- - -
- - -
- - -
- - -
- - -
- - -
- - -
- - -
- - -
- - -
- - -
- - -
- - -
- - -
- - -
- - -
- - -
- - -
- - -
- - -
- - -
- - -
- - -
- - -
- - -
- - -
- - -
- - -
- - -
- - -
- - -
- - -
- - -
- - -
- - -
- - -
- - -
- - -
- - -
- - -
- - -
- - -
- - -
- - -
- - -
- - -
- - -
- - -
- - -
- - -
- - -
- - -
- - -
- - -
- - -
58 19 1
19 15 1
15 13 1
13 11 1
11 8 1
8 10 1
10 7 1
19 15 2
15 13 2
13 11 2
11 12 2
12 10 2
83 82 3
82 68 3
68 54 3
54 34 3
59 39 4
39 40 4
40 36 4
36 37 4
37 33 4
33 98 4
87 84 5
84 83 5
83 82 5
82 89 5
42 41 6
41 40 6
40 36 6
36 37 6
37 73 6
73 98 6
98 100 6
2 15 7
15 14 7
14 11 7
11 12 7
12 47 7
47 61 7
61 75 7
21 19 8
19 17 8
17 14 8
14 11 8
11 8 8
8 5 8
21 19 9
19 17 9
17 14 9
14 11 9
11 8 9
8 5 9
52 51 10
51 50 10
50 49 10
49 63 10
63 64 10
64 65 10
22 50 11
50 49 11
49 63 11
63 62 11
62 61 11
51 50 12
50 49 12
49 63 12
63 64 12
2 15 13
15 14 13
14 11 13
11 12 13
12 47 13
47 61 13
61 75 13
4 9 14
9 8 14
8 11 14
11 12 14
12 47 14
47 46 14
50 64 15
64 63 15
63 77 15
77 76 15
74 75 16
75 76 16
76 77 16
77 63 16
63 64 16
64 78 16
78 77 16
77 94 16
85 84 17
84 83 17
83 82 17
82 81 17
81 80 17
80 91 17
70 69 18
69 68 18
68 82 18
82 81 18
95 76 19
76 77 19
77 63 19
63 49 19
49 50 19
50 22 19
22 18 19
93 78 20
78 64 20
64 63 20
63 49 20
49 18 20
18 16 20
16 12 20
74 75 21
75 76 21
76 77 21
77 63 21
63 64 21
64 78 21
78 77 21
77 94 21
85 84 22
84 83 22
83 82 22
82 81 22
58 19 1
19 15 1
15 13 1
13 11 1
11 8 1
8 10 1
10 7 1
19 15 2
15 13 2
13 11 2
11 12 2
12 10 2
83 82 3
82 68 3
68 54 3
54 34 3
59 39 4
39 40 4
40 36 4
36 37 4
37 33 4
33 98 4
87 84 5
84 83 5
83 82 5
82 89 5
42 41 6
41 40 6
40 36 6
36 37 6
37 73 6
73 98 6
98 100 6
2 15 7
15 14 7
14 11 7
11 12 7
12 47 7
47 61 7
61 75 7
21 19 8
19 17 8
17 14 8
14 11 8
11 8 8
8 5 8
21 19 9
19 17 9
17 14 9
14 11 9
11 8 9
8 5 9
52 51 10
51 50 10
50 49 10
49 63 10
63 64 10
64 65 10
81 80 22
80 91 22
23 20 23
20 17 23
17 14 23
14 11 23
11 12 23
12 16 23
70 69 24
69 68 24
68 82 24
82 81 24
1 13 25
13 11 25
11 12 25
12 47 25
47 61 25
61 60 25
96 95 26
95 76 26
75 77 26
77 63 26
63 49 26
49 18 26
18 17 26
17 20 26
42 41 27
41 40 27
40 36 27
36 37 27
37 73 27
73 98 27
98 100 27
- - -
- - -
- - -
- - -
- - -
- - -
- - -
- - -
- - -
- - -
- - -
- - -
- - -
- - -
- - -
- - -
- - -
- - -
- - -
- - -
- - -
- - -
- - -
- - -
- - -
- - -
- - -
- - -
- - -
- - -
- - -
- - -
- - -
- - -
- - -
- - -
- - -
58 19 1
19 15 1
15 13 1
13 11 1
11 8 1
8 10 1
10 7 1
19 15 2
15 13 2
13 11 2
11 12 2
12 10 2
83 82 3
82 68 3
68 54 3
54 34 3
59 39 4
39 40 4
40 36 4
36 37 4
37 33 4
33 98 4
87 84 5
84 83 5
83 82 5
82 89 5
42 41 6
41 40 6
40 36 6
36 37 6
37 73 6
73 98 6
98 100 6
2 15 7
15 14 7
14 11 7
11 12 7
12 47 7
47 61 7
61 75 7
21 19 8
19 17 8
17 14 8
14 11 8
11 8 8
8 5 8
21 19 9
19 17 9
17 14 9
14 11 9
11 8 9
8 5 9
52 51 10
51 50 10
50 49 10
49 63 10
63 64 10
64 65 10
22 50 11
50 49 11
49 63 11
63 62 11
62 61 11
51 50 12
50 49 12
49 63 12
63 64 12
2 15 13
15 14 13
14 11 13
11 12 13
12 47 13
47 61 13
61 75 13
4 9 14
9 8 14
8 11 14
11 12 14
12 47 14
47 46 14
50 64 15
64 63 15
63 77 15
77 76 15
74 75 16
75 76 16
76 77 16
77 63 16
63 64 16
64 78 16
78 77 16
77 94 16
85 84 17
84 83 17
83 82 17
82 81 17
81 80 17
80 91 17
70 69 18
69 68 18
68 82 18
82 81 18
95 76 19
76 77 19
77 63 19
63 49 19
49 50 19
50 22 19
22 18 19
93 78 20
78 64 20
64 63 20
63 49 20
49 18 20
18 16 20
16 12 20
74 75 21
75 76 21
76 77 21
77 63 21
63 64 21
64 78 21
78 77 21
77 94 21
85 84 22
84 83 22
83 82 22
82 81 22
58 19 1
19 15 1
15 13 1
13 11 1
11 8 1
8 10 1
10 7 1
19 15 2
15 13 2
13 11 2
11 12 2
12 10 2
83 82 3
82 68 3
68 54 3
54 34 3
59 39 4
39 40 4
40 36 4
36 37 4
37 33 4
33 98 4
87 84 5
84 83 5
83 82 5
82 89 5
42 41 6
41 40 6
40 36 6
36 37 6
37 73 6
73 98 6
98 100 6
2 15 7
15 14 7
14 11 7
11 12 7
12 47 7
47 61 7
61 75 7
21 19 8
19 17 8
17 14 8
14 11 8
11 8 8
8 5 8
21 19 9
19 17 9
17 14 9
14 11 9
11 8 9
8 5 9
52 51 10
51 50 10
50 49 10
49 63 10
63 64 10
64 65 10
81 80 22
80 91 22
23 20 23
20 17 23
17 14 23
14 11 23
11 12 23
12 16 23
- - -
- - -
- - -
- - -
- - -
- - -
- - -
- - -
- - -
- - -
- - -
- - -
- - -
- - -
- - -
- - -
- - -
- - -
- - -
- - -
- - -
- - -
- - -
- - -
- - -
- - -
- - -
- - -
- - -
- - -
- - -
- - -
- - -
- - -
- - -
- - -
- - -
- - -
- - -
- - -
- - -
- - -
- - -
- - -
- - -
- - -
- - -
- - -
- - -
- - -
- - -
- - -
- - -
- - -
- - -
- - -
- - -
- - -
- - -
- - -
- - -
- - -
