43 38 1
38 40 1
40 36 1
36 32 1
32 29 1
29 27 1
27 26 1
84 83 2
83 82 2
82 81 2
81 90 2
58 19 3
19 15 3
15 13 3
13 11 3
11 8 3
8 10 3
10 7 3
66 80 4
80 81 4
81 82 4
82 68 4
45 42 5
42 39 5
39 40 5
40 36 5
36 37 5
37 33 5
33 98 5
51 50 6
50 49 6
49 63 6
63 64 6
96 95 7
95 76 7
75 77 7
77 63 7
63 49 7
49 18 7
18 17 7
17 20 7
95 76 8
76 77 8
77 63 8
63 49 8
49 50 8
50 22 8
22 18 8
9 8 9
8 11 9
11 14 9
14 15 9
85 84 10
84 83 10
83 82 10
82 81 10
81 80 10
80 91 10
4 9 11
9 8 11
8 11 11
11 12 11
12 47 11
47 46 11
54 68 12
68 82 12
82 81 12
81 80 12
80 79 12
43 38 13
38 40 13
40 36 13
36 32 13
32 29 13
29 27 13
27 26 13
88 83 14
83 69 14
69 55 14
55 54 14
54 53 14
27 29 15
29 32 15
32 36 15
36 35 15
35 55 15
70 69 16
69 68 16
68 82 16
82 81 16
88 83 17
83 69 17
69 55 17
55 54 17
54 53 17
88 83 18
83 69 18
69 55 18
55 54 18
54 53 18
51 50 19
50 49 19
49 63 19
63 64 19
43 38 20
38 40 20
40 36 20
36 32 20
32 29 20
29 27 20
27 26 20
85 84 21
84 83 21
83 82 21
82 81 21
81 80 21
80 91 21
4 9 22
9 8 22
8 11 22
11 12 22
12 47 22
47 46 22
70 69 23
69 68 23
68 82 23
82 81 23
27 29 24
43 38 1
38 40 1
40 36 1
36 32 1
32 29 1
29 27 1
27 26 1
84 83 2
83 82 2
82 81 2
81 90 2
58 19 3
19 15 3
15 13 3
13 11 3
11 8 3
8 10 3
10 7 3
66 80 4
80 81 4
81 82 4
82 68 4
45 42 5
42 39 5
39 40 5
40 36 5
36 37 5
37 33 5
33 98 5
51 50 6
50 49 6
49 63 6
63 64 6
96 95 7
95 76 7
75 77 7
77 63 7
63 49 7
49 18 7
18 17 7
17 20 7
95 76 8
76 77 8
77 63 8
63 49 8
49 50 8
50 22 8
22 18 8
9 8 9
8 11 9
11 14 9
14 15 9
85 84 10
84 83 10
83 82 10
82 81 10
81 80 10
80 91 10
29 32 24
32 36 24
36 35 24
35 55 24
86 87 25
87 88 25
88 83 25
83 82 25
82 81 25
81 80 25
80 79 25
79 92 25
72 20 26
20 17 26
17 14 26
14 11 26
11 8 26
8 9 26
9 6 26
66 80 27
80 81 27
81 82 27
82 68 27
19 15 28
15 13 28
13 11 28
11 12 28
12 10 28
19 15 29
15 13 29
13 11 29
11 12 29
12 10 29
2 15 30
15 14 30
14 11 30
11 12 30
12 47 30
47 61 30
61 75 30
- - -
- - -
- - -
- - -
- - -
- - -
- - -
- - -
- - -
- - -
- - -
- - -
- - -
- - -
- - -
- - -
- - -
- - -
- - -
- - -
- - -
- - -
- - -
- - -
- - -
- - -
- - -
- - -
- - -
- - -
43 38 1
38 40 1
40 36 1
36 32 1
32 29 1
29 27 1
27 26 1
84 83 2
83 82 2
82 81 2
81 90 2
58 19 3
19 15 3
15 13 3
13 11 3
11 8 3
8 10 3
10 7 3
66 80 4
80 81 4
81 82 4
82 68 4
45 42 5
42 39 5
39 40 5
40 36 5
36 37 5
37 33 5
33 98 5
51 50 6
50 49 6
49 63 6
63 64 6
96 95 7
95 76 7
75 77 7
77 63 7
63 49 7
49 18 7
18 17 7
17 20 7
95 76 8
76 77 8
77 63 8
63 49 8
49 50 8
50 22 8
22 18 8
9 8 9
8 11 9
11 14 9
14 15 9
85 84 10
84 83 10
83 82 10
82 81 10
81 80 10
80 91 10
4 9 11
9 8 11
8 11 11
11 12 11
12 47 11
47 46 11
54 68 12
68 82 12
82 81 12
81 80 12
80 79 12
43 38 13
38 40 13
40 36 13
36 32 13
32 29 13
29 27 13
27 26 13
88 83 14
83 69 14
69 55 14
55 54 14
54 53 14
27 29 15
29 32 15
32 36 15
36 35 15
35 55 15
70 69 16
69 68 16
68 82 16
82 81 16
88 83 17
83 69 17
69 55 17
55 54 17
54 53 17
- - -
- - -
- - -
- - -
- - -
- - -
- - -
- - -
- - -
- - -
- - -
- - -
- - -
- - -
- - -
- - -
- - -
- - -
- - -
- - -
- - -
- - -
- - -
- - -
- - -
- - -
- - -
- - -
- - -
- - -
- - -
- - -
- - -
43 38 1
38 40 1
40 36 1
36 32 1
32 29 1
29 27 1
27 26 1
84 83 2
83 82 2
82 81 2
81 90 2
58 19 3
19 15 3
15 13 3
13 11 3
11 8 3
8 10 3
10 7 3
66 80 4
80 81 4
81 82 4
82 68 4
45 42 5
42 39 5
39 40 5
40 36 5
36 37 5
37 33 5
33 98 5
51 50 6
50 49 6
49 63 6
63 64 6
96 95 7
95 76 7
75 77 7
77 63 7
63 49 7
49 18 7
18 17 7
17 20 7
95 76 8
76 77 8
77 63 8
63 49 8
49 50 8
50 22 8
22 18 8
9 8 9
8 11 9
11 14 9
14 15 9
85 84 10
84 83 10
83 82 10
82 81 10
81 80 10
80 91 10
- - -
- - -
- - -
- - -
- - -
- - -
- - -
- - -
- - -
- - -
- - -
- - -
- - -
- - -
- - -
- - -
- - -
- - -
- - -
- - -
- - -
- - -
- - -
- - -
- - -
- - -
- - -
- - -
- - -
- - -
- - -
- - -
- - -
- - -
- - -
- - -
- - -
- - -
- - -
- - -
- - -
- - -
- - -
- - -
- - -
- - -
- - -
- - -
- - -
- - -
- - -
- - -
- - -
- - -
- - -
- - -
- - -
- - -
- - -
- - -
- - -
- - -
- - -
- - -
- - -
- - -
- - -
- - -
- - -
- - -
43 38 1
38 40 1
40 36 1
36 32 1
32 29 1
29 27 1
27 26 1
84 83 2
83 82 2
82 81 2
81 90 2
58 19 3
19 15 3
15 13 3
13 11 3
11 8 3
8 10 3
10 7 3
66 80 4
80 81 4
81 82 4
82 68 4
45 42 5
42 39 5
39 40 5
40 36 5
36 37 5
37 33 5
33 98 5
51 50 6
50 49 6
49 63 6
63 64 6
96 95 7
95 76 7
75 77 7
77 63 7
63 49 7
49 18 7
18 17 7
17 20 7
95 76 8
76 77 8
77 63 8
63 49 8
49 50 8
50 22 8
22 18 8
9 8 9
8 11 9
11 14 9
14 15 9
85 84 10
84 83 10
83 82 10
82 81 10
81 80 10
80 91 10
4 9 11
9 8 11
8 11 11
11 12 11
12 47 11
47 46 11
54 68 12
68 82 12
82 81 12
81 80 12
80 79 12
43 38 13
38 40 13
40 36 13
36 32 13
32 29 13
29 27 13
27 26 13
88 83 14
83 69 14
69 55 14
55 54 14
54 53 14
27 29 15
29 32 15
32 36 15
36 35 15
35 55 15
70 69 16
69 68 16
68 82 16
82 81 16
88 83 17
83 69 17
69 55 17
55 54 17
54 53 17
88 83 18
83 69 18
69 55 18
55 54 18
54 53 18
51 50 19
50 49 19
49 63 19
63 64 19
43 38 20
38 40 20
40 36 20
36 32 20
32 29 20
29 27 20
27 26 20
85 84 21
84 83 21
83 82 21
82 81 21
81 80 21
80 91 21
4 9 22
9 8 22
8 11 22
11 12 22
12 47 22
47 46 22
70 69 23
69 68 23
68 82 23
82 81 23
27 29 24
43 38 1
38 40 1
40 36 1
36 32 1
32 29 1
29 27 1
27 26 1
84 83 2
83 82 2
82 81 2
81 90 2
58 19 3
19 15 3
15 13 3
13 11 3
11 8 3
8 10 3
10 7 3
66 80 4
80 81 4
81 82 4
82 68 4
45 42 5
42 39 5
39 40 5
40 36 5
36 37 5
37 33 5
33 98 5
51 50 6
50 49 6
49 63 6
63 64 6
96 95 7
95 76 7
75 77 7
77 63 7
63 49 7
49 18 7
18 17 7
17 20 7
95 76 8
76 77 8
77 63 8
63 49 8
49 50 8
50 22 8
22 18 8
9 8 9
8 11 9
11 14 9
14 15 9
85 84 10
84 83 10
83 82 10
82 81 10
81 80 10
80 91 10
29 32 24
32 36 24
36 35 24
35 55 24
86 87 25
87 88 25
88 83 25
83 82 25
82 81 25
81 80 25
80 79 25
79 92 25
72 20 26
20 17 26
17 14 26
14 11 26
11 8 26
8 9 26
9 6 26
66 80 27
80 81 27
81 82 27
82 68 27
- - -
- - -
- - -
- - -
- - -
- - -
- - -
- - -
- - -
- - -
- - -
- - -
- - -
- - -
- - -
- - -
- - -
- - -
- - -
- - -
- - -
- - -
- - -
- - -
- - -
- - -
- - -
- - -
- - -
- - -
- - -
- - -
- - -
- - -
- - -
- - -
- - -
- - -
- - -
- - -
- - -
- - -
- - -
- - -
- - -
- - -
- - -
43 38 1
38 40 1
40 36 1
36 32 1
32 29 1
29 27 1
27 26 1
84 83 2
83 82 2
82 81 2
81 90 2
58 19 3
19 15 3
15 13 3
13 11 3
11 8 3
8 10 3
10 7 3
66 80 4
80 81 4
81 82 4
82 68 4
45 42 5
42 39 5
39 40 5
40 36 5
36 37 5
37 33 5
33 98 5
51 50 6
50 49 6
49 63 6
63 64 6
96 95 7
95 76 7
75 77 7
77 63 7
63 49 7
49 18 7
18 17 7
17 20 7
95 76 8
76 77 8
77 63 8
63 49 8
49 50 8
50 22 8
22 18 8
9 8 9
8 11 9
11 14 9
14 15 9
85 84 10
84 83 10
83 82 10
82 81 10
81 80 10
80 91 10
4 9 11
9 8 11
8 11 11
11 12 11
12 47 11
47 46 11
54 68 12
68 82 12
82 81 12
81 80 12
80 79 12
43 38 13
38 40 13
40 36 13
36 32 13
32 29 13
29 27 13
27 26 13
88 83 14
83 69 14
69 55 14
55 54 14
54 53 14
27 29 15
29 32 15
32 36 15
36 35 15
35 55 15
70 69 16
69 68 16
68 82 16
82 81 16
88 83 17
83 69 17
69 55 17
55 54 17
54 53 17
- - -
- - -
- - -
- - -
- - -
- - -
- - -
- - -
- - -
- - -
- - -
- - -
- - -
- - -
- - -
- - -
- - -
- - -
- - -
- - -
- - -
- - -
- - -
- - -
- - -
- - -
- - -
- - -
- - -
- - -
- - -
- - -
- - -
43 38 1
38 40 1
40 36 1
36 32 1
32 29 1
29 27 1
27 26 1
84 83 2
83 82 2
82 81 2
81 90 2
58 19 3
19 15 3
15 13 3
13 11 3
11 8 3
8 10 3
10 7 3
66 80 4
80 81 4
81 82 4
82 68 4
45 42 5
42 39 5
39 40 5
40 36 5
36 37 5
37 33 5
33 98 5
51 50 6
50 49 6
49 63 6
63 64 6
96 95 7
95 76 7
75 77 7
77 63 7
63 49 7
49 18 7
18 17 7
17 20 7
95 76 8
76 77 8
77 63 8
63 49 8
49 50 8
50 22 8
22 18 8
9 8 9
8 11 9
11 14 9
14 15 9
85 84 10
84 83 10
83 82 10
82 81 10
81 80 10
80 91 10
- - -
- - -
- - -
- - -
- - -
- - -
- - -
- - -
- - -
- - -
- - -
- - -
- - -
- - -
- - -
- - -
- - -
- - -
- - -
- - -
- - -
- - -
- - -
- - -
- - -
- - -
- - -
- - -
- - -
- - -
- - -
- - -
- - -
- - -
- - -
- - -
- - -
- - -
- - -
- - -
- - -
- - -
- - -
- - -
- - -
- - -
- - -
- - -
- - -
- - -
- - -
- - -
- - -
- - -
- - -
- - -
- - -
- - -
- - -
- - -
- - -
- - -
- - -
- - -
- - -
- - -
- - -
- - -
- - -
- - -
