0.0826446280992	0.0495867768595	0.0578512396694	0.0330578512397	0.0330578512397	0.0247933884298	0.0247933884298	0.00826446280992	0.00826446280992	0.0165289256198	0.661157024793	
0.0330578512397	0.0165289256198	0.0578512396694	0.0165289256198	0.00826446280992	0.0330578512397	0.0495867768595	0.0330578512397	0.0165289256198	0.0247933884298	0.710743801653	
0.0578512396694	0.0578512396694	0.0578512396694	0.0165289256198	0.0247933884298	0.00826446280992	0.0247933884298	0.00826446280992	0.00826446280992	0.00826446280992	0.727272727273	
0.0743801652893	0.0330578512397	0.0826446280992	0	0.0578512396694	0.0165289256198	0.0165289256198	0.0165289256198	0.00826446280992	0.00826446280992	0.685950413223	
0.0743801652893	0.0661157024793	0.0247933884298	0.0578512396694	0.0165289256198	0.0247933884298	0.0330578512397	0.0247933884298	0.00826446280992	0.00826446280992	0.661157024793	
0.0661157024793	0.0495867768595	0.0743801652893	0.0247933884298	0.0413223140496	0.0247933884298	0.0330578512397	0.0165289256198	0	0.0247933884298	0.644628099174	
0.0661157024793	0.00826446280992	0.0247933884298	0.00826446280992	0.0330578512397	0.0495867768595	0.00826446280992	0	0	0	0.801652892562	
0.0413223140496	0.0661157024793	0.0330578512397	0.0330578512397	0.0413223140496	0.0413223140496	0.0247933884298	0	0	0.00826446280992	0.710743801653	
0.0661157024793	0.0578512396694	0.0578512396694	0.0247933884298	0.0165289256198	0.0247933884298	0.0330578512397	0	0	0.0247933884298	0.694214876033	
0.115702479339	0.0413223140496	0.0413223140496	0	0.0330578512397	0.0826446280992	0.0413223140496	0.0165289256198	0.0165289256198	0	0.611570247934	
0.0743801652893	0.0743801652893	0.0743801652893	0	0.0495867768595	0.0413223140496	0	0.0247933884298	0.00826446280992	0	0.652892561983	
0.0578512396694	0.0743801652893	0.0330578512397	0.00826446280992	0.0495867768595	0.0413223140496	0.0330578512397	0.00826446280992	0.0247933884298	0.00826446280992	0.661157024793	
0.0413223140496	0.0661157024793	0.0578512396694	0.0330578512397	0.0330578512397	0.00826446280992	0.0247933884298	0	0.0165289256198	0.0165289256198	0.702479338843	
0.0413223140496	0.0743801652893	0.0578512396694	0.0247933884298	0.00826446280992	0.0330578512397	0.0661157024793	0	0	0.0165289256198	0.677685950413	
0.0413223140496	0.0330578512397	0.0330578512397	0.0247933884298	0.0495867768595	0.0247933884298	0.0247933884298	0.0247933884298	0.0247933884298	0	0.719008264463	
0.0495867768595	0.0578512396694	0.0330578512397	0.0165289256198	0.0578512396694	0.0247933884298	0.0165289256198	0.0165289256198	0	0.0165289256198	0.710743801653	
0.0743801652893	0.0165289256198	0.0661157024793	0.0165289256198	0.0330578512397	0.0330578512397	0.0165289256198	0.00826446280992	0.00826446280992	0.0165289256198	0.710743801653	
0.099173553719	0.0495867768595	0.0495867768595	0.0247933884298	0.0330578512397	0.0165289256198	0.00826446280992	0.0247933884298	0	0.00826446280992	0.685950413223	
0.0165289256198	0.0165289256198	0.0578512396694	0	0.0247933884298	0.0578512396694	0.0495867768595	0.0165289256198	0.0165289256198	0.00826446280992	0.735537190083	
0.0909090909091	0.0413223140496	0.0495867768595	0.00826446280992	0.0330578512397	0	0.0247933884298	0.0413223140496	0	0.0247933884298	0.685950413223	
0.0413223140496	0.0330578512397	0.0826446280992	0.0165289256198	0.0330578512397	0.0165289256198	0.0495867768595	0.0165289256198	0.0413223140496	0.00826446280992	0.661157024793	
0.0330578512397	0.0495867768595	0.0495867768595	0.0413223140496	0.0247933884298	0.00826446280992	0.0578512396694	0.00826446280992	0	0	0.727272727273	
0.0413223140496	0.0247933884298	0.0247933884298	0.0330578512397	0.00826446280992	0.0661157024793	0.00826446280992	0.0165289256198	0	0.0330578512397	0.743801652893	
0.0330578512397	0.0330578512397	0.107438016529	0.0165289256198	0.0165289256198	0.0413223140496	0.0330578512397	0	0.0330578512397	0.0330578512397	0.652892561983	
0.0743801652893	0.0578512396694	0.0661157024793	0	0.0578512396694	0.00826446280992	0.0165289256198	0	0	0	0.719008264463	
0.099173553719	0.0495867768595	0.0495867768595	0.0247933884298	0.0247933884298	0.00826446280992	0.00826446280992	0	0	0	0.735537190083	
0.0578512396694	0.0413223140496	0.00826446280992	0.00826446280992	0.0495867768595	0.0661157024793	0.0165289256198	0.00826446280992	0.0165289256198	0.0330578512397	0.694214876033	
0.0578512396694	0.0495867768595	0.0578512396694	0.0330578512397	0.0330578512397	0.00826446280992	0.0165289256198	0.00826446280992	0.00826446280992	0.00826446280992	0.719008264463	
0.0661157024793	0.0330578512397	0.0661157024793	0.0413223140496	0.0661157024793	0.0165289256198	0.0247933884298	0.0165289256198	0.0165289256198	0.00826446280992	0.644628099174	
0.0826446280992	0.099173553719	0.0661157024793	0	0.0247933884298	0.0330578512397	0.00826446280992	0.0247933884298	0	0.00826446280992	0.652892561983	
0.0413223140496	0.0330578512397	0.0578512396694	0.00826446280992	0.0495867768595	0.0247933884298	0.0247933884298	0.0247933884298	0.0165289256198	0	0.719008264463	
0.0578512396694	0.0330578512397	0.099173553719	0.0165289256198	0.00826446280992	0.0578512396694	0.0330578512397	0.00826446280992	0.00826446280992	0.00826446280992	0.669421487603	
0.0826446280992	0.0330578512397	0.0165289256198	0.0330578512397	0.0413223140496	0.0743801652893	0.0247933884298	0.0165289256198	0	0	0.677685950413	
0.099173553719	0.0413223140496	0.0495867768595	0	0.0330578512397	0.0413223140496	0.0165289256198	0.0247933884298	0.00826446280992	0	0.685950413223	
0.0578512396694	0.0413223140496	0.0826446280992	0.0330578512397	0.0165289256198	0.0495867768595	0.0165289256198	0.0247933884298	0	0	0.677685950413	
0.0661157024793	0.0330578512397	0.0330578512397	0.0413223140496	0.0165289256198	0.0495867768595	0.0413223140496	0.0165289256198	0.0165289256198	0.00826446280992	0.677685950413	
0.0413223140496	0.0661157024793	0.0495867768595	0.0247933884298	0.0247933884298	0.0661157024793	0.0330578512397	0.00826446280992	0.0247933884298	0	0.661157024793	
0.0578512396694	0.0247933884298	0.0495867768595	0	0.0165289256198	0.0330578512397	0.0247933884298	0.0165289256198	0.0165289256198	0.00826446280992	0.752066115702	
0.0826446280992	0.0578512396694	0.0743801652893	0.0247933884298	0.0247933884298	0.0413223140496	0.0330578512397	0.0165289256198	0.00826446280992	0.00826446280992	0.628099173554	
0.0495867768595	0.0413223140496	0.0495867768595	0.0330578512397	0.0165289256198	0.0330578512397	0.0247933884298	0.0165289256198	0.00826446280992	0.0247933884298	0.702479338843	
0.0743801652893	0.0413223140496	0.0413223140496	0.0413223140496	0.00826446280992	0.0413223140496	0.0165289256198	0.0165289256198	0.00826446280992	0	0.710743801653	
0.0495867768595	0.0413223140496	0.0247933884298	0.0247933884298	0.0413223140496	0.0165289256198	0.0330578512397	0.0165289256198	0.00826446280992	0.00826446280992	0.735537190083	
0.0578512396694	0.0578512396694	0.0495867768595	0.0247933884298	0.0165289256198	0.0413223140496	0.0330578512397	0.0165289256198	0.0165289256198	0.00826446280992	0.677685950413	
0.0330578512397	0.099173553719	0.0165289256198	0.00826446280992	0.0330578512397	0.0165289256198	0.0413223140496	0.00826446280992	0	0.00826446280992	0.735537190083	
0.107438016529	0.0743801652893	0.0413223140496	0.00826446280992	0.0330578512397	0.0413223140496	0.0165289256198	0.0247933884298	0.00826446280992	0	0.644628099174	
0.0661157024793	0.0743801652893	0.0743801652893	0.0330578512397	0.00826446280992	0.0578512396694	0.0247933884298	0.0165289256198	0.0330578512397	0.0330578512397	0.578512396694	
0.0578512396694	0.0247933884298	0.0578512396694	0.0495867768595	0.0330578512397	0.0165289256198	0.0330578512397	0.0247933884298	0.0247933884298	0.0165289256198	0.661157024793	
0.0495867768595	0.0495867768595	0.0413223140496	0.0330578512397	0.0413223140496	0.0247933884298	0.0661157024793	0.0330578512397	0	0.0247933884298	0.636363636364	
0.0330578512397	0.0578512396694	0.0413223140496	0.00826446280992	0.0413223140496	0.0247933884298	0.0578512396694	0.00826446280992	0.0165289256198	0	0.710743801653	
0.0661157024793	0.0330578512397	0.0413223140496	0.0413223140496	0.0413223140496	0.0413223140496	0.0247933884298	0.0247933884298	0.0165289256198	0.00826446280992	0.661157024793	
0.107438016529	0.0661157024793	0.0661157024793	0	0.00826446280992	0.0330578512397	0.0247933884298	0.0495867768595	0.00826446280992	0	0.636363636364	
0.0495867768595	0.107438016529	0.0495867768595	0.00826446280992	0.00826446280992	0.0330578512397	0.0165289256198	0.0165289256198	0.00826446280992	0.00826446280992	0.694214876033	
0.0661157024793	0.0578512396694	0.0330578512397	0.00826446280992	0.0578512396694	0.0330578512397	0.0165289256198	0	0.0330578512397	0.0165289256198	0.677685950413	
0.0826446280992	0.0495867768595	0.0413223140496	0.0165289256198	0.0413223140496	0.0165289256198	0.0330578512397	0.0165289256198	0.0165289256198	0	0.685950413223	
0.0578512396694	0.0413223140496	0.0413223140496	0.0247933884298	0.0165289256198	0.0413223140496	0.00826446280992	0.0165289256198	0.0330578512397	0.00826446280992	0.710743801653	
0.0578512396694	0.0826446280992	0.0661157024793	0.0330578512397	0.0165289256198	0.0165289256198	0.0165289256198	0.0247933884298	0.0247933884298	0	0.661157024793	
0.0413223140496	0.0578512396694	0.0495867768595	0.0247933884298	0.0165289256198	0.0413223140496	0.0165289256198	0.0165289256198	0.0247933884298	0.0247933884298	0.685950413223	
0.0413223140496	0.0661157024793	0.0165289256198	0.0413223140496	0.0330578512397	0.0495867768595	0.00826446280992	0	0.0247933884298	0.00826446280992	0.710743801653	
0.0661157024793	0.0826446280992	0	0.0165289256198	0.0247933884298	0.0247933884298	0.0165289256198	0.0247933884298	0.0165289256198	0.0247933884298	0.702479338843	
0.0495867768595	0.0578512396694	0.0413223140496	0.0165289256198	0.0247933884298	0.0330578512397	0.0413223140496	0.0165289256198	0	0.0247933884298	0.694214876033	
0.0413223140496	0.0661157024793	0.0413223140496	0.0165289256198	0.0165289256198	0.0247933884298	0.0247933884298	0.0165289256198	0.0165289256198	0.0165289256198	0.719008264463	
0.0330578512397	0.0495867768595	0.0413223140496	0.0165289256198	0.0165289256198	0.0330578512397	0.0495867768595	0.0247933884298	0.0165289256198	0.00826446280992	0.710743801653	
0.0495867768595	0.0165289256198	0.0247933884298	0.0247933884298	0	0.0495867768595	0.0165289256198	0.0165289256198	0.0165289256198	0.0165289256198	0.768595041322	
0.0247933884298	0.0413223140496	0.0909090909091	0.0165289256198	0.0495867768595	0.00826446280992	0.0165289256198	0	0.0330578512397	0.0247933884298	0.694214876033	
0.0661157024793	0.0413223140496	0.0578512396694	0	0.00826446280992	0.0330578512397	0.0165289256198	0.00826446280992	0.00826446280992	0.0165289256198	0.743801652893	
0.0495867768595	0.0495867768595	0.0826446280992	0.00826446280992	0.0247933884298	0.0330578512397	0.00826446280992	0	0.00826446280992	0.0165289256198	0.719008264463	
0.0330578512397	0.0495867768595	0.0413223140496	0.00826446280992	0.00826446280992	0.0413223140496	0.0247933884298	0.0247933884298	0.0247933884298	0.0413223140496	0.702479338843	
0.0330578512397	0.0247933884298	0.0330578512397	0.0247933884298	0.0413223140496	0.0495867768595	0.0247933884298	0	0.0247933884298	0.0165289256198	0.727272727273	
0.0578512396694	0.0247933884298	0.0413223140496	0.0247933884298	0.0247933884298	0.0330578512397	0.0247933884298	0.0247933884298	0.00826446280992	0.00826446280992	0.727272727273	
0.0330578512397	0.0495867768595	0.0247933884298	0.00826446280992	0.0330578512397	0.0165289256198	0	0.0247933884298	0.00826446280992	0.0165289256198	0.785123966942	
0.0495867768595	0.0743801652893	0.0413223140496	0	0.0495867768595	0.00826446280992	0.0247933884298	0.0330578512397	0	0.0247933884298	0.694214876033	
0.0578512396694	0.0330578512397	0.0578512396694	0.0165289256198	0.0165289256198	0.0165289256198	0.0330578512397	0.00826446280992	0.0247933884298	0.0165289256198	0.719008264463	
0.0578512396694	0.0495867768595	0.0578512396694	0.0495867768595	0.0330578512397	0.0413223140496	0.0165289256198	0.0165289256198	0.00826446280992	0.0330578512397	0.636363636364	
0.0578512396694	0.0661157024793	0.0247933884298	0.0743801652893	0.0165289256198	0.0413223140496	0.0247933884298	0	0	0.0165289256198	0.677685950413	
0.0743801652893	0.0826446280992	0.0578512396694	0.00826446280992	0.0165289256198	0.0247933884298	0.0330578512397	0	0.00826446280992	0.00826446280992	0.685950413223	
0.0413223140496	0.0578512396694	0.0495867768595	0.00826446280992	0.0165289256198	0.0165289256198	0.0247933884298	0.00826446280992	0.0165289256198	0.0330578512397	0.727272727273	
0.0578512396694	0.0495867768595	0.0330578512397	0.0165289256198	0.0330578512397	0.0247933884298	0.0247933884298	0.0495867768595	0.0247933884298	0.00826446280992	0.677685950413	
0.0743801652893	0.0495867768595	0.0578512396694	0.0247933884298	0.0165289256198	0.00826446280992	0.0247933884298	0.0165289256198	0	0.00826446280992	0.719008264463	
0.0826446280992	0.0413223140496	0.0661157024793	0	0.00826446280992	0.0247933884298	0.0165289256198	0.00826446280992	0.00826446280992	0.00826446280992	0.735537190083	
0.0578512396694	0.0413223140496	0.0495867768595	0.0247933884298	0.0413223140496	0.00826446280992	0.0165289256198	0.0330578512397	0.00826446280992	0.0165289256198	0.702479338843	
0.0661157024793	0.0495867768595	0.0495867768595	0	0.0165289256198	0.00826446280992	0.0247933884298	0.0247933884298	0.0330578512397	0	0.727272727273	
0.0330578512397	0.0247933884298	0.0247933884298	0.00826446280992	0.00826446280992	0.0413223140496	0.0247933884298	0.0330578512397	0	0.00826446280992	0.793388429752	
0.0413223140496	0.0247933884298	0.0495867768595	0.0165289256198	0.0247933884298	0.0578512396694	0.0247933884298	0.0165289256198	0.0165289256198	0	0.727272727273	
0.0826446280992	0.0743801652893	0.0578512396694	0.0247933884298	0.0413223140496	0.0165289256198	0.0495867768595	0.00826446280992	0	0	0.644628099174	
0.0495867768595	0.0413223140496	0.0743801652893	0.00826446280992	0.0413223140496	0.0165289256198	0.0330578512397	0.00826446280992	0.00826446280992	0.00826446280992	0.710743801653	
0.0413223140496	0.0661157024793	0.0578512396694	0.0165289256198	0.0247933884298	0.00826446280992	0	0.00826446280992	0.0495867768595	0.0165289256198	0.710743801653	
0.0413223140496	0.0826446280992	0.0413223140496	0.0165289256198	0.0330578512397	0.0247933884298	0.0330578512397	0.0247933884298	0.00826446280992	0.00826446280992	0.685950413223	
0.0247933884298	0.0165289256198	0.0743801652893	0.0247933884298	0.0247933884298	0.0165289256198	0.0165289256198	0.0247933884298	0.0165289256198	0.00826446280992	0.752066115702	
0.0330578512397	0.0413223140496	0.0495867768595	0.0247933884298	0.0330578512397	0.0413223140496	0.0247933884298	0.0165289256198	0.0247933884298	0.0330578512397	0.677685950413	
0.0578512396694	0.0165289256198	0.0578512396694	0.0495867768595	0.0247933884298	0.0165289256198	0.0495867768595	0.0165289256198	0.00826446280992	0.0247933884298	0.677685950413	
0.0661157024793	0.0413223140496	0.0413223140496	0.0247933884298	0.00826446280992	0.0495867768595	0.0495867768595	0.0165289256198	0.0165289256198	0.0165289256198	0.669421487603	
0.0495867768595	0.0413223140496	0.0413223140496	0.00826446280992	0.0165289256198	0.0413223140496	0.0330578512397	0.0165289256198	0.00826446280992	0	0.743801652893	
0	0.0413223140496	0.0578512396694	0.0165289256198	0.0330578512397	0.0578512396694	0.0165289256198	0.0165289256198	0.0247933884298	0	0.735537190083	
0.0661157024793	0.0661157024793	0.0330578512397	0.0330578512397	0.0247933884298	0.0165289256198	0.0413223140496	0.0247933884298	0	0.0165289256198	0.677685950413	
0.0743801652893	0.0495867768595	0.0578512396694	0.00826446280992	0.0330578512397	0.0247933884298	0.0247933884298	0.0165289256198	0.0165289256198	0.00826446280992	0.685950413223	
0.0413223140496	0.0578512396694	0.0330578512397	0	0.0413223140496	0.0165289256198	0.0165289256198	0.00826446280992	0.0247933884298	0.0165289256198	0.743801652893	
0.0495867768595	0.0578512396694	0.0165289256198	0	0.0247933884298	0.0413223140496	0.0330578512397	0.0165289256198	0.00826446280992	0.0247933884298	0.727272727273	
0.0909090909091	0.0330578512397	0.0495867768595	0.0165289256198	0.0165289256198	0.0247933884298	0.00826446280992	0.0165289256198	0.00826446280992	0.0165289256198	0.719008264463	
0.0909090909091	0.0247933884298	0.0330578512397	0.0413223140496	0.0247933884298	0.0247933884298	0.0165289256198	0.00826446280992	0.0247933884298	0.0165289256198	0.694214876033	
0.0661157024793	0.0743801652893	0.099173553719	0.0165289256198	0.0247933884298	0.0330578512397	0.00826446280992	0.0247933884298	0	0	0.652892561983	
0.123966942149	0.0495867768595	0.0578512396694	0.00826446280992	0.00826446280992	0.0165289256198	0.0247933884298	0.0330578512397	0	0	0.677685950413	
0.00826446280992	0.0578512396694	0.0495867768595	0.0247933884298	0.0165289256198	0.0413223140496	0.0165289256198	0.0495867768595	0.00826446280992	0	0.727272727273	
0.0495867768595	0.0330578512397	0.0165289256198	0.00826446280992	0.0165289256198	0.0247933884298	0.00826446280992	0.0165289256198	0	0	0.826446280992	
0.0661157024793	0.0413223140496	0.0165289256198	0.0330578512397	0.0413223140496	0.0165289256198	0.0247933884298	0.0247933884298	0	0.00826446280992	0.727272727273	
0.0413223140496	0.0413223140496	0.0165289256198	0.00826446280992	0.0165289256198	0.00826446280992	0.0165289256198	0.0247933884298	0.00826446280992	0.00826446280992	0.809917355372	
0.0578512396694	0.0413223140496	0.0495867768595	0.0247933884298	0.0247933884298	0.0578512396694	0.0165289256198	0.0247933884298	0.00826446280992	0.00826446280992	0.685950413223	
0.0661157024793	0.0578512396694	0.0495867768595	0.00826446280992	0.0330578512397	0.0413223140496	0.0330578512397	0.0247933884298	0.0165289256198	0	0.669421487603	
0.0661157024793	0.0661157024793	0.0578512396694	0.0165289256198	0.0413223140496	0.0495867768595	0.0165289256198	0.00826446280992	0	0.00826446280992	0.669421487603	
0.0743801652893	0.0330578512397	0.0413223140496	0.0413223140496	0.0413223140496	0.0247933884298	0.0247933884298	0.0165289256198	0.00826446280992	0.0165289256198	0.677685950413	
0.0330578512397	0.0578512396694	0.0413223140496	0.00826446280992	0.0247933884298	0.0165289256198	0.0247933884298	0.0165289256198	0.00826446280992	0	0.768595041322	
0.0495867768595	0.0330578512397	0.0495867768595	0.0413223140496	0	0.0495867768595	0.0413223140496	0.0330578512397	0.00826446280992	0	0.694214876033	
0.0578512396694	0.0495867768595	0.0330578512397	0.0165289256198	0.0165289256198	0.0413223140496	0.0247933884298	0.0165289256198	0.0247933884298	0	0.719008264463	
0.0247933884298	0.0165289256198	0.107438016529	0.0247933884298	0.0165289256198	0.00826446280992	0.0247933884298	0.0165289256198	0.00826446280992	0.00826446280992	0.743801652893	
0.0743801652893	0.0413223140496	0.0330578512397	0.0330578512397	0.00826446280992	0.0495867768595	0.00826446280992	0	0.00826446280992	0	0.743801652893	
0.0661157024793	0.0413223140496	0.0330578512397	0.00826446280992	0.0413223140496	0.0247933884298	0.0165289256198	0.0247933884298	0.00826446280992	0.00826446280992	0.727272727273	
0.0661157024793	0.0826446280992	0.0330578512397	0.0495867768595	0.0330578512397	0.0247933884298	0.0413223140496	0.0165289256198	0.00826446280992	0.00826446280992	0.636363636364	
0.0743801652893	0.0413223140496	0.0578512396694	0.0247933884298	0.0413223140496	0.0330578512397	0.0330578512397	0.00826446280992	0.0247933884298	0	0.661157024793	
0.0495867768595	0.0247933884298	0.0578512396694	0.00826446280992	0	0.0330578512397	0.0495867768595	0	0.00826446280992	0.00826446280992	0.760330578512	
0.0413223140496	0.0578512396694	0.0330578512397	0.00826446280992	0.0165289256198	0.0330578512397	0.00826446280992	0.0165289256198	0.0165289256198	0	0.768595041322	
0.0330578512397	0.0661157024793	0.0578512396694	0.0165289256198	0.00826446280992	0.0413223140496	0.0330578512397	0.0247933884298	0	0	0.719008264463	
0.0495867768595	0.0413223140496	0.0413223140496	0.0247933884298	0.0165289256198	0.0247933884298	0.0165289256198	0	0.0165289256198	0.00826446280992	0.760330578512	
0.0165289256198	0.0661157024793	0.0413223140496	0.00826446280992	0.0330578512397	0.0330578512397	0.0330578512397	0	0.0165289256198	0.0247933884298	0.727272727273	
0.00826446280992	0	0.00826446280992	0.00826446280992	0.0247933884298	0.0165289256198	0.0247933884298	0.0247933884298	0.00826446280992	0.0165289256198	0.859504132231	
0	0.00826446280992	0	0.0330578512397	0.0247933884298	0.00826446280992	0.0247933884298	0.0330578512397	0.0330578512397	0.00826446280992	0.826446280992	
0	0	0	0	0.00826446280992	0.0247933884298	0.00826446280992	0.0165289256198	0.0165289256198	0.0165289256198	0.909090909091	
0	0.00826446280992	0	0.0413223140496	0.0247933884298	0.0413223140496	0.0247933884298	0.00826446280992	0.00826446280992	0.0247933884298	0.818181818182	
0	0.00826446280992	0.0247933884298	0.00826446280992	0.0330578512397	0.0413223140496	0.0578512396694	0.00826446280992	0.0165289256198	0.0165289256198	0.785123966942	
0	0	0.0165289256198	0.0413223140496	0.0330578512397	0.0330578512397	0.0247933884298	0.0165289256198	0.0247933884298	0.0165289256198	0.793388429752	
0.0330578512397	0.0413223140496	0.0495867768595	0.0165289256198	0.00826446280992	0	0.0413223140496	0.0165289256198	0.0165289256198	0	0.776859504132	
0.0743801652893	0.0743801652893	0.0826446280992	0.00826446280992	0.0247933884298	0.0330578512397	0.0165289256198	0.0330578512397	0.00826446280992	0.00826446280992	0.636363636364	
0.0661157024793	0.0330578512397	0.0661157024793	0.0165289256198	0.0247933884298	0.0330578512397	0.0165289256198	0	0.0247933884298	0.0247933884298	0.694214876033	
0.099173553719	0.00826446280992	0.0495867768595	0.00826446280992	0.0165289256198	0.0330578512397	0.0165289256198	0.0330578512397	0.0247933884298	0.00826446280992	0.702479338843	
0.0578512396694	0.0413223140496	0.0330578512397	0.0330578512397	0.0330578512397	0.0165289256198	0.0247933884298	0	0.0247933884298	0.00826446280992	0.727272727273	
0.0413223140496	0.0330578512397	0.0330578512397	0.00826446280992	0.0165289256198	0.0330578512397	0.0330578512397	0.0165289256198	0.0330578512397	0.0330578512397	0.719008264463	
0.0826446280992	0.0413223140496	0.0743801652893	0.0247933884298	0.0330578512397	0.0247933884298	0.0413223140496	0	0	0.00826446280992	0.669421487603	
0.0743801652893	0.0413223140496	0.0578512396694	0.0330578512397	0.0247933884298	0.00826446280992	0.0413223140496	0	0	0.00826446280992	0.710743801653	
0.0495867768595	0.0743801652893	0.0413223140496	0.0330578512397	0.0247933884298	0.0247933884298	0.0413223140496	0	0.0165289256198	0.00826446280992	0.685950413223	
0.0247933884298	0.0661157024793	0.0413223140496	0.0247933884298	0.0330578512397	0.0495867768595	0.0413223140496	0	0.0330578512397	0.0165289256198	0.669421487603	
0.0909090909091	0.0578512396694	0.0413223140496	0.0330578512397	0.00826446280992	0.0330578512397	0.0165289256198	0.00826446280992	0.00826446280992	0.0247933884298	0.677685950413	
0.107438016529	0.0909090909091	0.0495867768595	0.00826446280992	0.0330578512397	0.00826446280992	0.00826446280992	0.0165289256198	0.0247933884298	0.00826446280992	0.644628099174	
0.0495867768595	0.099173553719	0.0413223140496	0.0247933884298	0.0413223140496	0.0330578512397	0.0247933884298	0.0165289256198	0.0165289256198	0.00826446280992	0.644628099174	
0.0495867768595	0.0578512396694	0.0165289256198	0.0330578512397	0.0165289256198	0.0413223140496	0.0247933884298	0.0247933884298	0.0247933884298	0.0247933884298	0.685950413223	
0.0495867768595	0.0247933884298	0.0413223140496	0.0247933884298	0.0247933884298	0.0165289256198	0.0247933884298	0.0247933884298	0.0165289256198	0.0330578512397	0.719008264463	
0.0495867768595	0.0661157024793	0.0826446280992	0.0495867768595	0.0165289256198	0.0165289256198	0.00826446280992	0.0247933884298	0	0.0247933884298	0.661157024793	
0.0330578512397	0.0165289256198	0.0247933884298	0.0165289256198	0.00826446280992	0.0578512396694	0.0247933884298	0.0413223140496	0.0247933884298	0.00826446280992	0.743801652893	
0.0661157024793	0.0495867768595	0.0661157024793	0.00826446280992	0.0330578512397	0.00826446280992	0.0413223140496	0.0413223140496	0.0165289256198	0	0.669421487603	
0.0909090909091	0.0578512396694	0.0909090909091	0.0165289256198	0.0413223140496	0.0247933884298	0.0165289256198	0	0.0165289256198	0.0165289256198	0.628099173554	
0.0330578512397	0.0413223140496	0.0661157024793	0.0413223140496	0.00826446280992	0.0247933884298	0.0330578512397	0.0247933884298	0.0247933884298	0.0165289256198	0.685950413223	
0.099173553719	0.0330578512397	0.0413223140496	0.0247933884298	0.0661157024793	0.00826446280992	0.0330578512397	0.0165289256198	0.00826446280992	0.00826446280992	0.661157024793	
0.0661157024793	0.0165289256198	0.0330578512397	0.0247933884298	0.00826446280992	0.0330578512397	0.0330578512397	0.0165289256198	0.0165289256198	0.00826446280992	0.743801652893	
0.0495867768595	0.0661157024793	0.0578512396694	0.0247933884298	0.0247933884298	0.0165289256198	0.0165289256198	0.0165289256198	0.0165289256198	0.0165289256198	0.694214876033	
0.00826446280992	0.00826446280992	0.0578512396694	0.0247933884298	0.0578512396694	0.0165289256198	0.0165289256198	0.00826446280992	0.0165289256198	0.0247933884298	0.760330578512	
0.0330578512397	0.0495867768595	0.0247933884298	0.0413223140496	0.0330578512397	0.00826446280992	0.00826446280992	0.0247933884298	0	0.0247933884298	0.752066115702	
0.0826446280992	0.0578512396694	0.0743801652893	0.00826446280992	0.0247933884298	0.0495867768595	0.00826446280992	0.0165289256198	0.00826446280992	0.00826446280992	0.661157024793	
0.0743801652893	0.0743801652893	0.0826446280992	0.00826446280992	0.00826446280992	0.0413223140496	0.0165289256198	0.0165289256198	0.0165289256198	0	0.661157024793	
0.0247933884298	0.0495867768595	0.0413223140496	0	0.0330578512397	0.00826446280992	0.00826446280992	0.00826446280992	0	0	0.826446280992	
0.0743801652893	0.0495867768595	0.0165289256198	0.0330578512397	0.0413223140496	0.0578512396694	0.0330578512397	0.00826446280992	0.00826446280992	0.00826446280992	0.669421487603	
0.0495867768595	0.0165289256198	0.0495867768595	0.0247933884298	0.0165289256198	0.0165289256198	0.0165289256198	0.0165289256198	0.00826446280992	0	0.785123966942	
0.099173553719	0.0413223140496	0.0495867768595	0.0247933884298	0.0247933884298	0.0165289256198	0.0247933884298	0.0330578512397	0.0165289256198	0.0165289256198	0.652892561983	
0.0330578512397	0.0909090909091	0.0413223140496	0.0165289256198	0.0578512396694	0.0165289256198	0.0247933884298	0.00826446280992	0.0165289256198	0.0247933884298	0.669421487603	
0.0909090909091	0.0661157024793	0.0413223140496	0.0165289256198	0.0495867768595	0.0247933884298	0.0578512396694	0.0247933884298	0.0247933884298	0.0165289256198	0.586776859504	
0.0826446280992	0.0578512396694	0.0578512396694	0.00826446280992	0.0413223140496	0.0247933884298	0.0165289256198	0.0165289256198	0	0.00826446280992	0.685950413223	
0.0578512396694	0.0413223140496	0.0413223140496	0.0165289256198	0.0165289256198	0.0247933884298	0.0247933884298	0.00826446280992	0.00826446280992	0.0247933884298	0.735537190083	
0.0495867768595	0.0330578512397	0.0495867768595	0.0247933884298	0.0413223140496	0.0165289256198	0.0495867768595	0.0413223140496	0.00826446280992	0.0165289256198	0.669421487603	
0.0495867768595	0.0495867768595	0.0413223140496	0.0165289256198	0.0578512396694	0.0495867768595	0.0495867768595	0.0165289256198	0.00826446280992	0.0165289256198	0.644628099174	
0.0661157024793	0.0330578512397	0.0578512396694	0.00826446280992	0.0413223140496	0.0330578512397	0.0247933884298	0.00826446280992	0.0247933884298	0	0.702479338843	
0.0247933884298	0.0330578512397	0.0413223140496	0.00826446280992	0.0413223140496	0.00826446280992	0.0247933884298	0.0247933884298	0.0247933884298	0.0165289256198	0.752066115702	
0.0330578512397	0.0413223140496	0.0247933884298	0.0165289256198	0.0330578512397	0.0413223140496	0.0165289256198	0.00826446280992	0.00826446280992	0.00826446280992	0.768595041322	
0.0413223140496	0.0330578512397	0.0330578512397	0.00826446280992	0.0165289256198	0.0495867768595	0.0247933884298	0.0413223140496	0.00826446280992	0	0.743801652893	
0.0743801652893	0.0743801652893	0.0578512396694	0.00826446280992	0	0.00826446280992	0.0247933884298	0.0247933884298	0.00826446280992	0.00826446280992	0.710743801653	
0.0661157024793	0.0413223140496	0.0495867768595	0	0.0330578512397	0.0165289256198	0.00826446280992	0.0247933884298	0.00826446280992	0.00826446280992	0.743801652893	
0.0743801652893	0.0495867768595	0.0413223140496	0.0165289256198	0.0330578512397	0.0247933884298	0.0247933884298	0.0165289256198	0	0.00826446280992	0.710743801653	
0.0578512396694	0.0413223140496	0.0743801652893	0.0330578512397	0.0578512396694	0.0330578512397	0.0247933884298	0.00826446280992	0.0165289256198	0.0165289256198	0.636363636364	
0.0495867768595	0.0413223140496	0.0413223140496	0.0330578512397	0.0247933884298	0.0247933884298	0.0165289256198	0.0165289256198	0	0.00826446280992	0.743801652893	
0.0661157024793	0.0413223140496	0.0578512396694	0.0330578512397	0.0413223140496	0	0.00826446280992	0.0165289256198	0.00826446280992	0.0330578512397	0.694214876033	
0.0743801652893	0.0330578512397	0.0909090909091	0.0247933884298	0.0247933884298	0.0413223140496	0.00826446280992	0.0165289256198	0.0165289256198	0.0165289256198	0.652892561983	
0.0909090909091	0.0661157024793	0.0495867768595	0.00826446280992	0.0330578512397	0.0330578512397	0.0247933884298	0	0.0165289256198	0.0247933884298	0.652892561983	
0.0743801652893	0.0826446280992	0.0413223140496	0.0330578512397	0.0247933884298	0.0165289256198	0.0247933884298	0.0165289256198	0	0.0165289256198	0.669421487603	
0.0743801652893	0.0578512396694	0.0578512396694	0.0413223140496	0.0495867768595	0.0165289256198	0.0165289256198	0.0165289256198	0	0	0.669421487603	
0.0661157024793	0.0826446280992	0.0495867768595	0.00826446280992	0.0330578512397	0.00826446280992	0.0330578512397	0.0165289256198	0	0.00826446280992	0.694214876033	
0.0826446280992	0.0495867768595	0.0743801652893	0.00826446280992	0.0413223140496	0.00826446280992	0	0.0165289256198	0.0165289256198	0.00826446280992	0.694214876033	
0.0330578512397	0.0413223140496	0.0413223140496	0.0165289256198	0.0247933884298	0.0165289256198	0.0247933884298	0.0165289256198	0.0165289256198	0	0.768595041322	
0.0330578512397	0.0330578512397	0.0661157024793	0.0165289256198	0.0247933884298	0.0165289256198	0.0413223140496	0.0247933884298	0.0165289256198	0.00826446280992	0.719008264463	
0.0495867768595	0.0330578512397	0.0495867768595	0.0247933884298	0.0413223140496	0.0165289256198	0.00826446280992	0	0.00826446280992	0.0165289256198	0.752066115702	
0.0661157024793	0.0165289256198	0.0495867768595	0.0165289256198	0.0413223140496	0	0	0	0.0247933884298	0.0165289256198	0.768595041322	
0.0165289256198	0.0578512396694	0.0413223140496	0	0.0413223140496	0.0165289256198	0	0	0	0.0165289256198	0.809917355372	
0.107438016529	0.0413223140496	0.0330578512397	0	0.00826446280992	0.0413223140496	0.0495867768595	0.0165289256198	0	0.0165289256198	0.685950413223	
0.0578512396694	0.0495867768595	0.0330578512397	0.0247933884298	0.0413223140496	0	0.0247933884298	0.0330578512397	0.0165289256198	0	0.719008264463	
0.0330578512397	0.0826446280992	0.0330578512397	0.0247933884298	0.0330578512397	0.0330578512397	0.0330578512397	0.00826446280992	0	0	0.719008264463	
0.0413223140496	0.0165289256198	0.0330578512397	0.0165289256198	0.0165289256198	0.0330578512397	0.0330578512397	0.0165289256198	0.0165289256198	0.0165289256198	0.760330578512	
0.0661157024793	0.0743801652893	0.0413223140496	0.0247933884298	0.0495867768595	0.0247933884298	0.00826446280992	0.0165289256198	0	0	0.694214876033	
0.0578512396694	0.0495867768595	0.0413223140496	0.0165289256198	0.00826446280992	0.0413223140496	0.0413223140496	0.00826446280992	0	0.0247933884298	0.710743801653	
0.0330578512397	0.0578512396694	0.0495867768595	0.0165289256198	0.0413223140496	0.0165289256198	0.00826446280992	0.0165289256198	0	0	0.760330578512	
0.0247933884298	0.0247933884298	0.0578512396694	0	0.0247933884298	0.0247933884298	0.0165289256198	0.0165289256198	0.0165289256198	0.0165289256198	0.776859504132	
0.0413223140496	0.0743801652893	0.0413223140496	0.00826446280992	0.0413223140496	0.0247933884298	0.00826446280992	0.0165289256198	0.0165289256198	0	0.727272727273	
0.0578512396694	0.0495867768595	0.0247933884298	0.0165289256198	0.0413223140496	0.0578512396694	0	0.0165289256198	0	0.0165289256198	0.719008264463	
0.0495867768595	0.0743801652893	0.0495867768595	0.00826446280992	0.0165289256198	0.0165289256198	0.0165289256198	0.0247933884298	0.00826446280992	0.0165289256198	0.719008264463	
0.0661157024793	0.0330578512397	0.0578512396694	0.0165289256198	0.0165289256198	0.0165289256198	0.0165289256198	0	0	0.0330578512397	0.743801652893	
0.0909090909091	0.0495867768595	0.0495867768595	0.0165289256198	0.0165289256198	0.0247933884298	0.0330578512397	0	0	0.00826446280992	0.710743801653	
0.0330578512397	0.0495867768595	0.0743801652893	0.00826446280992	0.0330578512397	0.0413223140496	0.00826446280992	0.0413223140496	0.00826446280992	0.0165289256198	0.685950413223	
0.0578512396694	0.0495867768595	0.0578512396694	0.0247933884298	0.0413223140496	0.0330578512397	0.0165289256198	0.0165289256198	0.0330578512397	0.00826446280992	0.661157024793	
0.0413223140496	0.0661157024793	0.0743801652893	0.0413223140496	0.00826446280992	0.0330578512397	0.0165289256198	0.0165289256198	0	0.0247933884298	0.677685950413	
0.0495867768595	0.0330578512397	0.0495867768595	0.00826446280992	0.00826446280992	0.00826446280992	0.0330578512397	0.0165289256198	0.00826446280992	0.0165289256198	0.768595041322	
0.0247933884298	0.0661157024793	0.0330578512397	0.00826446280992	0.0413223140496	0.0330578512397	0.0247933884298	0	0	0.00826446280992	0.760330578512	
0.0743801652893	0.0495867768595	0.0165289256198	0.0330578512397	0.0330578512397	0.0330578512397	0.0330578512397	0.00826446280992	0.00826446280992	0.00826446280992	0.702479338843	
0.0661157024793	0.0413223140496	0.0247933884298	0.0413223140496	0.0247933884298	0.00826446280992	0.00826446280992	0.0165289256198	0.00826446280992	0	0.760330578512	
0.0247933884298	0.0330578512397	0.0495867768595	0.0330578512397	0.0413223140496	0.0247933884298	0	0.0247933884298	0.00826446280992	0	0.760330578512	
0.0247933884298	0.0826446280992	0.0247933884298	0.00826446280992	0.0165289256198	0.00826446280992	0.0330578512397	0.0165289256198	0.00826446280992	0.00826446280992	0.768595041322	
0.0743801652893	0.0495867768595	0.0578512396694	0.0495867768595	0.0165289256198	0.0247933884298	0.0495867768595	0.00826446280992	0.0165289256198	0.0165289256198	0.636363636364	
0.0743801652893	0.0495867768595	0.0495867768595	0.00826446280992	0.0165289256198	0.0247933884298	0.0165289256198	0.0247933884298	0.00826446280992	0	0.727272727273	
0.0413223140496	0.0330578512397	0.0413223140496	0.0165289256198	0.0413223140496	0	0	0.0165289256198	0.00826446280992	0	0.801652892562	
0.0661157024793	0.0413223140496	0.0909090909091	0.0495867768595	0.0495867768595	0.0330578512397	0.0165289256198	0.0165289256198	0.00826446280992	0.0165289256198	0.611570247934	
0.0661157024793	0.0826446280992	0.0495867768595	0.00826446280992	0.0165289256198	0.00826446280992	0.0165289256198	0.0247933884298	0.0165289256198	0.0330578512397	0.677685950413	
0.0743801652893	0.099173553719	0.0826446280992	0.0165289256198	0.0413223140496	0.0165289256198	0.0165289256198	0	0.0165289256198	0.00826446280992	0.628099173554	
0.0661157024793	0.0330578512397	0.0247933884298	0	0.0247933884298	0.0247933884298	0.0247933884298	0.00826446280992	0	0.00826446280992	0.785123966942	
0.0578512396694	0.0413223140496	0.0247933884298	0.0413223140496	0.0247933884298	0	0.00826446280992	0.0247933884298	0.00826446280992	0.00826446280992	0.760330578512	
0.0909090909091	0.0826446280992	0.0495867768595	0	0.0247933884298	0.0165289256198	0.0165289256198	0.00826446280992	0.0247933884298	0	0.685950413223	
0.0743801652893	0.0495867768595	0.0413223140496	0.0330578512397	0.00826446280992	0.0247933884298	0.0330578512397	0.0330578512397	0	0.0165289256198	0.685950413223	
0.0495867768595	0.0165289256198	0.0495867768595	0.0330578512397	0.0413223140496	0.00826446280992	0.00826446280992	0.00826446280992	0.0330578512397	0.00826446280992	0.743801652893	
0.0578512396694	0.0330578512397	0.0165289256198	0.0330578512397	0.0165289256198	0.0247933884298	0.0247933884298	0.0165289256198	0.00826446280992	0	0.768595041322	
0.099173553719	0.0413223140496	0.0661157024793	0.0165289256198	0.0330578512397	0.0413223140496	0.0165289256198	0.0247933884298	0	0	0.661157024793	
0.0661157024793	0.0413223140496	0.0247933884298	0.0495867768595	0.0247933884298	0.0413223140496	0.0247933884298	0.0165289256198	0	0.0165289256198	0.694214876033	
0.0495867768595	0.0165289256198	0.0247933884298	0	0.0578512396694	0.0165289256198	0.0165289256198	0.00826446280992	0.0165289256198	0.00826446280992	0.785123966942	
0.0495867768595	0.0495867768595	0.0743801652893	0.00826446280992	0.0247933884298	0.0330578512397	0.0165289256198	0.0247933884298	0.00826446280992	0.0413223140496	0.669421487603	
0.0247933884298	0.0578512396694	0.0743801652893	0	0.0578512396694	0.0413223140496	0.0165289256198	0.0330578512397	0.0165289256198	0.0165289256198	0.661157024793	
0.0743801652893	0.0413223140496	0.0413223140496	0.0165289256198	0.0165289256198	0.00826446280992	0.0661157024793	0.0330578512397	0.00826446280992	0	0.694214876033	
0.0330578512397	0.0578512396694	0.0165289256198	0.0165289256198	0.0165289256198	0.0165289256198	0.0165289256198	0.0165289256198	0	0.0247933884298	0.785123966942	
0.0578512396694	0.0495867768595	0.0578512396694	0.0495867768595	0.0247933884298	0.0330578512397	0.0495867768595	0.0165289256198	0.00826446280992	0.00826446280992	0.644628099174	
0.0165289256198	0.0661157024793	0.0165289256198	0.0165289256198	0.0330578512397	0.0413223140496	0.0330578512397	0.00826446280992	0	0.0330578512397	0.735537190083	
0.0826446280992	0.00826446280992	0.099173553719	0.0247933884298	0.0165289256198	0.0247933884298	0.00826446280992	0	0	0	0.735537190083	
0.0743801652893	0.0413223140496	0.0165289256198	0.0247933884298	0.0247933884298	0.0330578512397	0.0165289256198	0.0165289256198	0.0165289256198	0.00826446280992	0.727272727273	
0.0413223140496	0.0330578512397	0.0661157024793	0.0330578512397	0.0413223140496	0.0165289256198	0.0330578512397	0.0330578512397	0.0413223140496	0	0.661157024793	
0.0165289256198	0.0578512396694	0.0413223140496	0	0.0578512396694	0.0330578512397	0.0247933884298	0	0.00826446280992	0.0165289256198	0.743801652893	
0.0413223140496	0.0495867768595	0.0495867768595	0.00826446280992	0.00826446280992	0.0413223140496	0.0165289256198	0.0578512396694	0.00826446280992	0.0247933884298	0.694214876033	
0.0495867768595	0.0330578512397	0.0330578512397	0.0165289256198	0.0165289256198	0.0330578512397	0.0165289256198	0.0247933884298	0.0247933884298	0.0165289256198	0.735537190083	
0.0578512396694	0.0661157024793	0.0330578512397	0.00826446280992	0.0165289256198	0.0165289256198	0.0413223140496	0.0413223140496	0.0247933884298	0.00826446280992	0.685950413223	
0.0743801652893	0.0495867768595	0.0661157024793	0.0165289256198	0.0247933884298	0.0165289256198	0.00826446280992	0.00826446280992	0.0165289256198	0	0.719008264463	
0.0826446280992	0.0495867768595	0.0661157024793	0.0165289256198	0.0165289256198	0.0330578512397	0.0247933884298	0.00826446280992	0.0165289256198	0.00826446280992	0.677685950413	
0.0330578512397	0.0661157024793	0.0909090909091	0.0413223140496	0.0413223140496	0.00826446280992	0	0	0.00826446280992	0.00826446280992	0.702479338843	
0.0743801652893	0.0495867768595	0.0495867768595	0.0413223140496	0.0330578512397	0.00826446280992	0.0247933884298	0.00826446280992	0.0247933884298	0.00826446280992	0.677685950413	
0.0330578512397	0.0743801652893	0.0661157024793	0.0247933884298	0.0165289256198	0.0495867768595	0	0.0165289256198	0.00826446280992	0	0.710743801653	
0.0413223140496	0.0495867768595	0.0495867768595	0.0330578512397	0.0413223140496	0.0495867768595	0.0165289256198	0.0247933884298	0.00826446280992	0.0495867768595	0.636363636364	
0.0826446280992	0.0413223140496	0.0661157024793	0.00826446280992	0.00826446280992	0.0247933884298	0.0165289256198	0.00826446280992	0.0495867768595	0.00826446280992	0.685950413223	
0.0661157024793	0.0330578512397	0.0413223140496	0.00826446280992	0.0247933884298	0.0247933884298	0.0165289256198	0.00826446280992	0.00826446280992	0.00826446280992	0.760330578512	
0.0826446280992	0.0578512396694	0.0495867768595	0.0165289256198	0.0165289256198	0.0413223140496	0.0413223140496	0.00826446280992	0.00826446280992	0	0.677685950413	
0.0743801652893	0.0330578512397	0.0413223140496	0	0.0330578512397	0.0165289256198	0.0247933884298	0.00826446280992	0.00826446280992	0.00826446280992	0.752066115702	
0.0661157024793	0.0826446280992	0.0247933884298	0.00826446280992	0.0495867768595	0.0495867768595	0.0247933884298	0.00826446280992	0.0165289256198	0.0330578512397	0.636363636364	
0.0578512396694	0.0743801652893	0.0661157024793	0.00826446280992	0.0413223140496	0.0247933884298	0.0165289256198	0.00826446280992	0	0.00826446280992	0.694214876033	
0.0165289256198	0.0330578512397	0.0909090909091	0.00826446280992	0.0247933884298	0.0330578512397	0	0.0495867768595	0.00826446280992	0.0247933884298	0.710743801653	
0	0.0247933884298	0.0247933884298	0.00826446280992	0	0	0.0247933884298	0.0330578512397	0.0165289256198	0.00826446280992	0.859504132231	
0	0	0	0.0413223140496	0	0	0	0.0247933884298	0.0247933884298	0.00826446280992	0.900826446281	
0	0	0	0	0	0	0	0.0330578512397	0.0165289256198	0	0.95041322314	
0	0	0	0	0	0	0	0.0247933884298	0.00826446280992	0.00826446280992	0.95867768595	
0	0	0	0	0	0	0.00826446280992	0	0	0.0247933884298	0.96694214876	
0	0	0	0	0	0	0	0.0165289256198	0.0165289256198	0.0330578512397	0.933884297521	
0	0.00826446280992	0	0.00826446280992	0.00826446280992	0.00826446280992	0	0.00826446280992	0.0165289256198	0.0247933884298	0.917355371901	
0.0413223140496	0.0330578512397	0.0330578512397	0.0330578512397	0.0413223140496	0.0330578512397	0.0165289256198	0.00826446280992	0.0413223140496	0	0.719008264463	
0.0330578512397	0.0661157024793	0.0247933884298	0.0165289256198	0.0330578512397	0.0495867768595	0.00826446280992	0.0413223140496	0.0165289256198	0.00826446280992	0.702479338843	
0.0578512396694	0.0826446280992	0.0330578512397	0.0330578512397	0.0330578512397	0	0.0247933884298	0.0165289256198	0.0165289256198	0	0.702479338843	
0.0247933884298	0.0413223140496	0.0578512396694	0.0247933884298	0.0330578512397	0.0661157024793	0.0578512396694	0	0	0.0165289256198	0.677685950413	
0.0578512396694	0.0495867768595	0.0330578512397	0.0413223140496	0.0330578512397	0.0413223140496	0.00826446280992	0.00826446280992	0.00826446280992	0.00826446280992	0.710743801653	
0.0826446280992	0.0495867768595	0.0413223140496	0.0247933884298	0.0165289256198	0.0247933884298	0.0247933884298	0.0165289256198	0.0165289256198	0.0165289256198	0.685950413223	
0.0661157024793	0.0743801652893	0.0743801652893	0.0165289256198	0.0247933884298	0.0165289256198	0.0330578512397	0.0165289256198	0.00826446280992	0.0165289256198	0.652892561983	
0.0661157024793	0.0495867768595	0.0413223140496	0.0247933884298	0.0165289256198	0.0330578512397	0.0495867768595	0.0247933884298	0	0.00826446280992	0.685950413223	
0.0661157024793	0.0578512396694	0.0661157024793	0	0.0330578512397	0.0330578512397	0.0495867768595	0.00826446280992	0.00826446280992	0.0247933884298	0.652892561983	
0.0495867768595	0.0413223140496	0.0413223140496	0	0.0330578512397	0.0413223140496	0.0247933884298	0	0	0.0165289256198	0.752066115702	
0.0247933884298	0.0495867768595	0.0413223140496	0.0247933884298	0.00826446280992	0.0165289256198	0.0165289256198	0.0247933884298	0.0165289256198	0	0.776859504132	
0.0661157024793	0.0495867768595	0.0743801652893	0.0165289256198	0.00826446280992	0.0330578512397	0.0165289256198	0.0413223140496	0	0.0165289256198	0.677685950413	
0.0330578512397	0.0413223140496	0.0330578512397	0.0247933884298	0.00826446280992	0.0330578512397	0.0330578512397	0.0413223140496	0	0.0247933884298	0.727272727273	
0.0247933884298	0.0330578512397	0.0661157024793	0.0330578512397	0.0165289256198	0.0495867768595	0.0165289256198	0.0165289256198	0.00826446280992	0.00826446280992	0.727272727273	
0.0826446280992	0.0247933884298	0.0495867768595	0.00826446280992	0.00826446280992	0.00826446280992	0.0330578512397	0.0165289256198	0.0165289256198	0.00826446280992	0.743801652893	
0.0330578512397	0.0413223140496	0.0413223140496	0.00826446280992	0.0743801652893	0.00826446280992	0.0330578512397	0.0247933884298	0	0.0165289256198	0.719008264463	
0.0165289256198	0.0330578512397	0.0495867768595	0.00826446280992	0.0247933884298	0.0661157024793	0.0165289256198	0.00826446280992	0.0247933884298	0	0.752066115702	
0.0743801652893	0.0743801652893	0.0330578512397	0.00826446280992	0.0578512396694	0.00826446280992	0.00826446280992	0.00826446280992	0.00826446280992	0.00826446280992	0.710743801653	
0.0413223140496	0.0495867768595	0.0330578512397	0.0330578512397	0.0413223140496	0.00826446280992	0.0413223140496	0.00826446280992	0	0.00826446280992	0.735537190083	
0.0495867768595	0.0165289256198	0.0247933884298	0.0247933884298	0.0330578512397	0.0165289256198	0.0165289256198	0.0247933884298	0.00826446280992	0.0165289256198	0.768595041322	
0.0495867768595	0.0413223140496	0.0165289256198	0.0247933884298	0.0247933884298	0.0247933884298	0.0413223140496	0.00826446280992	0.0330578512397	0	0.735537190083	
0.0661157024793	0.0743801652893	0.0247933884298	0.0330578512397	0.0413223140496	0.0413223140496	0.0330578512397	0	0.0165289256198	0.0247933884298	0.644628099174	
0.0413223140496	0.0330578512397	0.0495867768595	0.0247933884298	0.0165289256198	0.0330578512397	0.0165289256198	0.0413223140496	0	0.00826446280992	0.735537190083	
0.0413223140496	0.0165289256198	0.0413223140496	0.0247933884298	0.0165289256198	0.0330578512397	0.0247933884298	0.0165289256198	0.0247933884298	0.00826446280992	0.752066115702	
0.0743801652893	0.0330578512397	0.0578512396694	0.0495867768595	0.0247933884298	0.0165289256198	0.0330578512397	0	0.00826446280992	0	0.702479338843	
0.0330578512397	0.0247933884298	0.0413223140496	0.0165289256198	0.0330578512397	0.0578512396694	0.00826446280992	0.0247933884298	0	0	0.760330578512	
0.0743801652893	0.0495867768595	0.0413223140496	0.00826446280992	0.0247933884298	0.0330578512397	0.0165289256198	0	0.0247933884298	0.0165289256198	0.710743801653	
0.0165289256198	0.0330578512397	0.00826446280992	0.00826446280992	0.0165289256198	0.0330578512397	0.0165289256198	0.00826446280992	0.0165289256198	0.00826446280992	0.834710743802	
0.0165289256198	0.0909090909091	0.00826446280992	0.0165289256198	0.0330578512397	0.00826446280992	0.0413223140496	0.0413223140496	0.00826446280992	0.00826446280992	0.727272727273	
0.0247933884298	0.0743801652893	0.0330578512397	0.0165289256198	0.0495867768595	0.0330578512397	0.0165289256198	0.0330578512397	0.0165289256198	0	0.702479338843	
0.0578512396694	0.0330578512397	0.0330578512397	0.0578512396694	0.0330578512397	0.0165289256198	0.00826446280992	0.00826446280992	0.0165289256198	0.0247933884298	0.710743801653	
0.0413223140496	0.0826446280992	0.0495867768595	0.0330578512397	0.0247933884298	0.0495867768595	0.00826446280992	0	0.0165289256198	0.00826446280992	0.685950413223	
0.0413223140496	0.0165289256198	0.0247933884298	0.0247933884298	0.0330578512397	0.0165289256198	0.0247933884298	0.0247933884298	0.00826446280992	0.0165289256198	0.768595041322	
0.0495867768595	0.0826446280992	0.0413223140496	0.0247933884298	0.0247933884298	0.0330578512397	0.0165289256198	0	0.0165289256198	0.0165289256198	0.694214876033	
0.0413223140496	0.0743801652893	0.0330578512397	0.0165289256198	0.0330578512397	0.00826446280992	0.0247933884298	0.0165289256198	0.00826446280992	0.00826446280992	0.735537190083	
0.0165289256198	0.0413223140496	0.0578512396694	0	0.0413223140496	0.0247933884298	0	0.0247933884298	0.00826446280992	0.0247933884298	0.760330578512	
0.0578512396694	0.0495867768595	0.0495867768595	0.0247933884298	0.0165289256198	0.0413223140496	0.0165289256198	0.00826446280992	0	0.0247933884298	0.710743801653	
0.0330578512397	0.0413223140496	0.0413223140496	0.00826446280992	0.0165289256198	0.0661157024793	0.0247933884298	0	0.0330578512397	0.0330578512397	0.702479338843	
0.0413223140496	0.0247933884298	0.0330578512397	0.0165289256198	0.0165289256198	0.0165289256198	0.0247933884298	0.0247933884298	0.0165289256198	0.0165289256198	0.768595041322	
0.0661157024793	0.0165289256198	0.0578512396694	0.0330578512397	0.0413223140496	0.0165289256198	0.0247933884298	0.00826446280992	0.00826446280992	0.0165289256198	0.710743801653	
0.0247933884298	0.0661157024793	0.0413223140496	0.0165289256198	0.00826446280992	0.0165289256198	0.0578512396694	0.0247933884298	0	0.00826446280992	0.735537190083	
0.0578512396694	0.0495867768595	0.0578512396694	0.0165289256198	0.0578512396694	0.0247933884298	0.0330578512397	0.0413223140496	0.00826446280992	0.0165289256198	0.636363636364	
0.0661157024793	0.0413223140496	0.0661157024793	0.0247933884298	0.0330578512397	0.0413223140496	0.0495867768595	0.0413223140496	0.00826446280992	0.0247933884298	0.603305785124	
0.0495867768595	0.0165289256198	0.0330578512397	0.0247933884298	0	0.00826446280992	0.0247933884298	0.0165289256198	0.00826446280992	0.0165289256198	0.801652892562	
0.0165289256198	0.0578512396694	0.00826446280992	0.00826446280992	0.00826446280992	0.0165289256198	0.00826446280992	0.00826446280992	0.0247933884298	0	0.842975206612	
0.0578512396694	0.0413223140496	0.0413223140496	0.0495867768595	0.0165289256198	0.0330578512397	0.0247933884298	0	0.0165289256198	0.00826446280992	0.710743801653	
0.0413223140496	0.0413223140496	0.0578512396694	0.0165289256198	0.0661157024793	0.0247933884298	0	0.00826446280992	0.0165289256198	0.00826446280992	0.719008264463	
0.0826446280992	0.0165289256198	0.0330578512397	0.00826446280992	0.0247933884298	0.00826446280992	0.0247933884298	0.0247933884298	0.0165289256198	0.00826446280992	0.752066115702	
0.0495867768595	0.0743801652893	0.0578512396694	0.00826446280992	0.00826446280992	0.00826446280992	0.0495867768595	0.0330578512397	0.00826446280992	0	0.702479338843	
0.0495867768595	0.0495867768595	0.0330578512397	0.00826446280992	0.0578512396694	0.0413223140496	0.0165289256198	0	0.00826446280992	0.00826446280992	0.727272727273	
0.0413223140496	0.0413223140496	0.0165289256198	0.0165289256198	0.0165289256198	0.0165289256198	0.0165289256198	0.0330578512397	0.0165289256198	0.00826446280992	0.776859504132	
0.0330578512397	0.0330578512397	0.00826446280992	0	0.0247933884298	0.0330578512397	0.00826446280992	0.00826446280992	0.00826446280992	0.0165289256198	0.826446280992	
0.0578512396694	0.0661157024793	0.0743801652893	0.0165289256198	0.0413223140496	0.0330578512397	0.0165289256198	0.00826446280992	0.0165289256198	0.00826446280992	0.661157024793	
0.0578512396694	0.0495867768595	0	0.0330578512397	0.0165289256198	0.0330578512397	0.0413223140496	0.00826446280992	0	0.0247933884298	0.735537190083	
0.0661157024793	0.0165289256198	0.0661157024793	0.0413223140496	0.0330578512397	0.0247933884298	0.0330578512397	0.0330578512397	0.0165289256198	0.0165289256198	0.652892561983	
0.0661157024793	0.0247933884298	0.0578512396694	0.0165289256198	0.0247933884298	0.0165289256198	0.0247933884298	0.0247933884298	0.00826446280992	0.00826446280992	0.727272727273	
0.0413223140496	0.0165289256198	0.0165289256198	0.0165289256198	0.0578512396694	0.00826446280992	0.0247933884298	0	0.0165289256198	0.0247933884298	0.776859504132	
0.0330578512397	0.0661157024793	0.0413223140496	0.0247933884298	0.0247933884298	0.0165289256198	0.0413223140496	0.00826446280992	0.00826446280992	0.00826446280992	0.727272727273	
0.115702479339	0.0413223140496	0.0495867768595	0.0247933884298	0.0495867768595	0.0495867768595	0.0247933884298	0.00826446280992	0.0165289256198	0.0330578512397	0.586776859504	
0.0578512396694	0.0495867768595	0.0578512396694	0.0165289256198	0.00826446280992	0.0413223140496	0.0247933884298	0.0330578512397	0.00826446280992	0.0247933884298	0.677685950413	
0.0330578512397	0.0578512396694	0.0661157024793	0.0165289256198	0.0413223140496	0.0330578512397	0.00826446280992	0	0.0247933884298	0.0330578512397	0.685950413223	
0.0495867768595	0.0413223140496	0.0247933884298	0.0413223140496	0.0495867768595	0.0165289256198	0.0165289256198	0.00826446280992	0.00826446280992	0.00826446280992	0.735537190083	
0.0165289256198	0.0495867768595	0.0743801652893	0.0247933884298	0.0413223140496	0.0247933884298	0.0495867768595	0.0247933884298	0.0165289256198	0.00826446280992	0.669421487603	
0.0495867768595	0.0826446280992	0.0578512396694	0.0165289256198	0.0165289256198	0.0413223140496	0.0413223140496	0.00826446280992	0.00826446280992	0	0.677685950413	
0.0661157024793	0.0661157024793	0.0743801652893	0.0247933884298	0.0247933884298	0.0165289256198	0.0165289256198	0.00826446280992	0.00826446280992	0.0247933884298	0.669421487603	
0.0413223140496	0.0495867768595	0.0330578512397	0.00826446280992	0.0165289256198	0.0165289256198	0.0330578512397	0.00826446280992	0.0247933884298	0.0165289256198	0.752066115702	
0.0909090909091	0.0413223140496	0.0578512396694	0.00826446280992	0.00826446280992	0.0330578512397	0.0247933884298	0.0165289256198	0	0.00826446280992	0.710743801653	
0.0330578512397	0.0495867768595	0.0826446280992	0.0247933884298	0.0578512396694	0.0247933884298	0.0165289256198	0.0165289256198	0.00826446280992	0.0165289256198	0.669421487603	
0.0578512396694	0.0743801652893	0.00826446280992	0.00826446280992	0.0165289256198	0.0247933884298	0	0.00826446280992	0.00826446280992	0.00826446280992	0.785123966942	
0.0661157024793	0.0578512396694	0.0247933884298	0.0165289256198	0.0247933884298	0.0495867768595	0.0165289256198	0.00826446280992	0	0	0.735537190083	
0.0165289256198	0.0165289256198	0.0247933884298	0.0165289256198	0.0413223140496	0.00826446280992	0.0413223140496	0.00826446280992	0	0	0.826446280992	
0.0743801652893	0.0413223140496	0.0247933884298	0.00826446280992	0.0165289256198	0.00826446280992	0.0330578512397	0.00826446280992	0.00826446280992	0.00826446280992	0.768595041322	
0.0578512396694	0.0330578512397	0.0330578512397	0	0.0165289256198	0.0495867768595	0.0330578512397	0.00826446280992	0.0165289256198	0.0247933884298	0.727272727273	
0.0578512396694	0.0247933884298	0.0247933884298	0.0413223140496	0.0165289256198	0.0165289256198	0.0330578512397	0.00826446280992	0.0247933884298	0.0165289256198	0.735537190083	
0.0661157024793	0.0495867768595	0.0330578512397	0.0247933884298	0.0247933884298	0.0247933884298	0.0165289256198	0.0165289256198	0.00826446280992	0.0165289256198	0.719008264463	
0.0826446280992	0.0247933884298	0.099173553719	0.00826446280992	0.0165289256198	0.0165289256198	0.0413223140496	0.00826446280992	0.00826446280992	0	0.694214876033	
0.0495867768595	0.0495867768595	0.0578512396694	0.00826446280992	0.0330578512397	0.0413223140496	0.0247933884298	0.00826446280992	0.0247933884298	0.0165289256198	0.685950413223	
0.0495867768595	0.0247933884298	0.0330578512397	0.0330578512397	0.0165289256198	0.0495867768595	0.00826446280992	0.0413223140496	0	0.00826446280992	0.735537190083	
0.0826446280992	0.0661157024793	0.0743801652893	0.0330578512397	0.0247933884298	0.0247933884298	0	0.00826446280992	0.00826446280992	0.00826446280992	0.669421487603	
0.0495867768595	0.0330578512397	0.0578512396694	0.0247933884298	0	0.0330578512397	0.0165289256198	0.0247933884298	0.0165289256198	0.0165289256198	0.727272727273	
0.0413223140496	0.0413223140496	0.0165289256198	0.00826446280992	0.00826446280992	0.0165289256198	0.00826446280992	0.0165289256198	0.0165289256198	0.00826446280992	0.818181818182	
0.0495867768595	0.0495867768595	0.0661157024793	0.00826446280992	0.0165289256198	0.0413223140496	0.0330578512397	0	0	0.0165289256198	0.719008264463	
0.0495867768595	0.0413223140496	0.0909090909091	0.0578512396694	0.0165289256198	0.0165289256198	0.0330578512397	0.00826446280992	0.00826446280992	0.0247933884298	0.652892561983	
0.0330578512397	0.0578512396694	0.0413223140496	0.0247933884298	0.0495867768595	0.0330578512397	0.0330578512397	0.0247933884298	0.00826446280992	0.0165289256198	0.677685950413	
0.0909090909091	0.0661157024793	0.0578512396694	0.00826446280992	0.0165289256198	0.0578512396694	0.0247933884298	0.00826446280992	0.0165289256198	0.0165289256198	0.636363636364	
0.0247933884298	0.0578512396694	0.0247933884298	0.0165289256198	0.0330578512397	0.0247933884298	0.0330578512397	0.0165289256198	0.0247933884298	0	0.743801652893	
0.0247933884298	0.0661157024793	0.0247933884298	0.0413223140496	0.0165289256198	0.0165289256198	0.0413223140496	0.0330578512397	0.0165289256198	0.00826446280992	0.710743801653	
0.0330578512397	0.0578512396694	0.0413223140496	0.0165289256198	0.0247933884298	0.0165289256198	0.0165289256198	0.0165289256198	0.00826446280992	0.00826446280992	0.760330578512	
0.0330578512397	0.00826446280992	0.0165289256198	0.00826446280992	0.0247933884298	0.0247933884298	0.0330578512397	0.0247933884298	0.00826446280992	0	0.818181818182	
0.0661157024793	0.0330578512397	0.0578512396694	0.0165289256198	0.0413223140496	0.0247933884298	0.0495867768595	0.00826446280992	0.00826446280992	0.00826446280992	0.685950413223	
0.099173553719	0.0578512396694	0.0495867768595	0.0495867768595	0.0413223140496	0.0330578512397	0.0330578512397	0.0165289256198	0.00826446280992	0	0.611570247934	
0.0165289256198	0.0330578512397	0.0413223140496	0.0330578512397	0.0413223140496	0.0247933884298	0.0413223140496	0.0247933884298	0.00826446280992	0.00826446280992	0.727272727273	
0.0330578512397	0.0247933884298	0.0909090909091	0.0413223140496	0.0247933884298	0.0330578512397	0.0247933884298	0.0165289256198	0.00826446280992	0	0.702479338843	
0.0743801652893	0.0495867768595	0.0165289256198	0.0330578512397	0.00826446280992	0.00826446280992	0.0165289256198	0.0247933884298	0.0330578512397	0.00826446280992	0.727272727273	
0.0661157024793	0.0495867768595	0.00826446280992	0	0.0495867768595	0.0247933884298	0.0247933884298	0.0165289256198	0.0165289256198	0.00826446280992	0.735537190083	
0.0495867768595	0.0413223140496	0.0165289256198	0.0495867768595	0.0165289256198	0.0413223140496	0.0247933884298	0.0165289256198	0.0247933884298	0.00826446280992	0.710743801653	
0.0661157024793	0.0661157024793	0.0165289256198	0.0165289256198	0.0165289256198	0.0165289256198	0.0247933884298	0.00826446280992	0.0413223140496	0.0247933884298	0.702479338843	
0.0413223140496	0.0330578512397	0.0330578512397	0	0.0495867768595	0.0165289256198	0.0165289256198	0.0247933884298	0.0165289256198	0.0165289256198	0.752066115702	
0.0495867768595	0.0661157024793	0.0578512396694	0.0165289256198	0.0578512396694	0.0413223140496	0.0247933884298	0.0247933884298	0.00826446280992	0.0330578512397	0.619834710744	
0.0413223140496	0.0413223140496	0.0743801652893	0	0.0165289256198	0.0330578512397	0.0495867768595	0.00826446280992	0	0.0247933884298	0.710743801653	
0.0826446280992	0.0330578512397	0.0578512396694	0.0330578512397	0.0330578512397	0.0330578512397	0.00826446280992	0.0165289256198	0	0.00826446280992	0.694214876033	
0.0330578512397	0.0661157024793	0.0413223140496	0.0247933884298	0.00826446280992	0.00826446280992	0.0578512396694	0.0165289256198	0	0.00826446280992	0.735537190083	
0.0330578512397	0.0743801652893	0.0330578512397	0.00826446280992	0.0165289256198	0.0495867768595	0.0165289256198	0	0.00826446280992	0.00826446280992	0.752066115702	
0.0743801652893	0.0165289256198	0.0413223140496	0.0165289256198	0.0165289256198	0.0165289256198	0.0330578512397	0.0165289256198	0.0247933884298	0.0165289256198	0.727272727273	
0.099173553719	0.0495867768595	0.0330578512397	0.00826446280992	0.0247933884298	0.0330578512397	0.0165289256198	0.0247933884298	0.00826446280992	0.00826446280992	0.694214876033	
0.0495867768595	0.0578512396694	0.0413223140496	0.0247933884298	0.0247933884298	0.0330578512397	0.0247933884298	0.0413223140496	0.0247933884298	0.0247933884298	0.652892561983	
0.107438016529	0.0495867768595	0.0495867768595	0.0413223140496	0.0165289256198	0.00826446280992	0.0247933884298	0	0	0.00826446280992	0.694214876033	
0.0495867768595	0.0413223140496	0.0413223140496	0.0165289256198	0	0.00826446280992	0.0330578512397	0.0413223140496	0.00826446280992	0.00826446280992	0.752066115702	
0.0578512396694	0.0330578512397	0.0578512396694	0.0247933884298	0.0413223140496	0.0330578512397	0.0247933884298	0.00826446280992	0.00826446280992	0.00826446280992	0.702479338843	
0.0743801652893	0.0413223140496	0.0578512396694	0.00826446280992	0.0330578512397	0.00826446280992	0.0247933884298	0.0165289256198	0	0.0165289256198	0.719008264463	
0.0247933884298	0.0247933884298	0.0661157024793	0.0165289256198	0.0247933884298	0.00826446280992	0.0165289256198	0.0330578512397	0.00826446280992	0.00826446280992	0.768595041322	
0.0330578512397	0.0330578512397	0.0495867768595	0.0165289256198	0.0330578512397	0.0413223140496	0.0165289256198	0.00826446280992	0	0.0165289256198	0.752066115702	
0.0661157024793	0.0247933884298	0.0495867768595	0.0330578512397	0.0413223140496	0.0661157024793	0.0330578512397	0.00826446280992	0.0165289256198	0.00826446280992	0.652892561983	
0.0578512396694	0.0165289256198	0.0247933884298	0.00826446280992	0.00826446280992	0.0165289256198	0.0330578512397	0.0330578512397	0.0330578512397	0	0.768595041322	
0.0578512396694	0.0247933884298	0.0495867768595	0.0247933884298	0.0330578512397	0.0413223140496	0.0247933884298	0	0	0.00826446280992	0.735537190083	
0.0578512396694	0.0330578512397	0.0247933884298	0.00826446280992	0.0247933884298	0.0165289256198	0.0247933884298	0.0247933884298	0.00826446280992	0.0247933884298	0.752066115702	
0.0578512396694	0.0413223140496	0.0495867768595	0.0413223140496	0.0165289256198	0.0247933884298	0	0.0247933884298	0.0165289256198	0.00826446280992	0.719008264463	
0.0330578512397	0.0578512396694	0.0413223140496	0.0495867768595	0.00826446280992	0.00826446280992	0.0165289256198	0.0165289256198	0.0165289256198	0	0.752066115702	
0.0495867768595	0.0247933884298	0.0495867768595	0.0413223140496	0.0247933884298	0.0330578512397	0	0.00826446280992	0.0165289256198	0	0.752066115702	
0.0413223140496	0.107438016529	0.0578512396694	0.0247933884298	0.0495867768595	0.0413223140496	0.0247933884298	0.0165289256198	0.0165289256198	0.00826446280992	0.611570247934	
0.0165289256198	0.0495867768595	0.0165289256198	0	0.0247933884298	0.0165289256198	0.0495867768595	0.0165289256198	0.0247933884298	0.0247933884298	0.760330578512	
0.0165289256198	0.0165289256198	0.0413223140496	0.0330578512397	0.0495867768595	0.0413223140496	0.00826446280992	0	0.00826446280992	0.0330578512397	0.752066115702	
0.0247933884298	0.0413223140496	0.0165289256198	0.0247933884298	0.0247933884298	0.0247933884298	0.0495867768595	0.00826446280992	0.00826446280992	0.0247933884298	0.752066115702	
0.0165289256198	0	0.0165289256198	0.0247933884298	0.00826446280992	0.0330578512397	0.0330578512397	0.00826446280992	0.00826446280992	0.0247933884298	0.826446280992	
0	0.0165289256198	0.0165289256198	0.00826446280992	0.0330578512397	0.0247933884298	0.0165289256198	0	0.0247933884298	0	0.859504132231	
0.00826446280992	0.00826446280992	0.00826446280992	0.0413223140496	0.0165289256198	0.0330578512397	0.0413223140496	0.0165289256198	0	0.00826446280992	0.818181818182	
0.00826446280992	0	0.0165289256198	0.0165289256198	0.0247933884298	0.0165289256198	0.00826446280992	0.0247933884298	0	0.0247933884298	0.859504132231	
0.0165289256198	0.00826446280992	0	0.00826446280992	0.0495867768595	0.0330578512397	0.0165289256198	0.0330578512397	0	0.0165289256198	0.818181818182	
0.0495867768595	0.0330578512397	0.0495867768595	0.00826446280992	0.0247933884298	0.00826446280992	0.0165289256198	0.0247933884298	0.00826446280992	0.00826446280992	0.768595041322	
0.0909090909091	0.0495867768595	0.0578512396694	0	0.00826446280992	0.0247933884298	0.0330578512397	0	0	0.00826446280992	0.727272727273	
0.0495867768595	0.0165289256198	0.0661157024793	0.0165289256198	0.0330578512397	0.0247933884298	0.0413223140496	0.0330578512397	0.0247933884298	0.0165289256198	0.677685950413	
0.0661157024793	0.0413223140496	0.0661157024793	0.0165289256198	0.0247933884298	0.00826446280992	0.0330578512397	0.0165289256198	0.00826446280992	0.0165289256198	0.702479338843	
0.107438016529	0.0578512396694	0.0165289256198	0.00826446280992	0.0247933884298	0.0165289256198	0.0165289256198	0.0330578512397	0	0.00826446280992	0.710743801653	
0.0826446280992	0.0247933884298	0.0495867768595	0.0165289256198	0.0247933884298	0.0165289256198	0.0247933884298	0.0247933884298	0	0.0247933884298	0.710743801653	
0.0661157024793	0.0578512396694	0.0826446280992	0.00826446280992	0.00826446280992	0.0247933884298	0.0165289256198	0.0330578512397	0.0165289256198	0.0165289256198	0.669421487603	
0.0578512396694	0.0413223140496	0.099173553719	0.0247933884298	0.0165289256198	0.0165289256198	0.00826446280992	0.0247933884298	0	0	0.710743801653	
0.0413223140496	0.0495867768595	0.0330578512397	0.00826446280992	0.0165289256198	0.0165289256198	0.0247933884298	0.0413223140496	0	0.0165289256198	0.752066115702	
0.0743801652893	0.0578512396694	0.099173553719	0.00826446280992	0.0413223140496	0.0247933884298	0.0330578512397	0.00826446280992	0	0.00826446280992	0.644628099174	
0.0413223140496	0.0578512396694	0.0495867768595	0.0330578512397	0.0495867768595	0.00826446280992	0.0495867768595	0.0247933884298	0.00826446280992	0.00826446280992	0.669421487603	
0.0413223140496	0.0826446280992	0.0578512396694	0.0247933884298	0.0165289256198	0.0247933884298	0.0330578512397	0.0247933884298	0.0165289256198	0	0.677685950413	
0.0743801652893	0.0495867768595	0.0495867768595	0.0165289256198	0.0578512396694	0.0413223140496	0.00826446280992	0.0330578512397	0.00826446280992	0.00826446280992	0.652892561983	
0.0495867768595	0.0661157024793	0.0413223140496	0.0413223140496	0.0413223140496	0.0165289256198	0.0247933884298	0.00826446280992	0.00826446280992	0.00826446280992	0.694214876033	
0.0743801652893	0.0330578512397	0.0495867768595	0.0330578512397	0.0165289256198	0.0413223140496	0.00826446280992	0.00826446280992	0	0	0.735537190083	
0.0909090909091	0.0578512396694	0.0826446280992	0.0495867768595	0.0247933884298	0.0247933884298	0.0165289256198	0	0.0165289256198	0	0.636363636364	
0.0743801652893	0.0413223140496	0.0909090909091	0.0330578512397	0.0247933884298	0.0330578512397	0.0247933884298	0.0247933884298	0.00826446280992	0.00826446280992	0.636363636364	
0.0661157024793	0.0330578512397	0.0495867768595	0.0165289256198	0.00826446280992	0.0330578512397	0.0247933884298	0.0165289256198	0.0165289256198	0.00826446280992	0.727272727273	
0.0826446280992	0.0743801652893	0.0909090909091	0.0247933884298	0	0.0330578512397	0.00826446280992	0.00826446280992	0.0247933884298	0.0165289256198	0.636363636364	
0.0826446280992	0	0.0495867768595	0.0330578512397	0.0495867768595	0.0330578512397	0.0413223140496	0.0330578512397	0.0165289256198	0.00826446280992	0.652892561983	
0.0330578512397	0.0495867768595	0.0826446280992	0.0165289256198	0.0165289256198	0.0413223140496	0.0165289256198	0	0.0165289256198	0	0.727272727273	
0.0413223140496	0.107438016529	0.0495867768595	0.00826446280992	0.00826446280992	0.0165289256198	0	0.0165289256198	0.00826446280992	0.00826446280992	0.735537190083	
0.0578512396694	0.0743801652893	0.0330578512397	0.0165289256198	0.0247933884298	0.00826446280992	0.00826446280992	0.0330578512397	0.0247933884298	0.0247933884298	0.694214876033	
0.0661157024793	0.0495867768595	0.0661157024793	0.00826446280992	0.0661157024793	0.0578512396694	0.0165289256198	0.00826446280992	0	0.00826446280992	0.652892561983	
0.0743801652893	0.0578512396694	0.0743801652893	0.0247933884298	0.0247933884298	0.0165289256198	0.00826446280992	0.00826446280992	0.00826446280992	0.00826446280992	0.694214876033	
0.0578512396694	0.0578512396694	0.0413223140496	0.0165289256198	0.0330578512397	0.0578512396694	0.0247933884298	0.00826446280992	0.0165289256198	0.00826446280992	0.677685950413	
0.099173553719	0.0578512396694	0.00826446280992	0.0165289256198	0.0247933884298	0.0330578512397	0.0247933884298	0.0165289256198	0	0.0247933884298	0.694214876033	
0.0826446280992	0.0247933884298	0.0330578512397	0	0.0247933884298	0.00826446280992	0.0247933884298	0.0165289256198	0.0165289256198	0.0165289256198	0.752066115702	
0.0495867768595	0.0247933884298	0.0330578512397	0.0330578512397	0.00826446280992	0.0330578512397	0.0165289256198	0.00826446280992	0.0165289256198	0.0247933884298	0.752066115702	
0.0495867768595	0.0578512396694	0.0495867768595	0.00826446280992	0.0495867768595	0.0330578512397	0.0578512396694	0.00826446280992	0	0	0.685950413223	
0.0165289256198	0.0413223140496	0.0330578512397	0.0165289256198	0.0413223140496	0.0330578512397	0.0495867768595	0.00826446280992	0.0165289256198	0.00826446280992	0.735537190083	
0.0578512396694	0.0661157024793	0.0826446280992	0.0165289256198	0.0247933884298	0.0247933884298	0	0.0165289256198	0	0.00826446280992	0.702479338843	
0.0495867768595	0.0743801652893	0.0413223140496	0.0330578512397	0.0413223140496	0	0.0247933884298	0.00826446280992	0.0330578512397	0.0165289256198	0.677685950413	
0.0330578512397	0.0330578512397	0.0330578512397	0	0.0330578512397	0.0413223140496	0.0247933884298	0.0165289256198	0.0247933884298	0.0247933884298	0.735537190083	
0.0743801652893	0.0247933884298	0.0330578512397	0.00826446280992	0.0330578512397	0.0165289256198	0.0165289256198	0.0330578512397	0.00826446280992	0.0165289256198	0.735537190083	
0.0909090909091	0.0330578512397	0.0743801652893	0.0165289256198	0.0165289256198	0.0495867768595	0.00826446280992	0.00826446280992	0.00826446280992	0	0.694214876033	
0.107438016529	0.0826446280992	0.0495867768595	0.00826446280992	0.0165289256198	0.0165289256198	0.00826446280992	0.00826446280992	0	0	0.702479338843	
0.123966942149	0.0495867768595	0.0661157024793	0.0165289256198	0.0413223140496	0.0247933884298	0.0165289256198	0.00826446280992	0.0247933884298	0.00826446280992	0.619834710744	
0.0909090909091	0.0495867768595	0.0330578512397	0.0413223140496	0.0165289256198	0.0330578512397	0.0165289256198	0	0	0.0165289256198	0.702479338843	
0.0330578512397	0.0413223140496	0.0743801652893	0.00826446280992	0.0165289256198	0.0413223140496	0	0.0165289256198	0	0.0247933884298	0.743801652893	
0.0826446280992	0.0330578512397	0.0165289256198	0.0247933884298	0.00826446280992	0.0661157024793	0.0330578512397	0	0	0.00826446280992	0.727272727273	
0.0661157024793	0.0413223140496	0.0743801652893	0.0495867768595	0.0578512396694	0.0247933884298	0	0.0165289256198	0	0	0.669421487603	
0.0247933884298	0.0413223140496	0.0495867768595	0.0165289256198	0.0330578512397	0.0743801652893	0.0330578512397	0.00826446280992	0	0.00826446280992	0.710743801653	
0.0743801652893	0.0661157024793	0.0578512396694	0	0.0413223140496	0.0330578512397	0	0.00826446280992	0.00826446280992	0	0.710743801653	
0.0743801652893	0.0578512396694	0.0743801652893	0.00826446280992	0.0330578512397	0.0413223140496	0.0247933884298	0.00826446280992	0.0165289256198	0.0330578512397	0.628099173554	
0.0578512396694	0.0578512396694	0.0495867768595	0	0.0330578512397	0.0247933884298	0.0247933884298	0.00826446280992	0	0.00826446280992	0.735537190083	
0.0578512396694	0.0330578512397	0.0826446280992	0.0413223140496	0.0165289256198	0.0330578512397	0.0165289256198	0.0165289256198	0.0247933884298	0.0165289256198	0.661157024793	
0.0495867768595	0.0578512396694	0.0661157024793	0.0247933884298	0.0165289256198	0.0165289256198	0.0413223140496	0.0165289256198	0.0165289256198	0.00826446280992	0.685950413223	
0.0661157024793	0.0578512396694	0.0330578512397	0	0	0	0.00826446280992	0	0	0.00826446280992	0.826446280992	
0.0413223140496	0.0247933884298	0.0826446280992	0.0165289256198	0.0165289256198	0.0413223140496	0.0165289256198	0	0.0165289256198	0.00826446280992	0.735537190083	
0.0578512396694	0.0743801652893	0.0495867768595	0.0247933884298	0.0165289256198	0.0165289256198	0.0330578512397	0.0413223140496	0	0	0.685950413223	
0.0743801652893	0.0661157024793	0.0247933884298	0	0.00826446280992	0.0247933884298	0.00826446280992	0	0.00826446280992	0.00826446280992	0.776859504132	
0.0495867768595	0.0495867768595	0.0661157024793	0.00826446280992	0.0413223140496	0.00826446280992	0.00826446280992	0.00826446280992	0.00826446280992	0.0165289256198	0.735537190083	
0.0165289256198	0.0495867768595	0.0743801652893	0.0165289256198	0.0165289256198	0.0247933884298	0.00826446280992	0.0165289256198	0.0165289256198	0.0247933884298	0.735537190083	
0.0661157024793	0.0909090909091	0.099173553719	0.0165289256198	0.0661157024793	0.0165289256198	0.0578512396694	0	0.00826446280992	0.00826446280992	0.570247933884	
0.0826446280992	0.0247933884298	0.099173553719	0.0165289256198	0.0330578512397	0	0.0165289256198	0.0165289256198	0.00826446280992	0.00826446280992	0.694214876033	
0.0413223140496	0.0826446280992	0	0.0247933884298	0.00826446280992	0.0826446280992	0.00826446280992	0.0247933884298	0.0165289256198	0.00826446280992	0.702479338843	
0.0909090909091	0.0330578512397	0.0247933884298	0.00826446280992	0.0247933884298	0.0247933884298	0.0495867768595	0.0165289256198	0.00826446280992	0.00826446280992	0.710743801653	
0.0661157024793	0.0909090909091	0.107438016529	0.0247933884298	0.0247933884298	0.0247933884298	0.0165289256198	0.00826446280992	0	0.00826446280992	0.628099173554	
0.0909090909091	0.0578512396694	0.0495867768595	0.0330578512397	0.0165289256198	0.0578512396694	0.0165289256198	0.00826446280992	0.0165289256198	0	0.652892561983	
0.0826446280992	0.0578512396694	0.107438016529	0.0247933884298	0.0165289256198	0.0578512396694	0.0330578512397	0.00826446280992	0.00826446280992	0.0165289256198	0.586776859504	
0.0578512396694	0.0413223140496	0.0909090909091	0.0330578512397	0.0247933884298	0.0413223140496	0.0330578512397	0	0.0165289256198	0.00826446280992	0.652892561983	
0.0578512396694	0.0247933884298	0.0413223140496	0.00826446280992	0.0247933884298	0.0495867768595	0.00826446280992	0.00826446280992	0	0.00826446280992	0.768595041322	
0.0578512396694	0.0578512396694	0.0165289256198	0.0330578512397	0.0495867768595	0.0495867768595	0.0165289256198	0	0	0	0.719008264463	
0.0826446280992	0.0909090909091	0.0495867768595	0.0165289256198	0.0247933884298	0.00826446280992	0.0165289256198	0.0247933884298	0.00826446280992	0.00826446280992	0.669421487603	
0.0578512396694	0.0495867768595	0.0413223140496	0.00826446280992	0.00826446280992	0.0330578512397	0.0330578512397	0.00826446280992	0.0247933884298	0	0.735537190083	
0.0578512396694	0.0909090909091	0.0661157024793	0.0247933884298	0.0330578512397	0.0165289256198	0.0413223140496	0	0	0.00826446280992	0.661157024793	
0.0661157024793	0.0909090909091	0.0495867768595	0.00826446280992	0.0247933884298	0.0578512396694	0.0413223140496	0.00826446280992	0.00826446280992	0.00826446280992	0.636363636364	
0.0743801652893	0.0743801652893	0.0661157024793	0	0.0330578512397	0.0330578512397	0.0165289256198	0.00826446280992	0	0	0.694214876033	
0.099173553719	0.0578512396694	0.0661157024793	0.0247933884298	0.0330578512397	0.00826446280992	0.0413223140496	0	0.0165289256198	0	0.652892561983	
0.0826446280992	0.0743801652893	0.0578512396694	0.0247933884298	0.0330578512397	0.0330578512397	0.0330578512397	0.00826446280992	0	0.0165289256198	0.636363636364	
0.0495867768595	0.0330578512397	0.0413223140496	0.0247933884298	0.0495867768595	0.0247933884298	0.00826446280992	0	0	0.00826446280992	0.760330578512	
0.0909090909091	0.0578512396694	0.0661157024793	0.0330578512397	0.0330578512397	0.0247933884298	0.00826446280992	0.0330578512397	0.00826446280992	0.0330578512397	0.611570247934	
0.0909090909091	0.0743801652893	0.0826446280992	0.0247933884298	0.0165289256198	0	0.00826446280992	0.00826446280992	0.00826446280992	0.0165289256198	0.669421487603	
0.0247933884298	0.0578512396694	0.0661157024793	0	0.0247933884298	0.0578512396694	0.0165289256198	0.0247933884298	0.0330578512397	0.0247933884298	0.669421487603	
0.0578512396694	0.0495867768595	0.0413223140496	0.0165289256198	0.0247933884298	0.0330578512397	0.0247933884298	0.00826446280992	0.0165289256198	0.0165289256198	0.710743801653	
0.0661157024793	0.0909090909091	0.0495867768595	0.0330578512397	0.0413223140496	0.00826446280992	0.0165289256198	0.00826446280992	0.0330578512397	0	0.652892561983	
0.0578512396694	0.0413223140496	0.0330578512397	0.00826446280992	0.0413223140496	0.0413223140496	0.0330578512397	0.0165289256198	0.00826446280992	0	0.719008264463	
0.0661157024793	0.0165289256198	0.0413223140496	0.0413223140496	0.0413223140496	0.0330578512397	0.0247933884298	0.0330578512397	0.0247933884298	0	0.677685950413	
0.0743801652893	0.0826446280992	0.0578512396694	0.0165289256198	0.0165289256198	0.0413223140496	0.0165289256198	0.0247933884298	0	0.00826446280992	0.661157024793	
0.0578512396694	0.0495867768595	0.0661157024793	0.0330578512397	0.0247933884298	0	0.00826446280992	0.00826446280992	0.0330578512397	0.00826446280992	0.710743801653	
0.0826446280992	0.0413223140496	0.107438016529	0.00826446280992	0.0247933884298	0.0413223140496	0.0247933884298	0.0165289256198	0	0.0165289256198	0.636363636364	
0.0247933884298	0.0330578512397	0.0578512396694	0.0165289256198	0.0330578512397	0.0247933884298	0.0413223140496	0.00826446280992	0.0165289256198	0	0.743801652893	
0.0826446280992	0.0165289256198	0.0247933884298	0	0.0330578512397	0.00826446280992	0	0.0165289256198	0.0165289256198	0.00826446280992	0.793388429752	
0.0661157024793	0.0413223140496	0.0413223140496	0.0165289256198	0.00826446280992	0.0330578512397	0.0247933884298	0.00826446280992	0.00826446280992	0.0247933884298	0.727272727273	
0.0826446280992	0.0826446280992	0.0247933884298	0.0330578512397	0.0247933884298	0.0330578512397	0.0743801652893	0.00826446280992	0.00826446280992	0.0330578512397	0.595041322314	
0.0495867768595	0.0165289256198	0.0330578512397	0.00826446280992	0.0330578512397	0.0247933884298	0.00826446280992	0	0.00826446280992	0.00826446280992	0.809917355372	
0.0743801652893	0.0909090909091	0.0495867768595	0.0330578512397	0.0330578512397	0.0330578512397	0.0247933884298	0.0165289256198	0.0247933884298	0.00826446280992	0.611570247934	
0.0247933884298	0.0661157024793	0.0330578512397	0.00826446280992	0.0330578512397	0.0165289256198	0.0247933884298	0.0247933884298	0	0	0.768595041322	
0.0661157024793	0.0826446280992	0.0330578512397	0.0247933884298	0.0247933884298	0.0165289256198	0	0.0247933884298	0.00826446280992	0.0165289256198	0.702479338843	
0.0578512396694	0.0909090909091	0.0330578512397	0.00826446280992	0.0165289256198	0.0413223140496	0.0413223140496	0.0247933884298	0.00826446280992	0.00826446280992	0.669421487603	
0.0578512396694	0.0247933884298	0.0661157024793	0	0.0578512396694	0.0165289256198	0.0330578512397	0.00826446280992	0.0247933884298	0	0.710743801653	
0.0661157024793	0.0743801652893	0.0743801652893	0.0247933884298	0.0578512396694	0.0330578512397	0.0247933884298	0.0165289256198	0.0247933884298	0.0165289256198	0.586776859504	
0.0578512396694	0.0330578512397	0.0578512396694	0.0165289256198	0.0247933884298	0.0330578512397	0.0330578512397	0.00826446280992	0	0.0165289256198	0.719008264463	
0.0413223140496	0.0330578512397	0.0743801652893	0.0165289256198	0.0165289256198	0.0330578512397	0.0165289256198	0	0.00826446280992	0	0.760330578512	
0.0661157024793	0.0743801652893	0.0661157024793	0.0413223140496	0.0413223140496	0.0165289256198	0.0165289256198	0.00826446280992	0.00826446280992	0.0247933884298	0.636363636364	
0.0578512396694	0.0247933884298	0.0578512396694	0.0165289256198	0.0413223140496	0.0330578512397	0.0165289256198	0.0330578512397	0.0495867768595	0.0165289256198	0.652892561983	
0.0661157024793	0.0578512396694	0.0743801652893	0.0165289256198	0.0247933884298	0.0330578512397	0.00826446280992	0.0247933884298	0.0165289256198	0.00826446280992	0.669421487603	
0.0165289256198	0.0661157024793	0.0578512396694	0.0165289256198	0.0661157024793	0	0.0247933884298	0	0.0247933884298	0.0247933884298	0.702479338843	
0.0909090909091	0.0495867768595	0.0578512396694	0.00826446280992	0.0330578512397	0.0165289256198	0.0661157024793	0.00826446280992	0.0247933884298	0.00826446280992	0.636363636364	
0.123966942149	0.0578512396694	0.0661157024793	0.0413223140496	0.0661157024793	0.0247933884298	0.0247933884298	0.0165289256198	0.00826446280992	0.00826446280992	0.561983471074	
0.0495867768595	0.0413223140496	0.0330578512397	0.0247933884298	0.0413223140496	0.0247933884298	0.0165289256198	0	0.00826446280992	0.0247933884298	0.735537190083	
0.0743801652893	0.0495867768595	0.0495867768595	0.00826446280992	0.0330578512397	0.0330578512397	0.0413223140496	0.0165289256198	0.00826446280992	0.00826446280992	0.677685950413	
0.0413223140496	0.0495867768595	0.0495867768595	0.00826446280992	0.0330578512397	0.0330578512397	0.0165289256198	0.0413223140496	0	0.00826446280992	0.719008264463	
0.0661157024793	0.0495867768595	0.0578512396694	0.0247933884298	0.0578512396694	0.0330578512397	0.0165289256198	0.0165289256198	0.0165289256198	0.00826446280992	0.652892561983	
0.0330578512397	0.0330578512397	0.0578512396694	0.0247933884298	0.0165289256198	0.0247933884298	0.0165289256198	0.00826446280992	0	0.0247933884298	0.760330578512	
0.0413223140496	0.0247933884298	0.0495867768595	0.0165289256198	0.0413223140496	0.0413223140496	0	0.0165289256198	0.00826446280992	0.0165289256198	0.743801652893	
0.0413223140496	0.0413223140496	0.0661157024793	0.0247933884298	0.00826446280992	0.00826446280992	0.0330578512397	0.0165289256198	0	0.0165289256198	0.743801652893	
0.0578512396694	0.0330578512397	0.0578512396694	0.0247933884298	0.0330578512397	0.0413223140496	0.0165289256198	0.0247933884298	0.0247933884298	0.00826446280992	0.677685950413	
0.115702479339	0.0495867768595	0.0330578512397	0.00826446280992	0.0247933884298	0.0330578512397	0.00826446280992	0.00826446280992	0.0165289256198	0.0330578512397	0.669421487603	
0.0743801652893	0.099173553719	0.0330578512397	0.00826446280992	0.0165289256198	0.0330578512397	0.0165289256198	0.0165289256198	0.00826446280992	0	0.694214876033	
0.0578512396694	0.0578512396694	0.0743801652893	0.0165289256198	0.0247933884298	0.0165289256198	0.0165289256198	0.0165289256198	0.0330578512397	0.00826446280992	0.677685950413	
0.0495867768595	0.0495867768595	0.0330578512397	0.00826446280992	0.0578512396694	0.0247933884298	0.0413223140496	0.00826446280992	0.00826446280992	0	0.719008264463	
0.0330578512397	0.0330578512397	0.0413223140496	0.00826446280992	0.0247933884298	0.0330578512397	0.0247933884298	0.0247933884298	0.0165289256198	0.00826446280992	0.752066115702	
0.0330578512397	0.0413223140496	0.0247933884298	0.0247933884298	0	0.0165289256198	0.0330578512397	0.00826446280992	0.0165289256198	0	0.801652892562	
0.0909090909091	0.0330578512397	0.0495867768595	0.0165289256198	0.0247933884298	0.0495867768595	0.0165289256198	0.00826446280992	0	0.00826446280992	0.702479338843	
0.0743801652893	0.0330578512397	0.0413223140496	0.00826446280992	0.0495867768595	0.0247933884298	0.00826446280992	0.0165289256198	0	0.0330578512397	0.710743801653	
0.0661157024793	0.0743801652893	0.0330578512397	0.0413223140496	0.0247933884298	0.0495867768595	0.0247933884298	0.0165289256198	0.0413223140496	0.0330578512397	0.595041322314	
0.0495867768595	0.0330578512397	0.0330578512397	0.0247933884298	0.0413223140496	0.0413223140496	0.00826446280992	0.0330578512397	0.0247933884298	0.0247933884298	0.685950413223	
0.0578512396694	0.0661157024793	0.0578512396694	0.0165289256198	0.0247933884298	0.0247933884298	0.0495867768595	0.00826446280992	0.0165289256198	0	0.677685950413	
0.0330578512397	0.0743801652893	0.0909090909091	0.00826446280992	0.00826446280992	0.0165289256198	0.0413223140496	0	0.00826446280992	0.0165289256198	0.702479338843	
0.0247933884298	0.0165289256198	0.0165289256198	0.0247933884298	0.00826446280992	0	0.0413223140496	0	0.00826446280992	0.00826446280992	0.851239669421	
0	0	0.00826446280992	0.0247933884298	0	0	0	0	0	0	0.96694214876	
0.0165289256198	0	0	0	0	0	0	0	0	0	0.98347107438	
0	0	0	0	0	0	0	0	0	0	1.0	
0	0	0	0	0	0	0	0	0	0	1.0	
0	0	0	0	0	0	0	0	0	0	1.0	
0	0	0	0	0	0	0	0	0	0	1.0	
