0.0404624277457	0.0173410404624	0.0462427745665	0.0231213872832	0.0173410404624	0	0.00578034682081	0.00578034682081	0.00578034682081	0	0.838150289017	
0.0231213872832	0.0462427745665	0.0462427745665	0.0346820809249	0.0115606936416	0.00578034682081	0.0115606936416	0.00578034682081	0	0.0115606936416	0.803468208092	
0.0520231213873	0.0346820809249	0.0751445086705	0.028901734104	0.0520231213873	0.0173410404624	0	0.0115606936416	0	0.0115606936416	0.71676300578	
0.0231213872832	0.0404624277457	0.0520231213873	0.0404624277457	0.0346820809249	0.0115606936416	0.00578034682081	0.0115606936416	0.0231213872832	0.0173410404624	0.739884393064	
0.028901734104	0.0173410404624	0.0404624277457	0.0462427745665	0.0173410404624	0.00578034682081	0.00578034682081	0.0173410404624	0	0.0115606936416	0.809248554913	
0.0173410404624	0.0404624277457	0.0635838150289	0.028901734104	0.0462427745665	0.028901734104	0.0115606936416	0.00578034682081	0.00578034682081	0.00578034682081	0.745664739884	
0.0231213872832	0.028901734104	0.0520231213873	0.0346820809249	0.028901734104	0.0173410404624	0.00578034682081	0.0231213872832	0	0.0115606936416	0.774566473988	
0.0173410404624	0.0635838150289	0.0520231213873	0.0346820809249	0.0231213872832	0.028901734104	0.00578034682081	0.0115606936416	0.00578034682081	0	0.757225433526	
0.0173410404624	0.0693641618497	0.0404624277457	0.0578034682081	0.028901734104	0.0231213872832	0.00578034682081	0.028901734104	0.00578034682081	0.0173410404624	0.705202312139	
0.0115606936416	0.0231213872832	0.0578034682081	0.0173410404624	0.0404624277457	0.00578034682081	0.0115606936416	0.0173410404624	0.00578034682081	0.0115606936416	0.797687861272	
0.028901734104	0.0462427745665	0.028901734104	0.0520231213873	0.0693641618497	0.00578034682081	0.00578034682081	0.0115606936416	0	0.0231213872832	0.728323699422	
0.0173410404624	0.0635838150289	0.0809248554913	0.0173410404624	0.028901734104	0	0.00578034682081	0.028901734104	0	0	0.757225433526	
0.0115606936416	0.0751445086705	0.0520231213873	0.0462427745665	0.0231213872832	0	0.0115606936416	0.028901734104	0	0.00578034682081	0.745664739884	
0.0404624277457	0.028901734104	0.0693641618497	0.0231213872832	0.028901734104	0.0115606936416	0.00578034682081	0	0	0.0115606936416	0.780346820809	
0.028901734104	0.0693641618497	0.0404624277457	0.0346820809249	0.0115606936416	0.0115606936416	0	0.0115606936416	0	0	0.791907514451	
0.0404624277457	0.0173410404624	0.0404624277457	0.0231213872832	0.0173410404624	0.0115606936416	0	0.0231213872832	0.00578034682081	0.0115606936416	0.809248554913	
0.0346820809249	0.0520231213873	0.0520231213873	0.028901734104	0.0520231213873	0.0346820809249	0	0.0115606936416	0.00578034682081	0.0115606936416	0.71676300578	
0.0462427745665	0.0578034682081	0.0404624277457	0.0462427745665	0.0346820809249	0.0173410404624	0.00578034682081	0.0173410404624	0.00578034682081	0.0173410404624	0.71098265896	
0.0115606936416	0.0404624277457	0.0751445086705	0.0462427745665	0.0115606936416	0.00578034682081	0	0.0173410404624	0.00578034682081	0.00578034682081	0.780346820809	
0.0346820809249	0.0231213872832	0.0404624277457	0.0578034682081	0.00578034682081	0.0115606936416	0.00578034682081	0.00578034682081	0.0173410404624	0.00578034682081	0.791907514451	
0.0115606936416	0.028901734104	0.0462427745665	0.0346820809249	0.0404624277457	0.0231213872832	0.00578034682081	0.00578034682081	0.0115606936416	0.00578034682081	0.78612716763	
0.0809248554913	0.0231213872832	0.0520231213873	0.0231213872832	0.028901734104	0.00578034682081	0.00578034682081	0.0231213872832	0	0.0173410404624	0.739884393064	
0.0115606936416	0.0346820809249	0.0520231213873	0.0346820809249	0.0231213872832	0.00578034682081	0.00578034682081	0.0115606936416	0.00578034682081	0.0173410404624	0.797687861272	
0.0520231213873	0.0115606936416	0.0635838150289	0.0462427745665	0.0404624277457	0.028901734104	0	0.0115606936416	0.0173410404624	0.0173410404624	0.71098265896	
0.0231213872832	0.0693641618497	0.0520231213873	0.028901734104	0.028901734104	0.0231213872832	0.0115606936416	0.0173410404624	0.0115606936416	0.0173410404624	0.71676300578	
0.0231213872832	0.0346820809249	0.0635838150289	0.0346820809249	0.028901734104	0	0.00578034682081	0.0115606936416	0.00578034682081	0	0.791907514451	
0.0346820809249	0.0635838150289	0.0404624277457	0.0231213872832	0.0404624277457	0.0115606936416	0.00578034682081	0.0173410404624	0.0115606936416	0.0346820809249	0.71676300578	
0.0578034682081	0.0346820809249	0.0867052023121	0.0462427745665	0.0231213872832	0.0115606936416	0.0115606936416	0.0115606936416	0.0115606936416	0.00578034682081	0.699421965318	
0.0462427745665	0.0115606936416	0.0231213872832	0	0.0404624277457	0.0115606936416	0.0115606936416	0	0	0.00578034682081	0.849710982659	
0.028901734104	0.0520231213873	0.0635838150289	0.0231213872832	0.0404624277457	0.0173410404624	0	0	0.00578034682081	0.0115606936416	0.757225433526	
0.0462427745665	0.0404624277457	0.0462427745665	0.0173410404624	0.0404624277457	0.028901734104	0.0115606936416	0.0115606936416	0.0173410404624	0.0115606936416	0.728323699422	
0.0520231213873	0.0173410404624	0.0404624277457	0.0404624277457	0.0404624277457	0.0115606936416	0.00578034682081	0.0173410404624	0.00578034682081	0.00578034682081	0.763005780347	
0.0462427745665	0.0520231213873	0.0520231213873	0.0404624277457	0.0462427745665	0.028901734104	0.0115606936416	0.0115606936416	0.0115606936416	0.0115606936416	0.687861271676	
0.028901734104	0.0173410404624	0.0693641618497	0.0231213872832	0.0173410404624	0.0173410404624	0.0115606936416	0.0173410404624	0.0115606936416	0	0.78612716763	
0.0231213872832	0.0520231213873	0.0635838150289	0.0462427745665	0.00578034682081	0.00578034682081	0.0173410404624	0.00578034682081	0.0231213872832	0.0115606936416	0.745664739884	
0.00578034682081	0.0520231213873	0.0520231213873	0.0115606936416	0.028901734104	0.0115606936416	0.0173410404624	0.0115606936416	0	0.0173410404624	0.791907514451	
0.0404624277457	0.0404624277457	0.0635838150289	0.0462427745665	0.00578034682081	0.0173410404624	0.0115606936416	0.00578034682081	0.0115606936416	0.0115606936416	0.745664739884	
0.028901734104	0.0578034682081	0.0231213872832	0.0578034682081	0.0462427745665	0	0.0115606936416	0.0115606936416	0	0.0231213872832	0.739884393064	
0.0173410404624	0.028901734104	0.0346820809249	0.0173410404624	0.028901734104	0.00578034682081	0.0115606936416	0.0231213872832	0.0115606936416	0.0173410404624	0.803468208092	
0.0173410404624	0.0231213872832	0.0173410404624	0.0231213872832	0.0462427745665	0.00578034682081	0.00578034682081	0.0404624277457	0	0.00578034682081	0.815028901734	
0.0404624277457	0.0231213872832	0.0462427745665	0.0346820809249	0.0346820809249	0.0115606936416	0.0115606936416	0.0462427745665	0	0.00578034682081	0.745664739884	
0.0462427745665	0.028901734104	0.0346820809249	0.0346820809249	0.0231213872832	0.0115606936416	0	0.0462427745665	0.0115606936416	0.0115606936416	0.751445086705	
0.00578034682081	0.0346820809249	0.0462427745665	0.0173410404624	0.0173410404624	0.028901734104	0.0115606936416	0.0173410404624	0	0.0115606936416	0.809248554913	
0.0231213872832	0.0462427745665	0.0635838150289	0.0173410404624	0.0231213872832	0.0346820809249	0.00578034682081	0.0346820809249	0.00578034682081	0	0.745664739884	
0.0173410404624	0.0462427745665	0.0346820809249	0.0404624277457	0.0173410404624	0.0173410404624	0	0.00578034682081	0.0115606936416	0.0115606936416	0.797687861272	
0.0404624277457	0.028901734104	0.0520231213873	0.0173410404624	0.00578034682081	0.0231213872832	0.00578034682081	0.0115606936416	0.0173410404624	0.0346820809249	0.763005780347	
0.0346820809249	0.0173410404624	0.0751445086705	0.0404624277457	0.028901734104	0.0115606936416	0.028901734104	0.0173410404624	0.0231213872832	0.0173410404624	0.705202312139	
0.0635838150289	0.0578034682081	0.0520231213873	0.0462427745665	0.0346820809249	0.00578034682081	0.0173410404624	0.0115606936416	0.00578034682081	0.0173410404624	0.687861271676	
0.0404624277457	0.0462427745665	0.0520231213873	0.0231213872832	0.0173410404624	0.0173410404624	0	0.0346820809249	0.0173410404624	0.0115606936416	0.739884393064	
0.0173410404624	0.0346820809249	0.0635838150289	0.028901734104	0.0346820809249	0.0231213872832	0.0173410404624	0.00578034682081	0	0.00578034682081	0.768786127168	
0.028901734104	0.0520231213873	0.0520231213873	0.0231213872832	0.0231213872832	0.028901734104	0.0115606936416	0.00578034682081	0.0173410404624	0.0115606936416	0.745664739884	
0.0404624277457	0.0231213872832	0.0231213872832	0.0578034682081	0.0173410404624	0.0115606936416	0.00578034682081	0.0231213872832	0.00578034682081	0.0231213872832	0.768786127168	
0.028901734104	0.0346820809249	0.028901734104	0.0346820809249	0.0173410404624	0.028901734104	0.0115606936416	0	0	0.0346820809249	0.780346820809	
0.0346820809249	0.0809248554913	0.0346820809249	0.0115606936416	0.0346820809249	0.0115606936416	0.0173410404624	0.0231213872832	0.00578034682081	0.0115606936416	0.734104046243	
0.0173410404624	0.0404624277457	0.0520231213873	0.0462427745665	0.0173410404624	0.0173410404624	0.0115606936416	0	0	0.0115606936416	0.78612716763	
0.0404624277457	0.0462427745665	0.0578034682081	0.0346820809249	0.0346820809249	0.00578034682081	0	0	0	0.0115606936416	0.768786127168	
0.028901734104	0.0231213872832	0.0462427745665	0.028901734104	0.0462427745665	0	0.0115606936416	0.00578034682081	0.00578034682081	0.0115606936416	0.791907514451	
0.0231213872832	0.0346820809249	0.0404624277457	0.0578034682081	0.0404624277457	0.0231213872832	0.0173410404624	0.00578034682081	0	0.028901734104	0.728323699422	
0.0231213872832	0.0462427745665	0.0462427745665	0.0404624277457	0.0404624277457	0.0173410404624	0	0.0115606936416	0	0.0115606936416	0.763005780347	
0.028901734104	0.0346820809249	0.0462427745665	0.0346820809249	0.0520231213873	0	0	0.0173410404624	0	0.00578034682081	0.780346820809	
0.0346820809249	0.0231213872832	0.0578034682081	0.00578034682081	0.028901734104	0.028901734104	0.00578034682081	0.0173410404624	0.0231213872832	0.0115606936416	0.763005780347	
0	0.0346820809249	0.028901734104	0.0231213872832	0.0115606936416	0.0231213872832	0	0.00578034682081	0.00578034682081	0.0346820809249	0.832369942197	
0.0115606936416	0.0462427745665	0.0404624277457	0.0693641618497	0.0231213872832	0.0346820809249	0.0115606936416	0.0173410404624	0	0.00578034682081	0.739884393064	
0.028901734104	0.0404624277457	0.0520231213873	0.0520231213873	0.0346820809249	0.00578034682081	0	0.028901734104	0.00578034682081	0.0115606936416	0.739884393064	
0.028901734104	0.0231213872832	0.0578034682081	0.0346820809249	0.0346820809249	0.0173410404624	0.0173410404624	0.00578034682081	0.0231213872832	0.00578034682081	0.751445086705	
0.0462427745665	0.0404624277457	0.0462427745665	0.0231213872832	0.0231213872832	0.0115606936416	0.0231213872832	0.0173410404624	0	0.0115606936416	0.757225433526	
0.0346820809249	0.0346820809249	0.0635838150289	0.0173410404624	0.0115606936416	0.0173410404624	0.00578034682081	0.0115606936416	0.0115606936416	0.00578034682081	0.78612716763	
0.028901734104	0.0462427745665	0.0578034682081	0.028901734104	0.0231213872832	0.0231213872832	0.0115606936416	0.0231213872832	0.0115606936416	0.0173410404624	0.728323699422	
0.0346820809249	0.028901734104	0.0578034682081	0.0173410404624	0.0173410404624	0.0173410404624	0.0173410404624	0.028901734104	0.00578034682081	0.0173410404624	0.757225433526	
0.028901734104	0.0404624277457	0.0578034682081	0.0635838150289	0.028901734104	0.00578034682081	0.0115606936416	0.0115606936416	0.00578034682081	0.0115606936416	0.734104046243	
0.0346820809249	0.0404624277457	0.0520231213873	0.028901734104	0.0173410404624	0.0115606936416	0.0173410404624	0.0173410404624	0.00578034682081	0.00578034682081	0.768786127168	
0.0346820809249	0.0578034682081	0.0462427745665	0.028901734104	0.0173410404624	0.0173410404624	0.0115606936416	0.0231213872832	0.0115606936416	0.00578034682081	0.745664739884	
0.0346820809249	0.0462427745665	0.0346820809249	0.0462427745665	0.0231213872832	0.0173410404624	0	0.0115606936416	0	0.00578034682081	0.780346820809	
0.0751445086705	0.0404624277457	0.028901734104	0.0173410404624	0.00578034682081	0.00578034682081	0.0115606936416	0.0115606936416	0	0.0115606936416	0.791907514451	
0.0404624277457	0.0346820809249	0.0346820809249	0.028901734104	0.0462427745665	0.0173410404624	0.00578034682081	0.00578034682081	0.00578034682081	0.0115606936416	0.768786127168	
0.0346820809249	0.028901734104	0.0404624277457	0.0115606936416	0.0346820809249	0.0115606936416	0.00578034682081	0.0231213872832	0	0	0.809248554913	
0.0346820809249	0.0635838150289	0.0520231213873	0.028901734104	0.0346820809249	0.0115606936416	0.0115606936416	0.00578034682081	0.00578034682081	0.0115606936416	0.739884393064	
0.0346820809249	0.0635838150289	0.0693641618497	0.0404624277457	0.00578034682081	0.0346820809249	0.00578034682081	0	0	0.0231213872832	0.722543352601	
0.0462427745665	0.0346820809249	0.028901734104	0.0462427745665	0.00578034682081	0.0578034682081	0.00578034682081	0.0173410404624	0.00578034682081	0.00578034682081	0.745664739884	
0.0115606936416	0.0173410404624	0.0173410404624	0.0173410404624	0.0231213872832	0.0173410404624	0.0115606936416	0.0231213872832	0	0.0115606936416	0.849710982659	
0.0462427745665	0.0404624277457	0.0462427745665	0.0346820809249	0.0462427745665	0.0173410404624	0	0.0173410404624	0.0115606936416	0	0.739884393064	
0.0462427745665	0.0578034682081	0.0578034682081	0.0404624277457	0.0173410404624	0.00578034682081	0	0.00578034682081	0	0.00578034682081	0.763005780347	
0.0404624277457	0.0173410404624	0.0346820809249	0.0520231213873	0.028901734104	0.0115606936416	0.0115606936416	0.0115606936416	0.0115606936416	0.0231213872832	0.757225433526	
0.0462427745665	0.0404624277457	0.0404624277457	0.0462427745665	0.0115606936416	0	0	0.00578034682081	0	0.0231213872832	0.78612716763	
0.0404624277457	0.0404624277457	0.0462427745665	0.0462427745665	0.0346820809249	0.028901734104	0.0115606936416	0.0346820809249	0	0	0.71676300578	
0.0115606936416	0.0462427745665	0.0462427745665	0.028901734104	0.0404624277457	0.0346820809249	0	0.0173410404624	0.00578034682081	0.00578034682081	0.763005780347	
0.0578034682081	0.0404624277457	0.0520231213873	0.0173410404624	0.0115606936416	0.0173410404624	0.00578034682081	0.0115606936416	0.00578034682081	0.0231213872832	0.757225433526	
0.0173410404624	0.0578034682081	0.0462427745665	0.0462427745665	0.0115606936416	0.0115606936416	0	0	0.0115606936416	0.0173410404624	0.780346820809	
0.028901734104	0.0346820809249	0.028901734104	0.0867052023121	0.0462427745665	0.0173410404624	0.0231213872832	0.0173410404624	0.0173410404624	0.0115606936416	0.687861271676	
0.0231213872832	0.0578034682081	0.0404624277457	0.0231213872832	0.0404624277457	0.0115606936416	0.0115606936416	0.0115606936416	0.0115606936416	0.00578034682081	0.763005780347	
0.0115606936416	0.028901734104	0.0346820809249	0.028901734104	0.0404624277457	0.0173410404624	0.00578034682081	0.0115606936416	0.00578034682081	0.00578034682081	0.809248554913	
0.0404624277457	0.0635838150289	0.0635838150289	0.0115606936416	0.0346820809249	0.0115606936416	0	0.0231213872832	0.0115606936416	0	0.739884393064	
0.0578034682081	0.0462427745665	0.0520231213873	0.028901734104	0.0231213872832	0.0115606936416	0.0115606936416	0.00578034682081	0	0.0231213872832	0.739884393064	
0.0231213872832	0.0635838150289	0.0693641618497	0.0173410404624	0.00578034682081	0.0115606936416	0.0231213872832	0.0231213872832	0.00578034682081	0	0.757225433526	
0.028901734104	0.0404624277457	0.0578034682081	0.0346820809249	0.028901734104	0.0115606936416	0	0.0115606936416	0.00578034682081	0.0115606936416	0.768786127168	
0.0346820809249	0.0346820809249	0.0520231213873	0.00578034682081	0.0173410404624	0.0231213872832	0.0173410404624	0.0173410404624	0.0115606936416	0	0.78612716763	
0.0115606936416	0.0462427745665	0.0520231213873	0.0346820809249	0.0462427745665	0.00578034682081	0.00578034682081	0.0115606936416	0.00578034682081	0.00578034682081	0.774566473988	
0.0404624277457	0.0462427745665	0.028901734104	0.0520231213873	0.0173410404624	0.00578034682081	0.00578034682081	0.028901734104	0.0231213872832	0.0115606936416	0.739884393064	
0.0346820809249	0.0173410404624	0.0635838150289	0.0578034682081	0.028901734104	0.0115606936416	0.00578034682081	0.0173410404624	0.00578034682081	0.0231213872832	0.734104046243	
0.0520231213873	0.0173410404624	0.0578034682081	0.0404624277457	0.0173410404624	0.0115606936416	0.00578034682081	0.00578034682081	0.0173410404624	0.0173410404624	0.757225433526	
0.0462427745665	0.028901734104	0.0404624277457	0.0404624277457	0.028901734104	0.0115606936416	0.0115606936416	0.00578034682081	0.0346820809249	0.00578034682081	0.745664739884	
0.028901734104	0.0462427745665	0.0635838150289	0.0115606936416	0.028901734104	0.0115606936416	0.0173410404624	0.00578034682081	0	0	0.78612716763	
0.028901734104	0.0520231213873	0.0462427745665	0.0520231213873	0.028901734104	0.0115606936416	0.0115606936416	0.0115606936416	0.00578034682081	0.0115606936416	0.739884393064	
0.0231213872832	0.0346820809249	0.0578034682081	0.0404624277457	0.0173410404624	0.0231213872832	0.0173410404624	0.00578034682081	0.0115606936416	0.0231213872832	0.745664739884	
0.0231213872832	0.0346820809249	0.028901734104	0.00578034682081	0.0346820809249	0	0.0115606936416	0.0231213872832	0.0115606936416	0.0115606936416	0.815028901734	
0.0404624277457	0.0635838150289	0.0520231213873	0.0231213872832	0.0173410404624	0.00578034682081	0.00578034682081	0.0231213872832	0	0	0.768786127168	
0.0404624277457	0.0404624277457	0.0346820809249	0.0346820809249	0.0231213872832	0.0173410404624	0	0.0115606936416	0.0115606936416	0.0173410404624	0.768786127168	
0.0173410404624	0.0404624277457	0.028901734104	0.0346820809249	0.0173410404624	0.0115606936416	0.00578034682081	0.0173410404624	0.0173410404624	0.0115606936416	0.797687861272	
0.0231213872832	0.028901734104	0.0462427745665	0.0404624277457	0.0173410404624	0.00578034682081	0.0173410404624	0.00578034682081	0	0.0231213872832	0.791907514451	
0.0346820809249	0.0404624277457	0.0578034682081	0.0231213872832	0.0173410404624	0.00578034682081	0.00578034682081	0.0231213872832	0.0115606936416	0.0115606936416	0.768786127168	
0.0231213872832	0.0578034682081	0.0751445086705	0.0346820809249	0.0404624277457	0.0231213872832	0	0.0173410404624	0.00578034682081	0	0.722543352601	
0.0520231213873	0.0462427745665	0.0173410404624	0.0231213872832	0.028901734104	0.00578034682081	0.00578034682081	0.0231213872832	0.00578034682081	0.0115606936416	0.780346820809	
0.0173410404624	0.0346820809249	0.0578034682081	0.0462427745665	0.0462427745665	0.0173410404624	0.00578034682081	0.00578034682081	0.00578034682081	0.0115606936416	0.751445086705	
0.0346820809249	0.0404624277457	0.0404624277457	0.0231213872832	0.0231213872832	0.028901734104	0.0115606936416	0.00578034682081	0.00578034682081	0.0346820809249	0.751445086705	
0.0115606936416	0.0462427745665	0.0520231213873	0.0173410404624	0.0173410404624	0.0115606936416	0	0.0231213872832	0	0.0115606936416	0.809248554913	
0.028901734104	0.0346820809249	0.0231213872832	0.0520231213873	0.0115606936416	0.00578034682081	0	0.0115606936416	0.00578034682081	0	0.826589595376	
0.0462427745665	0.0693641618497	0.0462427745665	0.0231213872832	0.0231213872832	0.0173410404624	0	0.00578034682081	0	0.0231213872832	0.745664739884	
0.0462427745665	0.0462427745665	0.0578034682081	0.0115606936416	0.0231213872832	0.0231213872832	0.0115606936416	0	0	0.0231213872832	0.757225433526	
0.0462427745665	0.0578034682081	0.0578034682081	0.0173410404624	0.0404624277457	0.0115606936416	0.0115606936416	0	0.0115606936416	0.00578034682081	0.739884393064	
0.0231213872832	0.0173410404624	0.0693641618497	0.0115606936416	0.0115606936416	0.0173410404624	0.0115606936416	0.0173410404624	0.0115606936416	0.0115606936416	0.797687861272	
0.0462427745665	0.028901734104	0.0346820809249	0.0520231213873	0.0346820809249	0.00578034682081	0.00578034682081	0.0173410404624	0	0.0231213872832	0.751445086705	
0.0404624277457	0.0404624277457	0.0751445086705	0.0462427745665	0.0173410404624	0.0115606936416	0.00578034682081	0.0173410404624	0.0115606936416	0	0.734104046243	
0.0346820809249	0.0635838150289	0	0.028901734104	0.0231213872832	0.028901734104	0.00578034682081	0.0173410404624	0.0115606936416	0.00578034682081	0.780346820809	
0.0231213872832	0	0.0231213872832	0.0404624277457	0.028901734104	0.0231213872832	0	0.00578034682081	0.00578034682081	0.0231213872832	0.826589595376	
0.0115606936416	0	0.0115606936416	0.0462427745665	0.0462427745665	0.028901734104	0.0173410404624	0.0115606936416	0.00578034682081	0.00578034682081	0.815028901734	
0	0	0.00578034682081	0.0346820809249	0.0231213872832	0.028901734104	0.0115606936416	0.0115606936416	0.0115606936416	0.0115606936416	0.861271676301	
0	0	0	0.0462427745665	0.0346820809249	0	0.00578034682081	0.0173410404624	0.0115606936416	0.0173410404624	0.867052023121	
0.00578034682081	0	0	0.028901734104	0.0578034682081	0.028901734104	0.00578034682081	0.0173410404624	0.00578034682081	0.0115606936416	0.838150289017	
0.0173410404624	0.0520231213873	0.0404624277457	0	0.0462427745665	0.028901734104	0.00578034682081	0	0.0115606936416	0.0115606936416	0.78612716763	
0.0404624277457	0.0578034682081	0.0635838150289	0.0173410404624	0.0173410404624	0.0115606936416	0	0.0173410404624	0.00578034682081	0.0115606936416	0.757225433526	
0.0231213872832	0.0693641618497	0.0635838150289	0.0346820809249	0.0231213872832	0.0115606936416	0	0.0231213872832	0.0173410404624	0.0115606936416	0.722543352601	
0.0346820809249	0.0520231213873	0.0578034682081	0.0231213872832	0.028901734104	0.0115606936416	0.0115606936416	0.0115606936416	0.0231213872832	0.0231213872832	0.722543352601	
0.028901734104	0.0578034682081	0.0520231213873	0.0115606936416	0.028901734104	0.0115606936416	0	0	0.00578034682081	0.0173410404624	0.78612716763	
0.0346820809249	0.0346820809249	0.0404624277457	0.0462427745665	0.0173410404624	0.0173410404624	0.0115606936416	0.00578034682081	0.00578034682081	0.00578034682081	0.780346820809	
0.0520231213873	0.0693641618497	0.0346820809249	0.0173410404624	0.0231213872832	0.0173410404624	0.00578034682081	0.0173410404624	0	0.0115606936416	0.751445086705	
0.0578034682081	0.0578034682081	0.0693641618497	0.0346820809249	0.0115606936416	0.028901734104	0.028901734104	0.0115606936416	0.0115606936416	0.0173410404624	0.670520231214	
0.0520231213873	0.0173410404624	0.0462427745665	0.0115606936416	0.0115606936416	0.0173410404624	0.00578034682081	0.0115606936416	0.00578034682081	0	0.820809248555	
0.00578034682081	0.0173410404624	0.0462427745665	0.028901734104	0.028901734104	0.0173410404624	0	0.00578034682081	0	0.0173410404624	0.832369942197	
0.0346820809249	0.0520231213873	0.0404624277457	0.028901734104	0	0.0231213872832	0	0.00578034682081	0	0.00578034682081	0.809248554913	
0.0520231213873	0.0578034682081	0.0346820809249	0.028901734104	0.00578034682081	0.0173410404624	0	0.00578034682081	0.0173410404624	0	0.780346820809	
0.0173410404624	0.0462427745665	0.0462427745665	0.0173410404624	0.028901734104	0.00578034682081	0	0.0173410404624	0	0.0231213872832	0.797687861272	
0.0231213872832	0.0693641618497	0.0346820809249	0.0578034682081	0.0173410404624	0.0173410404624	0.0115606936416	0.00578034682081	0.00578034682081	0.0115606936416	0.745664739884	
0.0404624277457	0.0462427745665	0.0462427745665	0.0346820809249	0.0404624277457	0.0231213872832	0	0.0115606936416	0.00578034682081	0.0231213872832	0.728323699422	
0.0115606936416	0.0520231213873	0.0462427745665	0.0346820809249	0.0635838150289	0.0231213872832	0.0173410404624	0.00578034682081	0.028901734104	0.0173410404624	0.699421965318	
0.028901734104	0.0462427745665	0.0578034682081	0.0231213872832	0.0173410404624	0.0115606936416	0	0.0115606936416	0.0115606936416	0.00578034682081	0.78612716763	
0.028901734104	0.0346820809249	0.0520231213873	0.028901734104	0.0231213872832	0.0115606936416	0.0115606936416	0	0.0115606936416	0.0173410404624	0.780346820809	
0.0346820809249	0.0404624277457	0.0462427745665	0.0346820809249	0.0404624277457	0.0173410404624	0.00578034682081	0.00578034682081	0.00578034682081	0.0115606936416	0.757225433526	
0.028901734104	0.0404624277457	0.0462427745665	0.028901734104	0.0231213872832	0.0231213872832	0.0115606936416	0.0231213872832	0.00578034682081	0.00578034682081	0.763005780347	
0.0462427745665	0.0346820809249	0.0231213872832	0.0346820809249	0.028901734104	0.0173410404624	0.00578034682081	0.0173410404624	0.00578034682081	0.00578034682081	0.780346820809	
0.0115606936416	0.0173410404624	0.0635838150289	0.0173410404624	0.0346820809249	0.00578034682081	0.0115606936416	0.0231213872832	0.0115606936416	0.0115606936416	0.791907514451	
0.0404624277457	0.0404624277457	0.0462427745665	0.0635838150289	0.0578034682081	0.0115606936416	0.0173410404624	0.0115606936416	0.00578034682081	0.0115606936416	0.693641618497	
0.0231213872832	0.0520231213873	0.0635838150289	0.0346820809249	0.028901734104	0.00578034682081	0.0115606936416	0.0173410404624	0	0.0231213872832	0.739884393064	
0.028901734104	0.0520231213873	0.028901734104	0.0231213872832	0.0115606936416	0.0346820809249	0.00578034682081	0.0231213872832	0.0115606936416	0.00578034682081	0.774566473988	
0.0231213872832	0.0693641618497	0.0346820809249	0.0115606936416	0.0115606936416	0.0115606936416	0	0	0.0115606936416	0.0173410404624	0.809248554913	
0.0231213872832	0.0578034682081	0.0346820809249	0.0231213872832	0.00578034682081	0.0173410404624	0	0	0.00578034682081	0	0.832369942197	
0.0404624277457	0.0346820809249	0.0520231213873	0.0173410404624	0.0346820809249	0.0231213872832	0.0231213872832	0.00578034682081	0.00578034682081	0.00578034682081	0.757225433526	
0.0693641618497	0.028901734104	0.0693641618497	0.0173410404624	0.028901734104	0.0115606936416	0.0115606936416	0.00578034682081	0	0.0173410404624	0.739884393064	
0.0520231213873	0.0520231213873	0.0346820809249	0.0231213872832	0.0346820809249	0.0115606936416	0	0.0115606936416	0.0231213872832	0.028901734104	0.728323699422	
0.0173410404624	0.0346820809249	0.0346820809249	0.0115606936416	0.0404624277457	0	0.00578034682081	0	0.00578034682081	0.0231213872832	0.826589595376	
0.0115606936416	0.0231213872832	0.0635838150289	0.0231213872832	0.0520231213873	0.0115606936416	0.0115606936416	0.0231213872832	0.0173410404624	0.00578034682081	0.757225433526	
0.0231213872832	0.0231213872832	0.0693641618497	0.0578034682081	0.0346820809249	0.00578034682081	0.00578034682081	0.00578034682081	0.0115606936416	0.00578034682081	0.757225433526	
0.0578034682081	0.0462427745665	0.028901734104	0.0231213872832	0.0173410404624	0.0115606936416	0.0173410404624	0.0173410404624	0.0115606936416	0.0115606936416	0.757225433526	
0.0346820809249	0.0115606936416	0.0404624277457	0.0404624277457	0.0115606936416	0.0115606936416	0	0.0231213872832	0.00578034682081	0.0231213872832	0.797687861272	
0.028901734104	0.0173410404624	0.0635838150289	0.0346820809249	0.0404624277457	0.0173410404624	0.00578034682081	0.0115606936416	0.0115606936416	0	0.768786127168	
0.0115606936416	0.0404624277457	0.0520231213873	0.0346820809249	0.0231213872832	0.0404624277457	0.0115606936416	0.00578034682081	0.0115606936416	0.00578034682081	0.763005780347	
0.0520231213873	0.0404624277457	0.028901734104	0.0462427745665	0.0346820809249	0.00578034682081	0.00578034682081	0.0173410404624	0.00578034682081	0.0115606936416	0.751445086705	
0.028901734104	0.0635838150289	0.0578034682081	0.0173410404624	0.0404624277457	0.0115606936416	0.0173410404624	0.0115606936416	0	0.028901734104	0.722543352601	
0.0404624277457	0.0462427745665	0.0231213872832	0.0115606936416	0.0115606936416	0.0115606936416	0	0	0.028901734104	0.00578034682081	0.820809248555	
0.0404624277457	0.0404624277457	0.0578034682081	0.0404624277457	0.0231213872832	0.0173410404624	0.0115606936416	0.00578034682081	0.0173410404624	0.0231213872832	0.722543352601	
0.0404624277457	0.028901734104	0.028901734104	0.0520231213873	0.0231213872832	0.00578034682081	0.0173410404624	0.00578034682081	0.0115606936416	0.0115606936416	0.774566473988	
0.028901734104	0.0520231213873	0.0404624277457	0.0404624277457	0.0520231213873	0.0173410404624	0.0115606936416	0.0173410404624	0	0.0173410404624	0.722543352601	
0.0404624277457	0.028901734104	0.0635838150289	0.0231213872832	0.0115606936416	0	0	0.0231213872832	0	0.0115606936416	0.797687861272	
0.0115606936416	0.0520231213873	0.0693641618497	0.0346820809249	0.00578034682081	0.0346820809249	0	0.0173410404624	0.00578034682081	0.0115606936416	0.757225433526	
0.0346820809249	0.0578034682081	0.0578034682081	0.0404624277457	0.0404624277457	0.0231213872832	0.0115606936416	0.00578034682081	0	0.0115606936416	0.71676300578	
0.0462427745665	0.0462427745665	0.0578034682081	0.0231213872832	0.0173410404624	0.0231213872832	0.00578034682081	0.00578034682081	0.00578034682081	0.0173410404624	0.751445086705	
0.028901734104	0.0404624277457	0.0462427745665	0.0462427745665	0.028901734104	0.00578034682081	0.0173410404624	0.00578034682081	0.00578034682081	0.00578034682081	0.768786127168	
0.0462427745665	0.0115606936416	0.0578034682081	0.0173410404624	0.0346820809249	0.0173410404624	0.00578034682081	0.0173410404624	0.0173410404624	0.0115606936416	0.763005780347	
0.0346820809249	0.0462427745665	0.0346820809249	0.0404624277457	0.0462427745665	0.0115606936416	0.00578034682081	0.0115606936416	0.0115606936416	0.0346820809249	0.722543352601	
0.0115606936416	0.0462427745665	0.028901734104	0.0231213872832	0.0231213872832	0.028901734104	0	0.00578034682081	0	0.0115606936416	0.820809248555	
0.0231213872832	0.0231213872832	0.0751445086705	0.0173410404624	0.0346820809249	0.0173410404624	0	0.028901734104	0	0.0173410404624	0.763005780347	
0.0346820809249	0.0520231213873	0.0404624277457	0.0635838150289	0.00578034682081	0.0115606936416	0.00578034682081	0.0173410404624	0.0115606936416	0.00578034682081	0.751445086705	
0.028901734104	0.0578034682081	0.0578034682081	0.0462427745665	0.0231213872832	0.0231213872832	0	0.028901734104	0.00578034682081	0.00578034682081	0.722543352601	
0.0346820809249	0.0404624277457	0.0578034682081	0.0578034682081	0.0231213872832	0.0115606936416	0.0115606936416	0.0173410404624	0.00578034682081	0	0.739884393064	
0.028901734104	0.028901734104	0.028901734104	0.0173410404624	0.0173410404624	0.0462427745665	0	0.028901734104	0.00578034682081	0	0.797687861272	
0.0404624277457	0.0231213872832	0.0404624277457	0.0231213872832	0.028901734104	0.00578034682081	0.0231213872832	0.028901734104	0.0115606936416	0	0.774566473988	
0.00578034682081	0.0462427745665	0.0578034682081	0.0578034682081	0.028901734104	0.0231213872832	0.0115606936416	0.0346820809249	0.00578034682081	0.00578034682081	0.722543352601	
0.0346820809249	0.0173410404624	0.0346820809249	0.0115606936416	0.0404624277457	0.00578034682081	0.0115606936416	0.028901734104	0	0.0231213872832	0.791907514451	
0.0404624277457	0.028901734104	0.0462427745665	0.0346820809249	0.0346820809249	0.0173410404624	0	0.0404624277457	0	0.00578034682081	0.751445086705	
0.0231213872832	0.0115606936416	0.0404624277457	0.0173410404624	0.0173410404624	0.0404624277457	0.0173410404624	0.028901734104	0.0115606936416	0.0115606936416	0.780346820809	
0.0404624277457	0.0462427745665	0.0578034682081	0.028901734104	0.0173410404624	0.0404624277457	0	0.0173410404624	0.00578034682081	0.00578034682081	0.739884393064	
0.028901734104	0.0693641618497	0.0635838150289	0.028901734104	0.0520231213873	0	0.00578034682081	0	0.0173410404624	0.0115606936416	0.722543352601	
0.0520231213873	0.0231213872832	0.028901734104	0.0231213872832	0.0231213872832	0.0115606936416	0.0231213872832	0.0173410404624	0	0	0.797687861272	
0.028901734104	0.0346820809249	0.0404624277457	0.028901734104	0.0173410404624	0.0115606936416	0.0115606936416	0.0231213872832	0	0.0173410404624	0.78612716763	
0.028901734104	0.0404624277457	0.0693641618497	0.028901734104	0.0173410404624	0.0173410404624	0	0.0115606936416	0.0115606936416	0	0.774566473988	
0.0346820809249	0.0231213872832	0.0751445086705	0.0404624277457	0.0404624277457	0.00578034682081	0.00578034682081	0.00578034682081	0.028901734104	0.0173410404624	0.722543352601	
0.0346820809249	0.0520231213873	0.0231213872832	0.0346820809249	0.0115606936416	0.0173410404624	0.00578034682081	0.0115606936416	0.0173410404624	0.0115606936416	0.780346820809	
0.0578034682081	0.0346820809249	0.0462427745665	0.0231213872832	0.0231213872832	0.0115606936416	0.0115606936416	0.00578034682081	0.0115606936416	0.0115606936416	0.763005780347	
0.0231213872832	0.0462427745665	0.0751445086705	0.0346820809249	0.028901734104	0.0231213872832	0	0.0173410404624	0	0.00578034682081	0.745664739884	
0.0693641618497	0.0520231213873	0.0404624277457	0.0173410404624	0.028901734104	0.0231213872832	0.0115606936416	0.0115606936416	0.0115606936416	0.0115606936416	0.722543352601	
0.0231213872832	0.028901734104	0.0346820809249	0.028901734104	0.0346820809249	0.0115606936416	0.00578034682081	0.0115606936416	0.0115606936416	0.0231213872832	0.78612716763	
0.0173410404624	0.0346820809249	0.0462427745665	0.0346820809249	0.0404624277457	0.0173410404624	0.00578034682081	0.00578034682081	0.0115606936416	0.0173410404624	0.768786127168	
0.0404624277457	0.028901734104	0.0462427745665	0.00578034682081	0.0173410404624	0.00578034682081	0.00578034682081	0.0115606936416	0.0173410404624	0.0231213872832	0.797687861272	
0.0404624277457	0.0173410404624	0.0635838150289	0.0115606936416	0.0346820809249	0.0231213872832	0.00578034682081	0.0115606936416	0.0115606936416	0.0115606936416	0.768786127168	
0.0231213872832	0.0462427745665	0.0173410404624	0.0404624277457	0.0115606936416	0.0173410404624	0.00578034682081	0.028901734104	0	0.0115606936416	0.797687861272	
0.0173410404624	0.0231213872832	0.0520231213873	0.0578034682081	0.0231213872832	0.00578034682081	0.0115606936416	0.0231213872832	0	0.00578034682081	0.780346820809	
0.028901734104	0.0404624277457	0.0578034682081	0.0751445086705	0.0404624277457	0.0231213872832	0.00578034682081	0.0173410404624	0.00578034682081	0	0.705202312139	
0.0231213872832	0.028901734104	0.0578034682081	0.0404624277457	0.0231213872832	0.0115606936416	0.00578034682081	0.0173410404624	0.0115606936416	0	0.780346820809	
0.0462427745665	0.0173410404624	0.0404624277457	0.0346820809249	0.0115606936416	0.0346820809249	0	0.00578034682081	0.00578034682081	0.00578034682081	0.797687861272	
0.0231213872832	0.0404624277457	0.0404624277457	0.0173410404624	0.0115606936416	0	0.0173410404624	0.00578034682081	0	0.028901734104	0.815028901734	
0.028901734104	0.0462427745665	0.0635838150289	0.0404624277457	0.028901734104	0.0231213872832	0.00578034682081	0.00578034682081	0.00578034682081	0.00578034682081	0.745664739884	
0.0173410404624	0.0173410404624	0.0693641618497	0.0346820809249	0.0115606936416	0.0231213872832	0.00578034682081	0.0173410404624	0.0115606936416	0.00578034682081	0.78612716763	
0.028901734104	0.028901734104	0.0404624277457	0.0231213872832	0.0404624277457	0.0115606936416	0.00578034682081	0.00578034682081	0	0.00578034682081	0.809248554913	
0.028901734104	0.0173410404624	0.0115606936416	0.0231213872832	0.00578034682081	0	0.00578034682081	0.00578034682081	0.00578034682081	0.0115606936416	0.884393063584	
0.0346820809249	0.0809248554913	0.0520231213873	0.0115606936416	0.0462427745665	0.00578034682081	0	0.00578034682081	0.0173410404624	0.0173410404624	0.728323699422	
0.0693641618497	0.0404624277457	0.028901734104	0.0404624277457	0.0346820809249	0.0231213872832	0.00578034682081	0.00578034682081	0	0.0173410404624	0.734104046243	
0.028901734104	0.0231213872832	0.0462427745665	0.0404624277457	0.0346820809249	0.0346820809249	0.0231213872832	0.0173410404624	0.0115606936416	0.028901734104	0.71098265896	
0.0404624277457	0.0462427745665	0.0809248554913	0.028901734104	0.0346820809249	0	0	0.00578034682081	0	0.0346820809249	0.728323699422	
0.0462427745665	0.028901734104	0.0404624277457	0.0231213872832	0.0231213872832	0.0231213872832	0.00578034682081	0.0115606936416	0.0115606936416	0	0.78612716763	
0.028901734104	0.0173410404624	0.0462427745665	0.0346820809249	0.0231213872832	0.0173410404624	0.00578034682081	0	0.00578034682081	0.00578034682081	0.815028901734	
0.0346820809249	0.0520231213873	0.0346820809249	0.0404624277457	0.0346820809249	0.0231213872832	0	0.0115606936416	0.0173410404624	0.00578034682081	0.745664739884	
0.0404624277457	0.0231213872832	0.0404624277457	0.0578034682081	0.0462427745665	0.00578034682081	0.0115606936416	0.0346820809249	0	0.00578034682081	0.734104046243	
0.0346820809249	0.0346820809249	0.0520231213873	0.0231213872832	0.0231213872832	0.0115606936416	0	0.00578034682081	0.00578034682081	0.00578034682081	0.803468208092	
0.0115606936416	0.0693641618497	0.0635838150289	0.0346820809249	0.0462427745665	0.0115606936416	0.0231213872832	0.0115606936416	0.00578034682081	0.0173410404624	0.705202312139	
0.0173410404624	0.0346820809249	0.0404624277457	0.0462427745665	0.0404624277457	0.0115606936416	0.00578034682081	0.0231213872832	0	0.0173410404624	0.763005780347	
0.00578034682081	0.0578034682081	0.0809248554913	0.0462427745665	0.0115606936416	0.0231213872832	0.00578034682081	0.0115606936416	0.0115606936416	0.0173410404624	0.728323699422	
0.0404624277457	0.0404624277457	0.0809248554913	0.0404624277457	0.028901734104	0.0231213872832	0.00578034682081	0.00578034682081	0.00578034682081	0.0115606936416	0.71676300578	
0.0462427745665	0.0520231213873	0.0404624277457	0.0404624277457	0.0635838150289	0.0115606936416	0.00578034682081	0.0173410404624	0.00578034682081	0	0.71676300578	
0.028901734104	0.0809248554913	0.0346820809249	0.0462427745665	0.028901734104	0.0115606936416	0.0231213872832	0	0.00578034682081	0.0231213872832	0.71676300578	
0.028901734104	0.0520231213873	0.0578034682081	0.0462427745665	0.028901734104	0.0115606936416	0	0.00578034682081	0.00578034682081	0.0115606936416	0.751445086705	
0.0231213872832	0.0404624277457	0.0751445086705	0.028901734104	0.0462427745665	0.0404624277457	0.00578034682081	0.0231213872832	0.00578034682081	0.0231213872832	0.687861271676	
0.0346820809249	0.0346820809249	0.0635838150289	0.0231213872832	0.028901734104	0.0173410404624	0	0.0115606936416	0.00578034682081	0.00578034682081	0.774566473988	
0.0462427745665	0.0173410404624	0.0346820809249	0.0462427745665	0.0231213872832	0.028901734104	0	0.028901734104	0.00578034682081	0.00578034682081	0.763005780347	
0.00578034682081	0.0520231213873	0.0982658959538	0.0173410404624	0.0231213872832	0.0173410404624	0.0231213872832	0.0115606936416	0.0173410404624	0	0.734104046243	
0.028901734104	0.0462427745665	0.0173410404624	0.0462427745665	0.0346820809249	0.0115606936416	0	0.028901734104	0.00578034682081	0.00578034682081	0.774566473988	
0.028901734104	0.0346820809249	0.0751445086705	0.0462427745665	0.028901734104	0	0	0.0115606936416	0.00578034682081	0.0231213872832	0.745664739884	
0.0462427745665	0.0231213872832	0.0404624277457	0.0231213872832	0.0520231213873	0.0173410404624	0.00578034682081	0.00578034682081	0	0.00578034682081	0.780346820809	
0.0231213872832	0.0231213872832	0.0462427745665	0.0346820809249	0.0404624277457	0.0173410404624	0.00578034682081	0.00578034682081	0	0.0231213872832	0.780346820809	
0.0346820809249	0.0404624277457	0.0231213872832	0.0115606936416	0.0462427745665	0.0115606936416	0	0.00578034682081	0.0173410404624	0.0231213872832	0.78612716763	
0.0115606936416	0.0635838150289	0.0462427745665	0.0231213872832	0.0462427745665	0.0231213872832	0.028901734104	0.0115606936416	0.00578034682081	0.0231213872832	0.71676300578	
0.0346820809249	0.0462427745665	0.0635838150289	0.0115606936416	0.0115606936416	0.0115606936416	0.0115606936416	0.0346820809249	0.00578034682081	0.00578034682081	0.763005780347	
0.0231213872832	0.0462427745665	0.0346820809249	0.0115606936416	0.0462427745665	0.0173410404624	0.0115606936416	0.0115606936416	0.0115606936416	0.0115606936416	0.774566473988	
0.0346820809249	0.0346820809249	0.0404624277457	0.0346820809249	0.0346820809249	0.0231213872832	0.0115606936416	0.0115606936416	0.00578034682081	0.0115606936416	0.757225433526	
0.0231213872832	0.0404624277457	0.104046242775	0.0231213872832	0.0346820809249	0.0173410404624	0.0173410404624	0.0231213872832	0.028901734104	0.00578034682081	0.682080924855	
0.0578034682081	0.0404624277457	0.0578034682081	0.0346820809249	0.028901734104	0.028901734104	0.00578034682081	0.0173410404624	0.0115606936416	0.00578034682081	0.71098265896	
0.0520231213873	0.028901734104	0.0520231213873	0.0578034682081	0.0115606936416	0.0115606936416	0.0115606936416	0.028901734104	0.0231213872832	0.00578034682081	0.71676300578	
0.0346820809249	0.0346820809249	0.0693641618497	0.0231213872832	0.0173410404624	0.0346820809249	0	0.0115606936416	0.0115606936416	0.0173410404624	0.745664739884	
0.0231213872832	0.0520231213873	0.0751445086705	0.0115606936416	0.028901734104	0.0115606936416	0	0.0173410404624	0.0115606936416	0.0115606936416	0.757225433526	
0.0346820809249	0.0404624277457	0.0346820809249	0.0173410404624	0.0231213872832	0	0	0.0173410404624	0	0.0115606936416	0.820809248555	
0.028901734104	0.0520231213873	0.0404624277457	0.00578034682081	0.0462427745665	0.00578034682081	0.0173410404624	0.028901734104	0	0.00578034682081	0.768786127168	
0.028901734104	0.0346820809249	0.0115606936416	0	0.00578034682081	0.028901734104	0	0.00578034682081	0.00578034682081	0.0173410404624	0.861271676301	
0.00578034682081	0.0635838150289	0	0	0	0.0231213872832	0	0.00578034682081	0	0	0.901734104046	
0.0404624277457	0	0.00578034682081	0	0	0.028901734104	0.00578034682081	0.0173410404624	0.00578034682081	0.00578034682081	0.890173410405	
0	0	0	0.00578034682081	0	0	0.00578034682081	0	0.0115606936416	0.0173410404624	0.959537572254	
0	0	0	0	0	0	0.00578034682081	0.00578034682081	0.0173410404624	0.00578034682081	0.965317919075	
0	0	0	0	0	0	0.00578034682081	0.0173410404624	0.0173410404624	0.0231213872832	0.936416184971	
0	0	0.00578034682081	0	0.00578034682081	0	0	0.0346820809249	0	0.0115606936416	0.942196531792	
0.0520231213873	0.00578034682081	0.028901734104	0.0404624277457	0.0346820809249	0.0115606936416	0	0.0173410404624	0	0.0173410404624	0.791907514451	
0.0404624277457	0.0462427745665	0.0462427745665	0.028901734104	0.0115606936416	0.0404624277457	0	0.00578034682081	0	0.0231213872832	0.757225433526	
0.0404624277457	0.0346820809249	0.0173410404624	0.0346820809249	0.0173410404624	0.0173410404624	0.0115606936416	0.028901734104	0.00578034682081	0.00578034682081	0.78612716763	
0.0578034682081	0.028901734104	0.0809248554913	0.0173410404624	0.0462427745665	0.0115606936416	0	0.00578034682081	0.0115606936416	0.0115606936416	0.728323699422	
0.0578034682081	0.0173410404624	0.0520231213873	0.0173410404624	0.0578034682081	0	0.0173410404624	0.0115606936416	0	0.00578034682081	0.763005780347	
0.028901734104	0.0462427745665	0.0346820809249	0.0462427745665	0.028901734104	0.0173410404624	0.0115606936416	0.0231213872832	0	0.00578034682081	0.757225433526	
0.0578034682081	0.0520231213873	0.0346820809249	0.0346820809249	0.028901734104	0.0115606936416	0.00578034682081	0.0173410404624	0.00578034682081	0.00578034682081	0.745664739884	
0.028901734104	0.0231213872832	0.0520231213873	0.028901734104	0.0346820809249	0.0173410404624	0.00578034682081	0.0173410404624	0.0115606936416	0.00578034682081	0.774566473988	
0.0231213872832	0.0404624277457	0.0173410404624	0.028901734104	0.0520231213873	0.0115606936416	0.00578034682081	0.028901734104	0.00578034682081	0.0231213872832	0.763005780347	
0.0404624277457	0.0520231213873	0.0693641618497	0.028901734104	0.0173410404624	0.0231213872832	0.0115606936416	0.00578034682081	0	0.00578034682081	0.745664739884	
0.0520231213873	0.0346820809249	0.0520231213873	0.0404624277457	0.028901734104	0.0115606936416	0.0115606936416	0	0.0173410404624	0.0346820809249	0.71676300578	
0.0867052023121	0.0173410404624	0.0462427745665	0.0346820809249	0.0231213872832	0.028901734104	0.0231213872832	0.0115606936416	0.0346820809249	0.0173410404624	0.676300578035	
0.0346820809249	0.0462427745665	0.0404624277457	0.0231213872832	0.0346820809249	0.0231213872832	0.0115606936416	0.0115606936416	0.0115606936416	0.0231213872832	0.739884393064	
0.028901734104	0.028901734104	0.0520231213873	0.0462427745665	0.0231213872832	0.0231213872832	0.00578034682081	0.0173410404624	0.0115606936416	0.0115606936416	0.751445086705	
0.0751445086705	0.028901734104	0.0520231213873	0.0462427745665	0.0346820809249	0.0231213872832	0.0115606936416	0.00578034682081	0.00578034682081	0.00578034682081	0.71098265896	
0.0346820809249	0.0173410404624	0.0346820809249	0.0520231213873	0.0231213872832	0.0173410404624	0.00578034682081	0	0.0346820809249	0.00578034682081	0.774566473988	
0.028901734104	0.0404624277457	0.0462427745665	0.0346820809249	0.0346820809249	0.0173410404624	0.0115606936416	0.0115606936416	0	0	0.774566473988	
0.0231213872832	0.0346820809249	0.0231213872832	0.0520231213873	0.0346820809249	0.028901734104	0.0115606936416	0.00578034682081	0.00578034682081	0.0115606936416	0.768786127168	
0.0173410404624	0.028901734104	0.0404624277457	0.0173410404624	0.0115606936416	0.0115606936416	0.0115606936416	0.00578034682081	0.0115606936416	0.0173410404624	0.826589595376	
0.0578034682081	0.0231213872832	0.0462427745665	0.0404624277457	0.0173410404624	0.0231213872832	0	0	0	0.00578034682081	0.78612716763	
0.0578034682081	0.028901734104	0.0346820809249	0.0404624277457	0.0173410404624	0.0231213872832	0	0.0115606936416	0	0.00578034682081	0.780346820809	
0.028901734104	0.0404624277457	0.0520231213873	0.0404624277457	0.00578034682081	0.0173410404624	0.00578034682081	0	0.00578034682081	0	0.803468208092	
0.028901734104	0.0693641618497	0.0982658959538	0.0462427745665	0.028901734104	0.0231213872832	0	0.0115606936416	0.0115606936416	0.00578034682081	0.676300578035	
0.0346820809249	0.0231213872832	0.0578034682081	0.00578034682081	0.0520231213873	0.0173410404624	0.00578034682081	0.00578034682081	0.0173410404624	0	0.780346820809	
0.0115606936416	0.028901734104	0.0635838150289	0.0346820809249	0.0173410404624	0.0115606936416	0.0115606936416	0.0173410404624	0.0115606936416	0.0173410404624	0.774566473988	
0.0520231213873	0.0231213872832	0.0693641618497	0.0462427745665	0.0462427745665	0.028901734104	0.00578034682081	0.00578034682081	0.0173410404624	0.00578034682081	0.699421965318	
0.028901734104	0.0404624277457	0.0231213872832	0.0404624277457	0.0404624277457	0.0115606936416	0.0115606936416	0.00578034682081	0.028901734104	0.0173410404624	0.751445086705	
0.028901734104	0.0231213872832	0.028901734104	0.0231213872832	0.0346820809249	0.0231213872832	0	0.0173410404624	0.0173410404624	0.00578034682081	0.797687861272	
0.0462427745665	0.0231213872832	0.0578034682081	0.0520231213873	0.0346820809249	0.028901734104	0.0115606936416	0.0115606936416	0	0.0115606936416	0.722543352601	
0.0115606936416	0.0404624277457	0.0578034682081	0.0404624277457	0.028901734104	0.00578034682081	0.00578034682081	0.0231213872832	0	0.0115606936416	0.774566473988	
0.0173410404624	0.0404624277457	0.0578034682081	0.0173410404624	0.0115606936416	0.0115606936416	0.00578034682081	0.00578034682081	0	0.0115606936416	0.820809248555	
0.0231213872832	0.028901734104	0.0346820809249	0.0404624277457	0.0115606936416	0.0231213872832	0.0115606936416	0.0115606936416	0.0115606936416	0.0115606936416	0.791907514451	
0.0635838150289	0.0231213872832	0.0346820809249	0.0115606936416	0.028901734104	0.0115606936416	0	0.028901734104	0.00578034682081	0.00578034682081	0.78612716763	
0.0231213872832	0.0115606936416	0.0462427745665	0.0462427745665	0.028901734104	0.0173410404624	0	0.0115606936416	0.00578034682081	0.0115606936416	0.797687861272	
0.0231213872832	0.0635838150289	0.0231213872832	0.0346820809249	0.0173410404624	0	0	0.0231213872832	0.00578034682081	0.0173410404624	0.791907514451	
0.0462427745665	0.0520231213873	0.0924855491329	0.0231213872832	0.0346820809249	0.00578034682081	0.00578034682081	0.0115606936416	0.00578034682081	0.00578034682081	0.71676300578	
0.0462427745665	0.0231213872832	0.028901734104	0.028901734104	0.0462427745665	0.0231213872832	0.00578034682081	0.0115606936416	0.00578034682081	0.00578034682081	0.774566473988	
0.0173410404624	0.0462427745665	0.0404624277457	0.0231213872832	0.0231213872832	0.00578034682081	0	0.0173410404624	0	0.00578034682081	0.820809248555	
0.0346820809249	0.0346820809249	0.0346820809249	0.0346820809249	0.0231213872832	0.0115606936416	0	0.0115606936416	0	0.0115606936416	0.803468208092	
0.028901734104	0.0346820809249	0.0462427745665	0.028901734104	0.0346820809249	0.028901734104	0.0115606936416	0.0404624277457	0.00578034682081	0.028901734104	0.71098265896	
0.0231213872832	0.0462427745665	0.0404624277457	0.0173410404624	0.0404624277457	0	0	0.00578034682081	0.00578034682081	0.00578034682081	0.815028901734	
0.0231213872832	0.0462427745665	0.0404624277457	0.0115606936416	0.0173410404624	0.0115606936416	0.0173410404624	0.0231213872832	0.00578034682081	0.0173410404624	0.78612716763	
0.0115606936416	0.028901734104	0.0462427745665	0.0520231213873	0.028901734104	0.0173410404624	0.0115606936416	0.00578034682081	0.00578034682081	0.0115606936416	0.780346820809	
0.0231213872832	0.0404624277457	0.0693641618497	0.0404624277457	0.028901734104	0.0173410404624	0.0115606936416	0.0115606936416	0.00578034682081	0.0173410404624	0.734104046243	
0.0346820809249	0.0578034682081	0.0404624277457	0.00578034682081	0.028901734104	0.0231213872832	0	0.0115606936416	0.00578034682081	0.00578034682081	0.78612716763	
0.0578034682081	0.0346820809249	0.0346820809249	0.0173410404624	0.0462427745665	0.0346820809249	0.00578034682081	0.00578034682081	0.0115606936416	0.0115606936416	0.739884393064	
0.0346820809249	0.0635838150289	0.0462427745665	0.0346820809249	0.0173410404624	0.00578034682081	0.00578034682081	0.0115606936416	0.0115606936416	0.0115606936416	0.757225433526	
0.028901734104	0.0173410404624	0.0635838150289	0.0173410404624	0.0231213872832	0.0115606936416	0	0.00578034682081	0	0.00578034682081	0.826589595376	
0.0231213872832	0.0578034682081	0.0809248554913	0.0404624277457	0.0520231213873	0.00578034682081	0	0.0231213872832	0.0115606936416	0.00578034682081	0.699421965318	
0.0462427745665	0.0635838150289	0.0231213872832	0.0173410404624	0.0115606936416	0.00578034682081	0	0.0173410404624	0.00578034682081	0.00578034682081	0.803468208092	
0.028901734104	0.0231213872832	0.0346820809249	0.0346820809249	0.0173410404624	0.00578034682081	0.0115606936416	0.028901734104	0	0.0231213872832	0.791907514451	
0.0404624277457	0.0173410404624	0.0693641618497	0.0404624277457	0.0115606936416	0.0115606936416	0.0231213872832	0	0.0173410404624	0.0115606936416	0.757225433526	
0.0231213872832	0.0404624277457	0.028901734104	0.0115606936416	0.0346820809249	0.028901734104	0	0.0231213872832	0.00578034682081	0.0231213872832	0.780346820809	
0.0346820809249	0.0346820809249	0.0693641618497	0.0578034682081	0.0346820809249	0.0231213872832	0.00578034682081	0.0115606936416	0.00578034682081	0.0231213872832	0.699421965318	
0.0346820809249	0.0520231213873	0.0462427745665	0.028901734104	0.0173410404624	0.0462427745665	0.0173410404624	0.0231213872832	0.00578034682081	0.0115606936416	0.71676300578	
0.0404624277457	0.0462427745665	0	0.0404624277457	0.028901734104	0.0115606936416	0.0115606936416	0.0173410404624	0.00578034682081	0.028901734104	0.768786127168	
0.0520231213873	0.0578034682081	0.0231213872832	0.0231213872832	0.028901734104	0.0115606936416	0.00578034682081	0.0231213872832	0	0.0115606936416	0.763005780347	
0.0578034682081	0.0462427745665	0.0520231213873	0.0346820809249	0.0231213872832	0.0173410404624	0.00578034682081	0.00578034682081	0.0115606936416	0.00578034682081	0.739884393064	
0.0520231213873	0.0173410404624	0.0635838150289	0.028901734104	0.0520231213873	0.0115606936416	0.00578034682081	0.0173410404624	0.00578034682081	0.0115606936416	0.734104046243	
0.0231213872832	0.0404624277457	0.0520231213873	0.0346820809249	0.0751445086705	0.0115606936416	0.00578034682081	0.0173410404624	0.0115606936416	0.00578034682081	0.722543352601	
0.0520231213873	0.0346820809249	0.0404624277457	0.0346820809249	0.0173410404624	0.0115606936416	0.0231213872832	0.0173410404624	0.0173410404624	0	0.751445086705	
0.0404624277457	0.028901734104	0.0404624277457	0.0173410404624	0.0520231213873	0.0173410404624	0.0173410404624	0.0231213872832	0.00578034682081	0.00578034682081	0.751445086705	
0.0346820809249	0.0115606936416	0.0578034682081	0.0346820809249	0.0462427745665	0.0115606936416	0.0173410404624	0.0346820809249	0.00578034682081	0.0115606936416	0.734104046243	
0.028901734104	0.0404624277457	0.0404624277457	0.028901734104	0.0404624277457	0.00578034682081	0.00578034682081	0.0231213872832	0.0173410404624	0.00578034682081	0.763005780347	
0.028901734104	0.028901734104	0.0346820809249	0.0231213872832	0.028901734104	0.0173410404624	0.00578034682081	0.0115606936416	0.0115606936416	0.028901734104	0.780346820809	
0.0115606936416	0.028901734104	0.0751445086705	0.0404624277457	0.028901734104	0.0231213872832	0.00578034682081	0.0173410404624	0.00578034682081	0.028901734104	0.734104046243	
0.0346820809249	0.0520231213873	0.0693641618497	0.0115606936416	0.0346820809249	0.0115606936416	0	0.0231213872832	0.0115606936416	0.0115606936416	0.739884393064	
0.0520231213873	0.0346820809249	0.0578034682081	0.028901734104	0.0231213872832	0.0173410404624	0.0173410404624	0.0173410404624	0.0115606936416	0.00578034682081	0.734104046243	
0.00578034682081	0.0404624277457	0.0693641618497	0.0346820809249	0.0115606936416	0.0231213872832	0.0115606936416	0.0115606936416	0	0	0.791907514451	
0.028901734104	0.028901734104	0.0173410404624	0.0346820809249	0.0231213872832	0.0231213872832	0.0115606936416	0.0115606936416	0.00578034682081	0	0.815028901734	
0.0462427745665	0.0462427745665	0.0751445086705	0.0173410404624	0.0115606936416	0.0115606936416	0	0.0173410404624	0.00578034682081	0.0231213872832	0.745664739884	
0.0173410404624	0.0173410404624	0.0809248554913	0.0346820809249	0.0346820809249	0.0346820809249	0.00578034682081	0.028901734104	0.0115606936416	0	0.734104046243	
0.0462427745665	0.028901734104	0.0578034682081	0.0346820809249	0.0231213872832	0.0173410404624	0	0.0173410404624	0.00578034682081	0.0173410404624	0.751445086705	
0.0173410404624	0.0404624277457	0.0462427745665	0.0404624277457	0.0173410404624	0.0173410404624	0.0115606936416	0.0173410404624	0.0231213872832	0.0115606936416	0.757225433526	
0.028901734104	0.0404624277457	0.0173410404624	0.0462427745665	0.0231213872832	0.0231213872832	0.0115606936416	0	0.028901734104	0.0115606936416	0.768786127168	
0.0173410404624	0.0231213872832	0.0231213872832	0.0520231213873	0.028901734104	0.0173410404624	0.00578034682081	0	0.0115606936416	0	0.820809248555	
0.0173410404624	0.0346820809249	0.0520231213873	0.0520231213873	0.0404624277457	0.00578034682081	0.00578034682081	0.0231213872832	0.00578034682081	0.00578034682081	0.757225433526	
0.0231213872832	0.0173410404624	0.0809248554913	0.0462427745665	0.0231213872832	0.00578034682081	0	0.0173410404624	0.0115606936416	0	0.774566473988	
0.0404624277457	0.0231213872832	0.0173410404624	0.028901734104	0.0231213872832	0.00578034682081	0.00578034682081	0.00578034682081	0.0115606936416	0.0231213872832	0.815028901734	
0.0462427745665	0.0462427745665	0.0462427745665	0.0231213872832	0.0520231213873	0.0173410404624	0.00578034682081	0.0173410404624	0	0.0115606936416	0.734104046243	
0.0173410404624	0.0346820809249	0.0231213872832	0.0635838150289	0.0462427745665	0.0173410404624	0.0173410404624	0.0231213872832	0.0173410404624	0.0173410404624	0.722543352601	
0.0520231213873	0.0346820809249	0.0231213872832	0.0346820809249	0.0231213872832	0.0231213872832	0.00578034682081	0	0.00578034682081	0.0115606936416	0.78612716763	
0.0462427745665	0.0462427745665	0.0462427745665	0.0404624277457	0.028901734104	0.00578034682081	0	0.0231213872832	0.00578034682081	0	0.757225433526	
0.0404624277457	0.0635838150289	0.0578034682081	0.0346820809249	0.0231213872832	0.0173410404624	0.0115606936416	0.0173410404624	0.00578034682081	0	0.728323699422	
0.0173410404624	0.028901734104	0.028901734104	0.0404624277457	0.0173410404624	0	0	0.028901734104	0.00578034682081	0.0173410404624	0.815028901734	
0.0462427745665	0.0115606936416	0.0404624277457	0.0346820809249	0.0231213872832	0.0115606936416	0.0231213872832	0.0115606936416	0.0231213872832	0.0173410404624	0.757225433526	
0.0404624277457	0.028901734104	0.0462427745665	0.0346820809249	0.0462427745665	0.00578034682081	0.0115606936416	0	0	0.00578034682081	0.780346820809	
0.0635838150289	0.0346820809249	0.0173410404624	0.0462427745665	0.0231213872832	0.0173410404624	0.00578034682081	0.0173410404624	0.0115606936416	0.00578034682081	0.757225433526	
0.0346820809249	0.0520231213873	0.0520231213873	0.028901734104	0.0346820809249	0.00578034682081	0.0173410404624	0	0.0115606936416	0.0115606936416	0.751445086705	
0.0404624277457	0.028901734104	0.0693641618497	0.0462427745665	0.0231213872832	0.00578034682081	0.0173410404624	0.0231213872832	0.00578034682081	0.0115606936416	0.728323699422	
0.028901734104	0.028901734104	0.0520231213873	0.0231213872832	0.028901734104	0	0.00578034682081	0.00578034682081	0	0.00578034682081	0.820809248555	
0.0578034682081	0.0346820809249	0.028901734104	0.0404624277457	0.0346820809249	0.0231213872832	0.0115606936416	0.0173410404624	0	0.0173410404624	0.734104046243	
0.0404624277457	0.0404624277457	0.0635838150289	0.0115606936416	0.0346820809249	0.0173410404624	0.0173410404624	0	0.00578034682081	0.00578034682081	0.763005780347	
0.0520231213873	0.0173410404624	0.0520231213873	0.0520231213873	0.0346820809249	0.0115606936416	0.00578034682081	0.0115606936416	0	0.0115606936416	0.751445086705	
0.0635838150289	0.0404624277457	0.0751445086705	0.0173410404624	0.028901734104	0.00578034682081	0	0.0173410404624	0.0173410404624	0.0231213872832	0.71098265896	
0.028901734104	0.0346820809249	0.0346820809249	0.0462427745665	0.028901734104	0.0173410404624	0.00578034682081	0.0173410404624	0.0115606936416	0.0173410404624	0.757225433526	
0.0520231213873	0.0346820809249	0.0635838150289	0.0173410404624	0.0115606936416	0.00578034682081	0.0173410404624	0.0173410404624	0	0.00578034682081	0.774566473988	
0.028901734104	0.0231213872832	0.0404624277457	0.028901734104	0.028901734104	0	0.00578034682081	0.028901734104	0.00578034682081	0.00578034682081	0.803468208092	
0.028901734104	0.0520231213873	0.0462427745665	0.0173410404624	0.0115606936416	0.0173410404624	0.00578034682081	0.0231213872832	0.00578034682081	0.00578034682081	0.78612716763	
0.0520231213873	0.0173410404624	0.0693641618497	0.028901734104	0.028901734104	0.0173410404624	0.0173410404624	0.0115606936416	0.00578034682081	0.00578034682081	0.745664739884	
0.0462427745665	0.0635838150289	0.0578034682081	0.0404624277457	0.0404624277457	0.0231213872832	0	0.0115606936416	0	0.00578034682081	0.71098265896	
0.0520231213873	0.0346820809249	0.0578034682081	0.0404624277457	0.0462427745665	0.0173410404624	0.0173410404624	0.00578034682081	0.00578034682081	0.0115606936416	0.71098265896	
0.0231213872832	0.0404624277457	0.0462427745665	0.028901734104	0.0404624277457	0	0.0173410404624	0.0231213872832	0.0173410404624	0.00578034682081	0.757225433526	
0.0231213872832	0.028901734104	0.0404624277457	0.0346820809249	0.028901734104	0.0115606936416	0.0115606936416	0.00578034682081	0	0.028901734104	0.78612716763	
0.0231213872832	0.0231213872832	0.0520231213873	0.0404624277457	0.0115606936416	0.00578034682081	0.00578034682081	0.0173410404624	0.00578034682081	0.0115606936416	0.803468208092	
0.0231213872832	0.0173410404624	0.028901734104	0.0404624277457	0.028901734104	0.0231213872832	0	0.0115606936416	0	0.0115606936416	0.815028901734	
0.0404624277457	0.028901734104	0.0462427745665	0.0346820809249	0.00578034682081	0.028901734104	0.0115606936416	0.0231213872832	0.0173410404624	0	0.763005780347	
0.0346820809249	0.0346820809249	0.028901734104	0.0520231213873	0.0346820809249	0.0404624277457	0.00578034682081	0.0115606936416	0.0231213872832	0.0115606936416	0.722543352601	
0.028901734104	0.00578034682081	0.0751445086705	0.0231213872832	0.0520231213873	0.0231213872832	0.0115606936416	0.0346820809249	0.0231213872832	0.0115606936416	0.71098265896	
0.0346820809249	0.0346820809249	0.0635838150289	0.0404624277457	0.0173410404624	0.0173410404624	0	0.0173410404624	0.00578034682081	0.0115606936416	0.757225433526	
0.0346820809249	0.028901734104	0.028901734104	0.0231213872832	0.0115606936416	0.00578034682081	0.00578034682081	0.0115606936416	0	0.0173410404624	0.832369942197	
0.0404624277457	0.0346820809249	0.0346820809249	0.0346820809249	0.0173410404624	0.0115606936416	0.00578034682081	0.0231213872832	0	0.0173410404624	0.780346820809	
0.0462427745665	0	0.0346820809249	0.0346820809249	0.0231213872832	0.00578034682081	0.0115606936416	0.0115606936416	0.0231213872832	0.0231213872832	0.78612716763	
0.028901734104	0.028901734104	0.0346820809249	0.0115606936416	0.00578034682081	0.0115606936416	0.0173410404624	0.0231213872832	0	0.0231213872832	0.815028901734	
0.0346820809249	0.0520231213873	0.0462427745665	0.0231213872832	0.0520231213873	0.0231213872832	0	0.00578034682081	0	0.0231213872832	0.739884393064	
0.0462427745665	0.0346820809249	0.0635838150289	0.00578034682081	0.0173410404624	0.0231213872832	0.0115606936416	0.0115606936416	0.0115606936416	0.0115606936416	0.763005780347	
0.0520231213873	0.0346820809249	0.0346820809249	0.028901734104	0.0346820809249	0.0231213872832	0.00578034682081	0.0173410404624	0.0231213872832	0.00578034682081	0.739884393064	
0.0346820809249	0.0115606936416	0.0462427745665	0.0173410404624	0.0462427745665	0.0173410404624	0.00578034682081	0.00578034682081	0	0	0.815028901734	
0.0346820809249	0.0346820809249	0.0231213872832	0.0635838150289	0.0520231213873	0.00578034682081	0.0231213872832	0.0231213872832	0	0.0115606936416	0.728323699422	
0.0115606936416	0.0578034682081	0	0.0231213872832	0.0404624277457	0.00578034682081	0	0.0173410404624	0	0.00578034682081	0.838150289017	
0.028901734104	0.0520231213873	0.028901734104	0.0520231213873	0.0404624277457	0.0115606936416	0.00578034682081	0.0231213872832	0.0115606936416	0.028901734104	0.71676300578	
0.0346820809249	0.028901734104	0.0231213872832	0.0346820809249	0.0231213872832	0.00578034682081	0.00578034682081	0.028901734104	0.0115606936416	0.0231213872832	0.780346820809	
0.028901734104	0.0231213872832	0.0173410404624	0.028901734104	0.0231213872832	0.00578034682081	0.00578034682081	0.0173410404624	0.0115606936416	0.0231213872832	0.815028901734	
0.00578034682081	0.0462427745665	0.0173410404624	0.028901734104	0.028901734104	0.00578034682081	0.00578034682081	0.0173410404624	0	0.0115606936416	0.832369942197	
0.00578034682081	0.00578034682081	0.0173410404624	0.028901734104	0.0231213872832	0.0173410404624	0	0.00578034682081	0.0115606936416	0.0231213872832	0.861271676301	
0.0231213872832	0	0	0.0404624277457	0.0231213872832	0.0346820809249	0.0115606936416	0.0115606936416	0	0.00578034682081	0.849710982659	
0.00578034682081	0.00578034682081	0.00578034682081	0.028901734104	0.028901734104	0.0115606936416	0.00578034682081	0.00578034682081	0.0115606936416	0.0346820809249	0.85549132948	
0	0	0	0.028901734104	0.0231213872832	0.0173410404624	0.0173410404624	0.028901734104	0	0.028901734104	0.85549132948	
0.0231213872832	0.0404624277457	0.0520231213873	0.0173410404624	0.028901734104	0.0115606936416	0	0.0231213872832	0	0.028901734104	0.774566473988	
0.0231213872832	0.0404624277457	0.0924855491329	0.0115606936416	0.0231213872832	0.0115606936416	0	0.00578034682081	0	0.0115606936416	0.780346820809	
0.028901734104	0.0404624277457	0.0346820809249	0.0231213872832	0.0346820809249	0.00578034682081	0.0173410404624	0.0115606936416	0.00578034682081	0.00578034682081	0.791907514451	
0.0404624277457	0.0462427745665	0.0404624277457	0.0462427745665	0.0115606936416	0.0115606936416	0	0.0346820809249	0	0.00578034682081	0.763005780347	
0.0231213872832	0.0635838150289	0.0520231213873	0.028901734104	0.0346820809249	0.0115606936416	0.0115606936416	0.0115606936416	0.00578034682081	0.0231213872832	0.734104046243	
0.0520231213873	0.0462427745665	0.0578034682081	0.0346820809249	0.0231213872832	0.00578034682081	0	0.0115606936416	0.0115606936416	0.0173410404624	0.739884393064	
0.0231213872832	0.0635838150289	0.0578034682081	0.0231213872832	0.0346820809249	0.0173410404624	0.0173410404624	0.0173410404624	0.00578034682081	0	0.739884393064	
0.028901734104	0.0578034682081	0.0751445086705	0.0520231213873	0.0346820809249	0.0173410404624	0.00578034682081	0	0.00578034682081	0.0173410404624	0.705202312139	
0.0462427745665	0.0809248554913	0.0578034682081	0.0635838150289	0	0.028901734104	0.0173410404624	0.0173410404624	0	0	0.687861271676	
0.0231213872832	0.0346820809249	0.0809248554913	0.0115606936416	0.0346820809249	0.0231213872832	0.00578034682081	0	0.0115606936416	0.0231213872832	0.751445086705	
0.0231213872832	0.0462427745665	0.0520231213873	0.0346820809249	0.028901734104	0.0231213872832	0.00578034682081	0.0173410404624	0	0.0231213872832	0.745664739884	
0.0231213872832	0.0115606936416	0.0462427745665	0.0231213872832	0.0231213872832	0.0231213872832	0.0231213872832	0	0	0.00578034682081	0.820809248555	
0.0404624277457	0.0462427745665	0.0751445086705	0.0231213872832	0.0346820809249	0.00578034682081	0.0115606936416	0.0115606936416	0.0173410404624	0	0.734104046243	
0.0231213872832	0.0404624277457	0.0693641618497	0.0404624277457	0.028901734104	0.0115606936416	0.00578034682081	0.00578034682081	0.00578034682081	0.0173410404624	0.751445086705	
0.028901734104	0.0173410404624	0.0462427745665	0.0462427745665	0.0173410404624	0.0404624277457	0.0173410404624	0.0115606936416	0	0.00578034682081	0.768786127168	
0.00578034682081	0.0520231213873	0.0462427745665	0.0346820809249	0.0173410404624	0.0404624277457	0.0115606936416	0.0173410404624	0.00578034682081	0	0.768786127168	
0.0346820809249	0.0346820809249	0.0520231213873	0.0173410404624	0.0115606936416	0.0173410404624	0	0	0.0115606936416	0.00578034682081	0.815028901734	
0	0.0462427745665	0.0346820809249	0.0231213872832	0.0173410404624	0.00578034682081	0.0115606936416	0.0173410404624	0.0346820809249	0	0.809248554913	
0.0173410404624	0.028901734104	0.0520231213873	0.0346820809249	0.0173410404624	0.00578034682081	0.00578034682081	0.0115606936416	0.00578034682081	0.0173410404624	0.803468208092	
0.0404624277457	0.0115606936416	0.0520231213873	0.0173410404624	0.0173410404624	0.0173410404624	0.00578034682081	0.0115606936416	0.00578034682081	0.0115606936416	0.809248554913	
0.0346820809249	0.0462427745665	0.0346820809249	0.0231213872832	0.0173410404624	0.028901734104	0	0.0346820809249	0.0173410404624	0.00578034682081	0.757225433526	
0.028901734104	0.0346820809249	0.109826589595	0.0115606936416	0.0346820809249	0.0115606936416	0	0.0115606936416	0.0115606936416	0.0115606936416	0.734104046243	
0.0173410404624	0.028901734104	0.0173410404624	0.0404624277457	0.0404624277457	0.0173410404624	0.00578034682081	0	0	0.00578034682081	0.826589595376	
0.0231213872832	0.0693641618497	0.0115606936416	0.0346820809249	0.028901734104	0.0115606936416	0.0173410404624	0.0115606936416	0.0115606936416	0.0173410404624	0.763005780347	
0.0231213872832	0.0578034682081	0.0520231213873	0.0346820809249	0.0404624277457	0.0115606936416	0.0115606936416	0.0231213872832	0.0115606936416	0.00578034682081	0.728323699422	
0.0578034682081	0.0404624277457	0.0520231213873	0.0404624277457	0.0231213872832	0.0520231213873	0	0.00578034682081	0.00578034682081	0.00578034682081	0.71676300578	
0.028901734104	0.0346820809249	0.0462427745665	0.0115606936416	0.0346820809249	0.0115606936416	0.0231213872832	0.0115606936416	0.00578034682081	0.0231213872832	0.768786127168	
0.0404624277457	0.0520231213873	0.0404624277457	0.0231213872832	0.028901734104	0.0115606936416	0	0.0173410404624	0.0115606936416	0.0173410404624	0.757225433526	
0.028901734104	0.0231213872832	0.0404624277457	0.0404624277457	0.00578034682081	0	0.0231213872832	0.0231213872832	0.00578034682081	0.0173410404624	0.791907514451	
0.028901734104	0.0404624277457	0.0173410404624	0.0346820809249	0.0346820809249	0.028901734104	0.00578034682081	0.00578034682081	0.0115606936416	0.0115606936416	0.780346820809	
0.0231213872832	0.0520231213873	0.0809248554913	0.0346820809249	0.0346820809249	0.0231213872832	0.0115606936416	0	0	0.00578034682081	0.734104046243	
0.0404624277457	0.0404624277457	0.0635838150289	0.0404624277457	0.0462427745665	0.0115606936416	0	0.0115606936416	0.0173410404624	0.0173410404624	0.71098265896	
0.0173410404624	0.0404624277457	0.0404624277457	0.028901734104	0.0231213872832	0.0231213872832	0	0	0.0115606936416	0.00578034682081	0.809248554913	
0.0231213872832	0.0346820809249	0.0635838150289	0.0231213872832	0.0173410404624	0.0115606936416	0.0173410404624	0.0173410404624	0.0115606936416	0.0115606936416	0.768786127168	
0.00578034682081	0.0693641618497	0.0231213872832	0.0346820809249	0.0115606936416	0.0231213872832	0	0.0173410404624	0.0115606936416	0.0173410404624	0.78612716763	
0.0231213872832	0.0462427745665	0.0751445086705	0.0346820809249	0.0404624277457	0.0115606936416	0	0.0115606936416	0.0115606936416	0.00578034682081	0.739884393064	
0.00578034682081	0.0578034682081	0.0578034682081	0.0520231213873	0.028901734104	0.0115606936416	0.00578034682081	0	0.0115606936416	0.0231213872832	0.745664739884	
0.0520231213873	0.0578034682081	0.0346820809249	0.0346820809249	0.0462427745665	0.00578034682081	0.0231213872832	0.0115606936416	0.00578034682081	0.00578034682081	0.722543352601	
0.0173410404624	0.0578034682081	0.0578034682081	0.028901734104	0.0115606936416	0.0231213872832	0.0115606936416	0.0115606936416	0	0.00578034682081	0.774566473988	
0.0173410404624	0.0693641618497	0.0346820809249	0.0462427745665	0.0404624277457	0	0.00578034682081	0.0173410404624	0.0173410404624	0.00578034682081	0.745664739884	
0.0346820809249	0.0346820809249	0.0635838150289	0.0231213872832	0.0173410404624	0.00578034682081	0.0115606936416	0.0115606936416	0	0.0115606936416	0.78612716763	
0.0404624277457	0.0520231213873	0.0635838150289	0.0346820809249	0.028901734104	0.00578034682081	0	0.0173410404624	0.0115606936416	0.028901734104	0.71676300578	
0.0231213872832	0.028901734104	0.0404624277457	0.0173410404624	0.028901734104	0.0231213872832	0.00578034682081	0	0.00578034682081	0.0115606936416	0.815028901734	
0.028901734104	0.0751445086705	0.0462427745665	0.0404624277457	0.0404624277457	0.0173410404624	0.00578034682081	0.0115606936416	0.00578034682081	0.0115606936416	0.71676300578	
0.028901734104	0.0635838150289	0.0462427745665	0.0404624277457	0.0346820809249	0.0173410404624	0	0	0.0231213872832	0.00578034682081	0.739884393064	
0.0578034682081	0.0462427745665	0.0462427745665	0.0462427745665	0.00578034682081	0.00578034682081	0.0115606936416	0.0115606936416	0.00578034682081	0.0115606936416	0.751445086705	
0.0404624277457	0.0751445086705	0.0346820809249	0.0404624277457	0.028901734104	0.00578034682081	0.0173410404624	0.0115606936416	0.00578034682081	0.0173410404624	0.722543352601	
0.028901734104	0.0462427745665	0.0404624277457	0.0346820809249	0.0346820809249	0.0231213872832	0.0173410404624	0.0173410404624	0.0115606936416	0.0173410404624	0.728323699422	
0.0346820809249	0.0346820809249	0.0635838150289	0.00578034682081	0.0404624277457	0.0115606936416	0.00578034682081	0.0115606936416	0.00578034682081	0.0173410404624	0.768786127168	
0.028901734104	0.0231213872832	0.0520231213873	0.0173410404624	0.0231213872832	0.0173410404624	0.00578034682081	0.0115606936416	0.0173410404624	0.00578034682081	0.797687861272	
0.0346820809249	0.0231213872832	0.0404624277457	0.00578034682081	0.0231213872832	0.0115606936416	0.0115606936416	0.028901734104	0.00578034682081	0.0231213872832	0.791907514451	
0.0346820809249	0.0404624277457	0.0751445086705	0.0404624277457	0.00578034682081	0	0.00578034682081	0.0115606936416	0.00578034682081	0.0115606936416	0.768786127168	
0.0231213872832	0.0404624277457	0.0693641618497	0.0346820809249	0.0173410404624	0.0115606936416	0	0.00578034682081	0.00578034682081	0.0115606936416	0.780346820809	
0.0231213872832	0.0115606936416	0.0462427745665	0.0404624277457	0.0346820809249	0.0115606936416	0.0231213872832	0.0173410404624	0.0115606936416	0.0115606936416	0.768786127168	
0.0462427745665	0.0578034682081	0.0809248554913	0.0520231213873	0.0173410404624	0.00578034682081	0	0.0115606936416	0	0.0231213872832	0.705202312139	
0.0115606936416	0.0635838150289	0.0578034682081	0.0115606936416	0.0231213872832	0.0346820809249	0.0115606936416	0.0115606936416	0.0115606936416	0.0115606936416	0.751445086705	
0.028901734104	0.0346820809249	0.0346820809249	0.0115606936416	0.00578034682081	0.00578034682081	0.0231213872832	0.0115606936416	0.00578034682081	0.0173410404624	0.820809248555	
0.0231213872832	0.0520231213873	0.0462427745665	0.0520231213873	0.0346820809249	0.0231213872832	0	0.0173410404624	0	0.0231213872832	0.728323699422	
0.0173410404624	0.0404624277457	0.0346820809249	0.0115606936416	0.028901734104	0.00578034682081	0.028901734104	0.00578034682081	0.0231213872832	0.00578034682081	0.797687861272	
0.0346820809249	0.028901734104	0.0635838150289	0.0404624277457	0.0346820809249	0.00578034682081	0.00578034682081	0.0173410404624	0	0.028901734104	0.739884393064	
0.0462427745665	0.0520231213873	0.0578034682081	0.028901734104	0.0404624277457	0.0231213872832	0	0.0173410404624	0.00578034682081	0.0173410404624	0.71098265896	
0.0231213872832	0.0809248554913	0.0578034682081	0.0115606936416	0.0173410404624	0.0173410404624	0.0173410404624	0.0115606936416	0	0.0173410404624	0.745664739884	
0.0346820809249	0.0231213872832	0.0578034682081	0.0404624277457	0.0173410404624	0.0115606936416	0	0.0115606936416	0	0.00578034682081	0.797687861272	
0.0520231213873	0.0462427745665	0.028901734104	0.0578034682081	0.0115606936416	0	0.0115606936416	0.00578034682081	0.0173410404624	0.0115606936416	0.757225433526	
0.028901734104	0.0751445086705	0.0404624277457	0.028901734104	0.00578034682081	0.0231213872832	0.00578034682081	0.0173410404624	0.0173410404624	0.0231213872832	0.734104046243	
0.0346820809249	0.0346820809249	0.0751445086705	0.0346820809249	0.0404624277457	0.0115606936416	0.00578034682081	0	0.0115606936416	0	0.751445086705	
0.0404624277457	0.0520231213873	0.0751445086705	0.0346820809249	0.0115606936416	0.00578034682081	0.00578034682081	0.0173410404624	0	0.00578034682081	0.751445086705	
0.028901734104	0.0404624277457	0.0404624277457	0.0346820809249	0.0115606936416	0.0115606936416	0.00578034682081	0	0.00578034682081	0.00578034682081	0.815028901734	
0.028901734104	0.0346820809249	0.0346820809249	0.0231213872832	0.0231213872832	0.00578034682081	0.0173410404624	0	0.0115606936416	0.00578034682081	0.815028901734	
0.0231213872832	0.0635838150289	0.0635838150289	0.0346820809249	0.0346820809249	0	0.00578034682081	0.00578034682081	0.0115606936416	0.0115606936416	0.745664739884	
0.028901734104	0.0635838150289	0.0693641618497	0.0173410404624	0.0173410404624	0	0.00578034682081	0.00578034682081	0	0.00578034682081	0.78612716763	
0.0231213872832	0.0751445086705	0.0404624277457	0.028901734104	0.0231213872832	0.0404624277457	0	0.0115606936416	0.00578034682081	0.00578034682081	0.745664739884	
0.0231213872832	0.0462427745665	0.0404624277457	0.0404624277457	0.0115606936416	0.0173410404624	0.00578034682081	0.028901734104	0	0.0115606936416	0.774566473988	
0.0173410404624	0.0404624277457	0.0520231213873	0.0462427745665	0.0115606936416	0.00578034682081	0	0.0173410404624	0.0115606936416	0.0173410404624	0.780346820809	
0.0115606936416	0.0520231213873	0.104046242775	0.028901734104	0.0115606936416	0.028901734104	0.00578034682081	0.0173410404624	0	0.0173410404624	0.722543352601	
0.028901734104	0.0578034682081	0.0462427745665	0.028901734104	0.0404624277457	0.0231213872832	0.00578034682081	0.0115606936416	0.0173410404624	0.0173410404624	0.722543352601	
0.0173410404624	0.0635838150289	0.0231213872832	0.028901734104	0.028901734104	0	0.0231213872832	0.00578034682081	0.0173410404624	0.00578034682081	0.78612716763	
0.0462427745665	0.0635838150289	0.0578034682081	0.0346820809249	0.028901734104	0.0115606936416	0	0.0173410404624	0.00578034682081	0.00578034682081	0.728323699422	
0.0404624277457	0.028901734104	0.0809248554913	0.0462427745665	0.0173410404624	0.028901734104	0	0.0346820809249	0.00578034682081	0.0115606936416	0.705202312139	
0.0346820809249	0.0809248554913	0.0693641618497	0.0173410404624	0.0231213872832	0.0115606936416	0.00578034682081	0.0231213872832	0.00578034682081	0.00578034682081	0.722543352601	
0.00578034682081	0.0520231213873	0.0693641618497	0.028901734104	0.0346820809249	0.0173410404624	0.00578034682081	0.0231213872832	0.00578034682081	0.0115606936416	0.745664739884	
0.0346820809249	0.0404624277457	0.0693641618497	0.0346820809249	0.0635838150289	0.0346820809249	0	0.0115606936416	0	0.00578034682081	0.705202312139	
0.028901734104	0.0520231213873	0.0751445086705	0.0346820809249	0.028901734104	0.0115606936416	0.00578034682081	0.0115606936416	0	0.0231213872832	0.728323699422	
0.0520231213873	0.0578034682081	0.0693641618497	0.0404624277457	0.0346820809249	0.0173410404624	0.0115606936416	0.0115606936416	0	0.0115606936416	0.693641618497	
0.0346820809249	0.0520231213873	0.0462427745665	0.028901734104	0.0462427745665	0.0115606936416	0.0173410404624	0.0231213872832	0	0.0173410404624	0.722543352601	
0.0173410404624	0.0346820809249	0.0809248554913	0.0462427745665	0.028901734104	0.0173410404624	0.00578034682081	0.00578034682081	0.0115606936416	0.0173410404624	0.734104046243	
0.0115606936416	0.0346820809249	0.0404624277457	0.0173410404624	0.0404624277457	0.0346820809249	0	0.00578034682081	0.0115606936416	0.0115606936416	0.791907514451	
0.0115606936416	0.0520231213873	0.0693641618497	0.028901734104	0.0404624277457	0.0115606936416	0.0115606936416	0.00578034682081	0.0115606936416	0.0173410404624	0.739884393064	
0.0115606936416	0.0404624277457	0.0231213872832	0.028901734104	0.0173410404624	0.0231213872832	0	0.0346820809249	0.0115606936416	0.0231213872832	0.78612716763	
0.0231213872832	0.0231213872832	0.028901734104	0.0173410404624	0.0462427745665	0.028901734104	0.00578034682081	0.0231213872832	0.00578034682081	0	0.797687861272	
0.0231213872832	0.0635838150289	0.0520231213873	0.0404624277457	0.0231213872832	0.0115606936416	0	0.0115606936416	0.00578034682081	0.0231213872832	0.745664739884	
0.0173410404624	0.0404624277457	0.0809248554913	0.0173410404624	0.0173410404624	0.0462427745665	0	0.0173410404624	0.0231213872832	0.0173410404624	0.722543352601	
0.028901734104	0.0520231213873	0.028901734104	0.0231213872832	0.0115606936416	0.0115606936416	0.00578034682081	0.0173410404624	0.00578034682081	0.00578034682081	0.809248554913	
0.028901734104	0.0462427745665	0.028901734104	0.0462427745665	0.028901734104	0.0115606936416	0.00578034682081	0.0346820809249	0	0.0115606936416	0.757225433526	
0	0.0462427745665	0.0404624277457	0.0231213872832	0.028901734104	0.00578034682081	0.00578034682081	0.0231213872832	0.0173410404624	0.0173410404624	0.791907514451	
0.0115606936416	0.0520231213873	0.0520231213873	0.0346820809249	0.0115606936416	0.0231213872832	0.00578034682081	0.0115606936416	0	0.0115606936416	0.78612716763	
0.0578034682081	0.0231213872832	0.0867052023121	0.0346820809249	0.028901734104	0.0115606936416	0	0.0173410404624	0.00578034682081	0	0.734104046243	
0.028901734104	0.0346820809249	0.0404624277457	0.0346820809249	0.0404624277457	0.0115606936416	0.00578034682081	0.0115606936416	0.0231213872832	0.00578034682081	0.763005780347	
0.0173410404624	0.0346820809249	0.0578034682081	0.0231213872832	0.0346820809249	0.028901734104	0.0346820809249	0	0.0173410404624	0.0173410404624	0.734104046243	
0.0404624277457	0.0404624277457	0.0578034682081	0.0115606936416	0.028901734104	0.0173410404624	0.00578034682081	0.00578034682081	0	0.0115606936416	0.780346820809	
0.0115606936416	0.0346820809249	0.0462427745665	0.0404624277457	0.0346820809249	0.0173410404624	0.0115606936416	0.00578034682081	0.00578034682081	0.0173410404624	0.774566473988	
0.0462427745665	0.0462427745665	0.0751445086705	0.0404624277457	0.0346820809249	0.0231213872832	0	0.00578034682081	0.00578034682081	0.0115606936416	0.71098265896	
0.028901734104	0.0346820809249	0.0462427745665	0.0173410404624	0.0404624277457	0.0231213872832	0.00578034682081	0.00578034682081	0	0.0115606936416	0.78612716763	
0.0231213872832	0.0520231213873	0.0520231213873	0.0520231213873	0.0462427745665	0.028901734104	0.0115606936416	0.0231213872832	0.0173410404624	0.0173410404624	0.676300578035	
0.0635838150289	0.0346820809249	0.0924855491329	0.028901734104	0.00578034682081	0.0231213872832	0.0115606936416	0.0115606936416	0.0115606936416	0.0173410404624	0.699421965318	
0.0115606936416	0.0404624277457	0.0520231213873	0.028901734104	0.028901734104	0.0115606936416	0.0231213872832	0.028901734104	0.00578034682081	0.0115606936416	0.757225433526	
0.0462427745665	0.028901734104	0.0520231213873	0.0520231213873	0.0404624277457	0.0115606936416	0.00578034682081	0.0173410404624	0.0115606936416	0.00578034682081	0.728323699422	
0.0346820809249	0.0346820809249	0.0520231213873	0.028901734104	0.0346820809249	0.0404624277457	0.0173410404624	0.0115606936416	0.0115606936416	0.00578034682081	0.728323699422	
0.00578034682081	0.0462427745665	0.0462427745665	0.028901734104	0.0231213872832	0.0115606936416	0.0173410404624	0.00578034682081	0.0115606936416	0.0115606936416	0.791907514451	
0.0231213872832	0.0635838150289	0.0520231213873	0.0462427745665	0.0462427745665	0.0404624277457	0	0.00578034682081	0.00578034682081	0	0.71676300578	
0.0231213872832	0.0693641618497	0.0231213872832	0.0578034682081	0.0231213872832	0.0115606936416	0.00578034682081	0.0115606936416	0	0.0231213872832	0.751445086705	
0.028901734104	0.0578034682081	0.028901734104	0.0346820809249	0.0231213872832	0	0.00578034682081	0.00578034682081	0	0.00578034682081	0.809248554913	
0.028901734104	0.0520231213873	0.0578034682081	0.0520231213873	0.0231213872832	0.0115606936416	0.00578034682081	0.0173410404624	0.00578034682081	0	0.745664739884	
0.028901734104	0.0635838150289	0.0346820809249	0.0346820809249	0.0404624277457	0.00578034682081	0.0115606936416	0.0115606936416	0.0115606936416	0.0173410404624	0.739884393064	
0.0404624277457	0.0751445086705	0.0346820809249	0.0115606936416	0.0231213872832	0.00578034682081	0.0173410404624	0	0.0115606936416	0.00578034682081	0.774566473988	
0.0115606936416	0.0462427745665	0.0404624277457	0.0115606936416	0.0346820809249	0.0346820809249	0.00578034682081	0.00578034682081	0	0.0173410404624	0.791907514451	
0.0173410404624	0.0635838150289	0.0346820809249	0.0173410404624	0.0115606936416	0.0115606936416	0.0231213872832	0.0231213872832	0.0173410404624	0.00578034682081	0.774566473988	
0.0404624277457	0.0520231213873	0.0404624277457	0.0346820809249	0.0231213872832	0.028901734104	0.00578034682081	0.0115606936416	0.0115606936416	0	0.751445086705	
0.0173410404624	0.0346820809249	0.0231213872832	0.028901734104	0.0173410404624	0.0173410404624	0.00578034682081	0.0231213872832	0.00578034682081	0	0.826589595376	
0.0173410404624	0.0346820809249	0.0404624277457	0.0346820809249	0.0115606936416	0.00578034682081	0.0115606936416	0.0173410404624	0.0173410404624	0.028901734104	0.780346820809	
0.0346820809249	0.0635838150289	0.0231213872832	0.00578034682081	0.0520231213873	0.0173410404624	0.0231213872832	0.00578034682081	0.0173410404624	0.00578034682081	0.751445086705	
0.0520231213873	0.0115606936416	0.0231213872832	0	0	0.00578034682081	0.00578034682081	0	0.0115606936416	0	0.890173410405	
0.0346820809249	0.0231213872832	0.0115606936416	0	0	0.028901734104	0	0	0.0115606936416	0	0.890173410405	
0.0231213872832	0	0.0173410404624	0	0	0.0173410404624	0.0115606936416	0	0.00578034682081	0	0.924855491329	
0.00578034682081	0.00578034682081	0	0	0	0	0	0	0	0	0.988439306358	
0	0	0	0	0	0	0	0	0	0	1.0	
0	0	0	0	0	0	0	0	0	0	1.0	
0	0	0	0	0	0	0	0	0	0	1.0	
