0.0769230769231	0.034188034188	0.0940170940171	0.0512820512821	0.042735042735	0.034188034188	0.042735042735	0.042735042735	0.034188034188	0.017094017094	0.529914529915	
0.0683760683761	0.102564102564	0.034188034188	0.0683760683761	0.00854700854701	0.042735042735	0.042735042735	0.025641025641	0.00854700854701	0.017094017094	0.581196581197	
0.111111111111	0.017094017094	0.042735042735	0.0683760683761	0.042735042735	0.034188034188	0.025641025641	0.034188034188	0.017094017094	0.025641025641	0.581196581197	
0.0854700854701	0.017094017094	0.0854700854701	0.025641025641	0.0512820512821	0.034188034188	0.025641025641	0.00854700854701	0.025641025641	0.017094017094	0.623931623932	
0.017094017094	0.025641025641	0.025641025641	0.0512820512821	0.017094017094	0.034188034188	0.034188034188	0.017094017094	0.042735042735	0.00854700854701	0.726495726496	
0.0683760683761	0.042735042735	0.0683760683761	0.0854700854701	0.042735042735	0.017094017094	0.017094017094	0.025641025641	0.017094017094	0	0.615384615385	
0.0512820512821	0.042735042735	0.025641025641	0.034188034188	0.0512820512821	0.034188034188	0.042735042735	0.034188034188	0.034188034188	0	0.649572649573	
0.034188034188	0.0683760683761	0.0940170940171	0.0512820512821	0.034188034188	0.00854700854701	0.025641025641	0.034188034188	0.017094017094	0.017094017094	0.615384615385	
0.0683760683761	0.034188034188	0.0598290598291	0.042735042735	0.034188034188	0.0598290598291	0.017094017094	0.0512820512821	0.017094017094	0.017094017094	0.598290598291	
0.0683760683761	0.0598290598291	0.102564102564	0.0683760683761	0.042735042735	0.034188034188	0.034188034188	0.025641025641	0.017094017094	0.00854700854701	0.538461538462	
0.0512820512821	0.034188034188	0.034188034188	0.0512820512821	0.042735042735	0.0598290598291	0.0512820512821	0.034188034188	0.017094017094	0.00854700854701	0.615384615385	
0.0769230769231	0.0854700854701	0.0854700854701	0.0769230769231	0.034188034188	0.0512820512821	0.025641025641	0.034188034188	0.034188034188	0.00854700854701	0.487179487179	
0.0854700854701	0.034188034188	0.0598290598291	0.0769230769231	0.0598290598291	0.0598290598291	0.00854700854701	0.0598290598291	0.025641025641	0	0.529914529915	
0.0512820512821	0.034188034188	0.0512820512821	0.0769230769231	0.042735042735	0.034188034188	0.042735042735	0.017094017094	0	0.00854700854701	0.641025641026	
0.042735042735	0.042735042735	0.0683760683761	0.0769230769231	0.0598290598291	0.034188034188	0.025641025641	0.034188034188	0.025641025641	0	0.589743589744	
0.0854700854701	0.0512820512821	0.0512820512821	0.0512820512821	0.034188034188	0.034188034188	0.0512820512821	0.017094017094	0.0512820512821	0.00854700854701	0.564102564103	
0.042735042735	0.034188034188	0.0769230769231	0.0512820512821	0.017094017094	0.025641025641	0.017094017094	0.034188034188	0.0598290598291	0.017094017094	0.623931623932	
0.119658119658	0.0512820512821	0.0683760683761	0.034188034188	0.0512820512821	0.0512820512821	0.017094017094	0.0683760683761	0.00854700854701	0	0.529914529915	
0.0683760683761	0.034188034188	0.0598290598291	0.0598290598291	0.0512820512821	0.00854700854701	0.017094017094	0.034188034188	0	0	0.666666666667	
0.0683760683761	0.042735042735	0.0598290598291	0.042735042735	0.025641025641	0.034188034188	0.025641025641	0.0512820512821	0.025641025641	0.025641025641	0.598290598291	
0.025641025641	0.042735042735	0.0683760683761	0.119658119658	0.025641025641	0.042735042735	0.025641025641	0.017094017094	0.017094017094	0.017094017094	0.598290598291	
0.042735042735	0.0598290598291	0.0854700854701	0.0598290598291	0.034188034188	0.0683760683761	0.017094017094	0.0512820512821	0.034188034188	0.00854700854701	0.538461538462	
0.042735042735	0.042735042735	0.0769230769231	0.0854700854701	0.0598290598291	0.042735042735	0.0512820512821	0.034188034188	0.034188034188	0	0.529914529915	
0.0598290598291	0.0940170940171	0.042735042735	0.025641025641	0.042735042735	0.0598290598291	0.0598290598291	0.025641025641	0.0512820512821	0.00854700854701	0.529914529915	
0.0598290598291	0.0683760683761	0.034188034188	0.0598290598291	0.042735042735	0.034188034188	0.042735042735	0.0769230769231	0.00854700854701	0.025641025641	0.547008547009	
0.111111111111	0.0598290598291	0.0512820512821	0.034188034188	0.034188034188	0.034188034188	0.042735042735	0.017094017094	0.034188034188	0.017094017094	0.564102564103	
0.0512820512821	0.034188034188	0.0598290598291	0.0854700854701	0.025641025641	0.042735042735	0.017094017094	0.00854700854701	0.017094017094	0.017094017094	0.641025641026	
0.0598290598291	0.0940170940171	0.017094017094	0.0769230769231	0.025641025641	0.0512820512821	0.042735042735	0.00854700854701	0.042735042735	0	0.581196581197	
0.025641025641	0.0598290598291	0.0683760683761	0.0598290598291	0.0512820512821	0.017094017094	0.025641025641	0.00854700854701	0.025641025641	0.017094017094	0.641025641026	
0.0854700854701	0.042735042735	0.0512820512821	0.0683760683761	0.0512820512821	0.025641025641	0.0512820512821	0.017094017094	0.00854700854701	0	0.598290598291	
0.102564102564	0.0940170940171	0.0512820512821	0.017094017094	0.0598290598291	0.034188034188	0.0512820512821	0.042735042735	0.00854700854701	0	0.538461538462	
0.0683760683761	0.0769230769231	0.0598290598291	0.0598290598291	0.0598290598291	0.0512820512821	0.025641025641	0.034188034188	0.042735042735	0.034188034188	0.487179487179	
0.034188034188	0.042735042735	0.0683760683761	0.017094017094	0.025641025641	0.034188034188	0.025641025641	0.042735042735	0.025641025641	0.00854700854701	0.675213675214	
0.0854700854701	0.042735042735	0.0940170940171	0.0854700854701	0.00854700854701	0.025641025641	0.025641025641	0.025641025641	0	0.025641025641	0.581196581197	
0.0598290598291	0.0854700854701	0.0683760683761	0.0512820512821	0.025641025641	0.025641025641	0.017094017094	0.017094017094	0.042735042735	0.00854700854701	0.598290598291	
0.0512820512821	0.0769230769231	0.102564102564	0.0512820512821	0.0512820512821	0.042735042735	0.042735042735	0.034188034188	0	0	0.547008547009	
0.0598290598291	0.0512820512821	0.0598290598291	0.0854700854701	0.042735042735	0.0598290598291	0.025641025641	0.034188034188	0.025641025641	0.017094017094	0.538461538462	
0.0598290598291	0.0769230769231	0.111111111111	0.0683760683761	0.025641025641	0.017094017094	0.017094017094	0.025641025641	0.042735042735	0	0.555555555556	
0.0683760683761	0.034188034188	0.0683760683761	0.0683760683761	0.017094017094	0.034188034188	0.042735042735	0.034188034188	0.025641025641	0.00854700854701	0.598290598291	
0.0512820512821	0.042735042735	0.034188034188	0.0598290598291	0.00854700854701	0.042735042735	0.025641025641	0.017094017094	0.017094017094	0.025641025641	0.675213675214	
0.034188034188	0.025641025641	0.0683760683761	0.034188034188	0.0512820512821	0.0598290598291	0.034188034188	0.025641025641	0.025641025641	0.00854700854701	0.632478632479	
0.0683760683761	0.025641025641	0.0769230769231	0.0512820512821	0.042735042735	0.017094017094	0.034188034188	0.00854700854701	0.017094017094	0	0.65811965812	
0.0683760683761	0.0512820512821	0.0512820512821	0.0512820512821	0.017094017094	0.034188034188	0.034188034188	0.042735042735	0.00854700854701	0	0.641025641026	
0.034188034188	0.0769230769231	0.0598290598291	0.0512820512821	0.034188034188	0	0.042735042735	0.017094017094	0.017094017094	0.017094017094	0.649572649573	
0.0940170940171	0.0683760683761	0.0512820512821	0.0769230769231	0	0.034188034188	0.0512820512821	0.017094017094	0.017094017094	0	0.589743589744	
0.0598290598291	0.00854700854701	0.025641025641	0.0769230769231	0.00854700854701	0.0598290598291	0.034188034188	0.0512820512821	0.042735042735	0.00854700854701	0.623931623932	
0.0854700854701	0.0854700854701	0.0854700854701	0.025641025641	0.025641025641	0.025641025641	0.034188034188	0.0512820512821	0.025641025641	0	0.555555555556	
0.0940170940171	0.0598290598291	0.0598290598291	0.0683760683761	0	0.00854700854701	0.00854700854701	0.017094017094	0.025641025641	0	0.65811965812	
0.0598290598291	0.0683760683761	0.0940170940171	0.042735042735	0.00854700854701	0.00854700854701	0.034188034188	0.034188034188	0.042735042735	0.00854700854701	0.598290598291	
0.0854700854701	0.0512820512821	0.0512820512821	0.0512820512821	0.0512820512821	0.017094017094	0.042735042735	0.0598290598291	0.025641025641	0.017094017094	0.547008547009	
0.0512820512821	0.034188034188	0.0683760683761	0.034188034188	0.034188034188	0.025641025641	0.025641025641	0.0512820512821	0.017094017094	0.00854700854701	0.649572649573	
0.0598290598291	0.0512820512821	0.0769230769231	0.0683760683761	0.017094017094	0.025641025641	0.034188034188	0.0683760683761	0.0512820512821	0.00854700854701	0.538461538462	
0.0512820512821	0.0598290598291	0.042735042735	0.042735042735	0.0598290598291	0.0598290598291	0.00854700854701	0.025641025641	0.0512820512821	0.00854700854701	0.589743589744	
0.0598290598291	0.0598290598291	0.042735042735	0.042735042735	0.0683760683761	0.017094017094	0.0598290598291	0.017094017094	0.017094017094	0.017094017094	0.598290598291	
0.0854700854701	0.025641025641	0.0683760683761	0.0598290598291	0.017094017094	0.034188034188	0.025641025641	0.0512820512821	0	0.025641025641	0.606837606838	
0.0598290598291	0.0512820512821	0.00854700854701	0.042735042735	0.034188034188	0.0512820512821	0.042735042735	0.0598290598291	0.034188034188	0.00854700854701	0.606837606838	
0.0683760683761	0.025641025641	0.042735042735	0.034188034188	0.0512820512821	0.034188034188	0.017094017094	0.034188034188	0.025641025641	0.017094017094	0.649572649573	
0.0854700854701	0.025641025641	0.034188034188	0.0512820512821	0.034188034188	0.034188034188	0.034188034188	0.025641025641	0.025641025641	0	0.649572649573	
0.111111111111	0.017094017094	0.0769230769231	0.0512820512821	0.025641025641	0.034188034188	0.0512820512821	0.0512820512821	0.017094017094	0.00854700854701	0.555555555556	
0.0512820512821	0.042735042735	0.0683760683761	0.0683760683761	0.017094017094	0.042735042735	0.017094017094	0.034188034188	0.042735042735	0.00854700854701	0.606837606838	
0.0512820512821	0.025641025641	0.0512820512821	0.025641025641	0.00854700854701	0.017094017094	0.0769230769231	0.034188034188	0.042735042735	0.00854700854701	0.65811965812	
0.136752136752	0.0683760683761	0.034188034188	0.0683760683761	0.00854700854701	0.025641025641	0.00854700854701	0.017094017094	0.0512820512821	0.017094017094	0.564102564103	
0.034188034188	0.034188034188	0.0683760683761	0.034188034188	0.025641025641	0.017094017094	0.0512820512821	0.0598290598291	0.017094017094	0.00854700854701	0.649572649573	
0.0854700854701	0.0598290598291	0.0598290598291	0.0512820512821	0.0512820512821	0.017094017094	0	0.00854700854701	0.034188034188	0.025641025641	0.606837606838	
0.042735042735	0.0769230769231	0.042735042735	0.00854700854701	0.0512820512821	0.0940170940171	0.034188034188	0.042735042735	0.017094017094	0.017094017094	0.57264957265	
0.111111111111	0.017094017094	0.0683760683761	0.042735042735	0.0512820512821	0.0512820512821	0.034188034188	0.017094017094	0.034188034188	0.034188034188	0.538461538462	
0.017094017094	0.0854700854701	0.042735042735	0.0769230769231	0.025641025641	0.00854700854701	0	0.034188034188	0.017094017094	0.025641025641	0.666666666667	
0.0940170940171	0.025641025641	0.0769230769231	0.0512820512821	0.00854700854701	0.025641025641	0	0.017094017094	0.00854700854701	0.025641025641	0.666666666667	
0.0683760683761	0.034188034188	0.042735042735	0.0598290598291	0.025641025641	0.0683760683761	0.0769230769231	0.025641025641	0.00854700854701	0.025641025641	0.564102564103	
0.0854700854701	0.0512820512821	0.0683760683761	0.0683760683761	0.025641025641	0.034188034188	0.025641025641	0.00854700854701	0	0.017094017094	0.615384615385	
0.0940170940171	0.025641025641	0.0683760683761	0.042735042735	0.025641025641	0	0.025641025641	0.0598290598291	0.042735042735	0.017094017094	0.598290598291	
0.0854700854701	0.0683760683761	0.0683760683761	0.042735042735	0.017094017094	0.034188034188	0.0683760683761	0.034188034188	0.017094017094	0	0.564102564103	
0.0598290598291	0.0512820512821	0.0512820512821	0.042735042735	0.00854700854701	0.025641025641	0	0.034188034188	0.017094017094	0.00854700854701	0.700854700855	
0.042735042735	0.0512820512821	0.042735042735	0.034188034188	0.034188034188	0.025641025641	0.025641025641	0.00854700854701	0.025641025641	0.00854700854701	0.700854700855	
0.0769230769231	0.0512820512821	0.042735042735	0.0854700854701	0.017094017094	0.017094017094	0.042735042735	0.017094017094	0.00854700854701	0.017094017094	0.623931623932	
0.042735042735	0.0512820512821	0.145299145299	0.0854700854701	0.00854700854701	0.025641025641	0.034188034188	0.042735042735	0.025641025641	0.017094017094	0.521367521368	
0.034188034188	0.0683760683761	0.0683760683761	0.0512820512821	0.025641025641	0.025641025641	0.025641025641	0.025641025641	0.017094017094	0.00854700854701	0.649572649573	
0.119658119658	0.0512820512821	0.0512820512821	0.0512820512821	0.017094017094	0.034188034188	0.017094017094	0.042735042735	0.017094017094	0.017094017094	0.581196581197	
0.0683760683761	0.034188034188	0.0512820512821	0.0683760683761	0.017094017094	0.042735042735	0.042735042735	0.025641025641	0.025641025641	0.025641025641	0.598290598291	
0.042735042735	0.0940170940171	0.0512820512821	0.0769230769231	0.025641025641	0.042735042735	0.0769230769231	0.017094017094	0.025641025641	0	0.547008547009	
0.0683760683761	0.042735042735	0.0769230769231	0.0598290598291	0.042735042735	0.025641025641	0.034188034188	0.034188034188	0.017094017094	0.00854700854701	0.589743589744	
0.0940170940171	0.025641025641	0.017094017094	0.111111111111	0.017094017094	0.042735042735	0.017094017094	0.025641025641	0	0	0.649572649573	
0.0854700854701	0.034188034188	0.0769230769231	0.0683760683761	0.042735042735	0.034188034188	0.017094017094	0.00854700854701	0.0598290598291	0.017094017094	0.555555555556	
0.0683760683761	0.017094017094	0.0598290598291	0.0683760683761	0.034188034188	0.042735042735	0.025641025641	0.034188034188	0.025641025641	0	0.623931623932	
0.0854700854701	0.034188034188	0.025641025641	0.0940170940171	0.025641025641	0.034188034188	0.00854700854701	0.025641025641	0.025641025641	0.00854700854701	0.632478632479	
0.0598290598291	0.0512820512821	0.042735042735	0.0512820512821	0.042735042735	0	0.034188034188	0.034188034188	0	0.017094017094	0.666666666667	
0.102564102564	0.0854700854701	0.0940170940171	0.042735042735	0.00854700854701	0.017094017094	0.042735042735	0.017094017094	0.00854700854701	0.017094017094	0.564102564103	
0.0598290598291	0.0512820512821	0.0598290598291	0.0683760683761	0.025641025641	0.017094017094	0.034188034188	0.0683760683761	0.017094017094	0.00854700854701	0.589743589744	
0.0683760683761	0.025641025641	0.042735042735	0.034188034188	0.025641025641	0.0512820512821	0.042735042735	0.00854700854701	0.00854700854701	0.017094017094	0.675213675214	
0.034188034188	0.0683760683761	0.042735042735	0.042735042735	0.025641025641	0.017094017094	0.0512820512821	0.0769230769231	0.034188034188	0.00854700854701	0.598290598291	
0.0512820512821	0.0683760683761	0.0683760683761	0.0769230769231	0.017094017094	0.025641025641	0.042735042735	0.017094017094	0.034188034188	0.017094017094	0.581196581197	
0.034188034188	0.042735042735	0.017094017094	0.0512820512821	0.017094017094	0.025641025641	0.0512820512821	0.0683760683761	0.017094017094	0.025641025641	0.649572649573	
0.0512820512821	0.0512820512821	0.034188034188	0	0.102564102564	0.0683760683761	0.034188034188	0.025641025641	0.00854700854701	0.00854700854701	0.615384615385	
0.0854700854701	0.0598290598291	0.0598290598291	0.0683760683761	0.025641025641	0.017094017094	0.042735042735	0.034188034188	0.025641025641	0.017094017094	0.564102564103	
0.0512820512821	0.025641025641	0.025641025641	0.0512820512821	0.034188034188	0.025641025641	0.00854700854701	0.017094017094	0.034188034188	0	0.726495726496	
0.0854700854701	0.0512820512821	0.042735042735	0.0854700854701	0.025641025641	0.017094017094	0.0512820512821	0.034188034188	0.025641025641	0.00854700854701	0.57264957265	
0.0769230769231	0.0512820512821	0.0598290598291	0.0769230769231	0.042735042735	0.025641025641	0.034188034188	0.017094017094	0.00854700854701	0.00854700854701	0.598290598291	
0.0683760683761	0.042735042735	0.0940170940171	0.0598290598291	0.034188034188	0	0.025641025641	0.042735042735	0.00854700854701	0.0598290598291	0.564102564103	
0.017094017094	0.025641025641	0.042735042735	0.0512820512821	0.034188034188	0.042735042735	0.017094017094	0.00854700854701	0.042735042735	0.00854700854701	0.709401709402	
0.034188034188	0.034188034188	0.0854700854701	0.0769230769231	0.0512820512821	0.034188034188	0.025641025641	0.00854700854701	0.034188034188	0	0.615384615385	
0.0598290598291	0.0512820512821	0.042735042735	0.042735042735	0.0512820512821	0.034188034188	0.0769230769231	0.025641025641	0.025641025641	0	0.589743589744	
0.102564102564	0.034188034188	0.034188034188	0.0512820512821	0.0512820512821	0.017094017094	0.0512820512821	0.00854700854701	0.00854700854701	0	0.641025641026	
0.119658119658	0.042735042735	0.0512820512821	0.025641025641	0.025641025641	0.0512820512821	0.034188034188	0.042735042735	0.017094017094	0.025641025641	0.564102564103	
0.034188034188	0.034188034188	0.0683760683761	0.0598290598291	0.025641025641	0.042735042735	0.034188034188	0.042735042735	0.034188034188	0	0.623931623932	
0.0512820512821	0.017094017094	0.034188034188	0.0940170940171	0.034188034188	0.025641025641	0.0598290598291	0.025641025641	0.025641025641	0.017094017094	0.615384615385	
0.0940170940171	0.102564102564	0.0940170940171	0.042735042735	0.042735042735	0.017094017094	0.034188034188	0.017094017094	0	0.00854700854701	0.547008547009	
0.0683760683761	0.034188034188	0.0598290598291	0.042735042735	0	0.034188034188	0.017094017094	0.017094017094	0.017094017094	0	0.709401709402	
0.0598290598291	0.0598290598291	0.034188034188	0.0683760683761	0.042735042735	0.025641025641	0.017094017094	0.025641025641	0.042735042735	0.00854700854701	0.615384615385	
0.0598290598291	0.034188034188	0.017094017094	0.0769230769231	0.017094017094	0.0512820512821	0.0683760683761	0.034188034188	0.042735042735	0.017094017094	0.581196581197	
0.0512820512821	0.042735042735	0.0512820512821	0.0512820512821	0.0598290598291	0.00854700854701	0.025641025641	0.025641025641	0.034188034188	0	0.649572649573	
0.0598290598291	0.034188034188	0.025641025641	0.0598290598291	0.025641025641	0.017094017094	0.034188034188	0.042735042735	0.034188034188	0.034188034188	0.632478632479	
0.0512820512821	0.042735042735	0.042735042735	0.0940170940171	0.025641025641	0.0512820512821	0.017094017094	0.025641025641	0.017094017094	0.034188034188	0.598290598291	
0.042735042735	0.042735042735	0.034188034188	0.119658119658	0.034188034188	0.017094017094	0.034188034188	0.025641025641	0.034188034188	0.00854700854701	0.606837606838	
0.0854700854701	0.034188034188	0.0598290598291	0.025641025641	0.034188034188	0.0512820512821	0.042735042735	0.017094017094	0.042735042735	0.00854700854701	0.598290598291	
0.034188034188	0.0683760683761	0.042735042735	0.0598290598291	0.017094017094	0.025641025641	0.034188034188	0.042735042735	0.025641025641	0.00854700854701	0.641025641026	
0.0683760683761	0.0598290598291	0.0683760683761	0.042735042735	0.025641025641	0.017094017094	0.00854700854701	0.017094017094	0.00854700854701	0	0.683760683761	
0.0598290598291	0.0769230769231	0.034188034188	0.0598290598291	0.034188034188	0	0.042735042735	0.017094017094	0.025641025641	0	0.649572649573	
0.0769230769231	0.042735042735	0.042735042735	0.0683760683761	0.034188034188	0.0598290598291	0.025641025641	0.017094017094	0.034188034188	0.00854700854701	0.589743589744	
0.0683760683761	0.025641025641	0.0598290598291	0.042735042735	0.017094017094	0.0769230769231	0	0.025641025641	0.017094017094	0	0.666666666667	
0.0769230769231	0.017094017094	0.042735042735	0.0598290598291	0.025641025641	0.0512820512821	0.025641025641	0.017094017094	0.00854700854701	0	0.675213675214	
0.017094017094	0.0683760683761	0.0683760683761	0.0598290598291	0.017094017094	0.034188034188	0.017094017094	0.034188034188	0.017094017094	0.025641025641	0.641025641026	
0.042735042735	0.0683760683761	0	0.017094017094	0.025641025641	0.034188034188	0.034188034188	0.0683760683761	0.017094017094	0.00854700854701	0.683760683761	
0.017094017094	0	0	0	0.034188034188	0.025641025641	0.017094017094	0.025641025641	0	0.00854700854701	0.871794871795	
0	0.00854700854701	0	0.00854700854701	0.042735042735	0.0598290598291	0.00854700854701	0.017094017094	0.034188034188	0	0.820512820513	
0.00854700854701	0	0.017094017094	0	0	0.017094017094	0.025641025641	0.042735042735	0.025641025641	0.025641025641	0.837606837607	
0	0	0	0	0	0.034188034188	0.025641025641	0.00854700854701	0.034188034188	0.025641025641	0.871794871795	
0	0	0.017094017094	0.00854700854701	0	0.017094017094	0.034188034188	0.025641025641	0.025641025641	0.017094017094	0.854700854701	
0	0.017094017094	0.017094017094	0	0	0.042735042735	0.0854700854701	0.017094017094	0.0598290598291	0.00854700854701	0.752136752137	
0.102564102564	0.042735042735	0.0940170940171	0.042735042735	0.025641025641	0	0.00854700854701	0.025641025641	0.025641025641	0.025641025641	0.606837606838	
0.102564102564	0.0598290598291	0.034188034188	0.0940170940171	0.025641025641	0.025641025641	0.034188034188	0.025641025641	0.025641025641	0.017094017094	0.555555555556	
0.0769230769231	0.025641025641	0.0512820512821	0.0512820512821	0.025641025641	0.017094017094	0.042735042735	0.034188034188	0.017094017094	0.017094017094	0.641025641026	
0.0598290598291	0.0598290598291	0.0598290598291	0.042735042735	0.017094017094	0.042735042735	0.0512820512821	0.034188034188	0.0598290598291	0.00854700854701	0.564102564103	
0.102564102564	0.025641025641	0.034188034188	0.0854700854701	0.025641025641	0.025641025641	0.017094017094	0.0598290598291	0.042735042735	0.00854700854701	0.57264957265	
0.034188034188	0.034188034188	0.0512820512821	0.042735042735	0.025641025641	0.0854700854701	0.017094017094	0.034188034188	0.017094017094	0.00854700854701	0.649572649573	
0.0512820512821	0.042735042735	0.0683760683761	0.042735042735	0.00854700854701	0	0.034188034188	0.034188034188	0	0.017094017094	0.700854700855	
0.102564102564	0.0512820512821	0.0940170940171	0.042735042735	0.0512820512821	0.025641025641	0.0512820512821	0.034188034188	0	0.00854700854701	0.538461538462	
0.0854700854701	0.0598290598291	0.0512820512821	0.042735042735	0.025641025641	0.034188034188	0.0512820512821	0.025641025641	0.017094017094	0	0.606837606838	
0.034188034188	0.0598290598291	0.0598290598291	0.034188034188	0.0512820512821	0.034188034188	0.025641025641	0.017094017094	0	0.025641025641	0.65811965812	
0.102564102564	0.102564102564	0.0683760683761	0.0854700854701	0.0512820512821	0.034188034188	0.034188034188	0.042735042735	0.017094017094	0.034188034188	0.42735042735	
0.0598290598291	0.042735042735	0.034188034188	0.0598290598291	0.025641025641	0.034188034188	0.0512820512821	0.0512820512821	0.025641025641	0.034188034188	0.581196581197	
0.034188034188	0.0598290598291	0.0512820512821	0.034188034188	0.042735042735	0.017094017094	0.017094017094	0.0769230769231	0	0	0.666666666667	
0.153846153846	0.0512820512821	0.0512820512821	0.042735042735	0.0512820512821	0.034188034188	0.034188034188	0.042735042735	0.0598290598291	0.034188034188	0.444444444444	
0.0683760683761	0.042735042735	0.0854700854701	0.042735042735	0.042735042735	0.025641025641	0.017094017094	0.042735042735	0.017094017094	0.00854700854701	0.606837606838	
0.034188034188	0.025641025641	0.034188034188	0.0854700854701	0.0683760683761	0.042735042735	0.025641025641	0.042735042735	0.017094017094	0.017094017094	0.606837606838	
0.0598290598291	0.042735042735	0.0769230769231	0.017094017094	0.042735042735	0.034188034188	0.042735042735	0.042735042735	0.00854700854701	0	0.632478632479	
0.136752136752	0.0598290598291	0.0512820512821	0.034188034188	0.00854700854701	0.025641025641	0.0512820512821	0.042735042735	0.025641025641	0.034188034188	0.529914529915	
0.034188034188	0.034188034188	0.042735042735	0.034188034188	0.034188034188	0.0512820512821	0.034188034188	0.017094017094	0.017094017094	0.017094017094	0.683760683761	
0.0769230769231	0.0512820512821	0.0598290598291	0.0769230769231	0.00854700854701	0.042735042735	0.025641025641	0.025641025641	0.00854700854701	0.025641025641	0.598290598291	
0.0854700854701	0.00854700854701	0.034188034188	0.0598290598291	0.025641025641	0.0512820512821	0.025641025641	0.042735042735	0.0598290598291	0.00854700854701	0.598290598291	
0.0854700854701	0.034188034188	0.0854700854701	0.102564102564	0.017094017094	0.034188034188	0.025641025641	0.025641025641	0.00854700854701	0.00854700854701	0.57264957265	
0.0854700854701	0.034188034188	0.034188034188	0.042735042735	0.025641025641	0.034188034188	0.034188034188	0.017094017094	0.025641025641	0.00854700854701	0.65811965812	
0.034188034188	0.0512820512821	0.0598290598291	0.0769230769231	0.0512820512821	0.0512820512821	0.042735042735	0.042735042735	0.0598290598291	0	0.529914529915	
0.042735042735	0.034188034188	0.042735042735	0.0598290598291	0.0512820512821	0.025641025641	0.034188034188	0.0769230769231	0.025641025641	0.017094017094	0.589743589744	
0.0769230769231	0.042735042735	0.025641025641	0.042735042735	0.017094017094	0.042735042735	0.042735042735	0.0683760683761	0.00854700854701	0	0.632478632479	
0.0769230769231	0.042735042735	0.042735042735	0.042735042735	0.034188034188	0.017094017094	0.025641025641	0.0598290598291	0.025641025641	0	0.632478632479	
0.0683760683761	0.025641025641	0.0598290598291	0.0512820512821	0.034188034188	0.042735042735	0.034188034188	0.042735042735	0.017094017094	0.00854700854701	0.615384615385	
0.017094017094	0.034188034188	0.0598290598291	0.042735042735	0.042735042735	0.042735042735	0.017094017094	0.034188034188	0.00854700854701	0.00854700854701	0.692307692308	
0.0769230769231	0.042735042735	0.025641025641	0.0512820512821	0.0598290598291	0.042735042735	0.025641025641	0.017094017094	0.025641025641	0	0.632478632479	
0.0683760683761	0.025641025641	0.0512820512821	0.042735042735	0.034188034188	0.042735042735	0.042735042735	0.042735042735	0.017094017094	0.017094017094	0.615384615385	
0.0683760683761	0.042735042735	0.0683760683761	0.0512820512821	0.034188034188	0.00854700854701	0.025641025641	0.0598290598291	0.034188034188	0.00854700854701	0.598290598291	
0.0769230769231	0.017094017094	0.0598290598291	0.0769230769231	0.0598290598291	0.042735042735	0	0.017094017094	0.00854700854701	0.025641025641	0.615384615385	
0.0940170940171	0.0854700854701	0.042735042735	0.0683760683761	0.025641025641	0.017094017094	0.025641025641	0.034188034188	0.025641025641	0.017094017094	0.564102564103	
0.0512820512821	0.025641025641	0.034188034188	0.0683760683761	0.00854700854701	0.042735042735	0.034188034188	0.042735042735	0.034188034188	0.00854700854701	0.649572649573	
0.042735042735	0.0512820512821	0.034188034188	0.0598290598291	0.034188034188	0.042735042735	0.025641025641	0.042735042735	0.025641025641	0.017094017094	0.623931623932	
0.0854700854701	0.0769230769231	0.034188034188	0.0598290598291	0.0512820512821	0.025641025641	0.042735042735	0.034188034188	0.025641025641	0	0.564102564103	
0.017094017094	0.034188034188	0.042735042735	0.0769230769231	0.025641025641	0.00854700854701	0.025641025641	0.034188034188	0.034188034188	0.0598290598291	0.641025641026	
0.0854700854701	0.042735042735	0.0683760683761	0.0512820512821	0.034188034188	0.025641025641	0.042735042735	0.0769230769231	0	0.00854700854701	0.564102564103	
0.0769230769231	0.0512820512821	0.0940170940171	0.0598290598291	0.042735042735	0.017094017094	0.034188034188	0.034188034188	0.025641025641	0.00854700854701	0.555555555556	
0.0512820512821	0.017094017094	0.0598290598291	0.042735042735	0.017094017094	0.034188034188	0.017094017094	0.0598290598291	0	0.025641025641	0.675213675214	
0.0683760683761	0.025641025641	0.0683760683761	0.0598290598291	0.034188034188	0.042735042735	0.00854700854701	0.017094017094	0.034188034188	0.00854700854701	0.632478632479	
0.102564102564	0.042735042735	0.034188034188	0.042735042735	0.0683760683761	0.017094017094	0.034188034188	0.0512820512821	0.034188034188	0.017094017094	0.555555555556	
0.00854700854701	0.0512820512821	0.0598290598291	0.0769230769231	0.017094017094	0.0512820512821	0.025641025641	0.0512820512821	0.017094017094	0	0.641025641026	
0.0854700854701	0.0512820512821	0.0512820512821	0.0683760683761	0	0.042735042735	0.042735042735	0.042735042735	0.025641025641	0	0.589743589744	
0.0769230769231	0.0769230769231	0.017094017094	0.0512820512821	0.0512820512821	0.034188034188	0.0512820512821	0.042735042735	0.00854700854701	0.017094017094	0.57264957265	
0.0769230769231	0.0598290598291	0.0598290598291	0.034188034188	0.00854700854701	0.042735042735	0.025641025641	0.042735042735	0.017094017094	0.00854700854701	0.623931623932	
0.0769230769231	0.042735042735	0.042735042735	0.0683760683761	0.025641025641	0.034188034188	0.017094017094	0.025641025641	0.042735042735	0	0.623931623932	
0.0769230769231	0.0598290598291	0.0512820512821	0.0769230769231	0.017094017094	0.042735042735	0.0512820512821	0.017094017094	0.025641025641	0	0.581196581197	
0.0512820512821	0.025641025641	0.0598290598291	0.0512820512821	0.034188034188	0.034188034188	0.0512820512821	0.034188034188	0.025641025641	0.025641025641	0.606837606838	
0.0854700854701	0.042735042735	0.034188034188	0.0512820512821	0.042735042735	0.034188034188	0.034188034188	0.034188034188	0.042735042735	0.025641025641	0.57264957265	
0.119658119658	0.0683760683761	0.034188034188	0.0683760683761	0.034188034188	0.017094017094	0.00854700854701	0.00854700854701	0.0512820512821	0.042735042735	0.547008547009	
0.0940170940171	0.0512820512821	0.0512820512821	0.0683760683761	0.025641025641	0.017094017094	0.0512820512821	0.0512820512821	0.0512820512821	0.017094017094	0.521367521368	
0.034188034188	0.0512820512821	0.0512820512821	0.0683760683761	0.025641025641	0.00854700854701	0.034188034188	0.034188034188	0.025641025641	0.00854700854701	0.65811965812	
0.0683760683761	0.0683760683761	0.0683760683761	0.0512820512821	0.017094017094	0.0598290598291	0.034188034188	0	0.00854700854701	0.017094017094	0.606837606838	
0.0769230769231	0.034188034188	0.0854700854701	0.0512820512821	0.0512820512821	0.034188034188	0	0.017094017094	0.017094017094	0.00854700854701	0.623931623932	
0.0598290598291	0.0598290598291	0.0598290598291	0.034188034188	0.0598290598291	0.017094017094	0.0512820512821	0.017094017094	0.034188034188	0.017094017094	0.589743589744	
0.0683760683761	0.025641025641	0.0683760683761	0.0512820512821	0.00854700854701	0.034188034188	0.042735042735	0.034188034188	0.034188034188	0.00854700854701	0.623931623932	
0.017094017094	0.0854700854701	0.017094017094	0.042735042735	0.025641025641	0.025641025641	0.0512820512821	0.025641025641	0.025641025641	0.00854700854701	0.675213675214	
0.0683760683761	0.0598290598291	0.0598290598291	0.128205128205	0.0598290598291	0.025641025641	0.017094017094	0.034188034188	0.017094017094	0.017094017094	0.512820512821	
0.0598290598291	0.0512820512821	0.0854700854701	0.034188034188	0.025641025641	0.0598290598291	0.034188034188	0.034188034188	0.00854700854701	0.017094017094	0.589743589744	
0.0512820512821	0.025641025641	0.0683760683761	0.0769230769231	0.025641025641	0.025641025641	0.025641025641	0.042735042735	0.042735042735	0.017094017094	0.598290598291	
0.0512820512821	0.0598290598291	0.0683760683761	0.0769230769231	0.034188034188	0.017094017094	0.034188034188	0.0598290598291	0	0.017094017094	0.581196581197	
0.0512820512821	0.017094017094	0.0769230769231	0.042735042735	0.025641025641	0	0.0512820512821	0.017094017094	0.025641025641	0.017094017094	0.675213675214	
0.102564102564	0.0512820512821	0.0598290598291	0.025641025641	0.042735042735	0.042735042735	0.017094017094	0.042735042735	0.042735042735	0.025641025641	0.547008547009	
0.025641025641	0.025641025641	0.034188034188	0.0512820512821	0.017094017094	0.042735042735	0.025641025641	0.00854700854701	0.017094017094	0	0.752136752137	
0.111111111111	0.0512820512821	0.0512820512821	0.0598290598291	0.025641025641	0.025641025641	0.042735042735	0.017094017094	0.034188034188	0.034188034188	0.547008547009	
0.042735042735	0.111111111111	0.0769230769231	0.0683760683761	0.0512820512821	0	0.017094017094	0.025641025641	0.00854700854701	0.017094017094	0.581196581197	
0.0598290598291	0.0512820512821	0.111111111111	0.0512820512821	0.025641025641	0.025641025641	0.042735042735	0.017094017094	0.025641025641	0	0.589743589744	
0.0683760683761	0.0512820512821	0.0512820512821	0.0940170940171	0.034188034188	0.00854700854701	0.025641025641	0.00854700854701	0.00854700854701	0.025641025641	0.623931623932	
0.0854700854701	0.102564102564	0.111111111111	0.0512820512821	0.017094017094	0.042735042735	0.017094017094	0.017094017094	0	0	0.555555555556	
0.042735042735	0.102564102564	0.0512820512821	0.0598290598291	0.042735042735	0.025641025641	0.042735042735	0.017094017094	0.042735042735	0.00854700854701	0.564102564103	
0.0854700854701	0.0683760683761	0.0598290598291	0.0512820512821	0.0512820512821	0.00854700854701	0.034188034188	0.017094017094	0.017094017094	0.00854700854701	0.598290598291	
0.0769230769231	0.0769230769231	0.0683760683761	0.0769230769231	0.034188034188	0.017094017094	0.034188034188	0.017094017094	0.017094017094	0	0.581196581197	
0.0940170940171	0.0598290598291	0.0512820512821	0.0512820512821	0.017094017094	0.034188034188	0.017094017094	0.025641025641	0.025641025641	0	0.623931623932	
0.042735042735	0.0512820512821	0.034188034188	0.0598290598291	0.025641025641	0.025641025641	0.0512820512821	0.00854700854701	0.0512820512821	0.00854700854701	0.641025641026	
0.034188034188	0.0512820512821	0.0769230769231	0.0512820512821	0.042735042735	0.025641025641	0.0512820512821	0.025641025641	0.017094017094	0.025641025641	0.598290598291	
0.0683760683761	0.025641025641	0.0854700854701	0.102564102564	0.025641025641	0.017094017094	0.025641025641	0	0.00854700854701	0	0.641025641026	
0.0512820512821	0.0512820512821	0.0512820512821	0.042735042735	0.025641025641	0.017094017094	0.025641025641	0.034188034188	0.025641025641	0	0.675213675214	
0.0598290598291	0.0512820512821	0.042735042735	0.042735042735	0.017094017094	0.017094017094	0.034188034188	0.017094017094	0.025641025641	0.017094017094	0.675213675214	
0.0769230769231	0.0683760683761	0.034188034188	0.0512820512821	0.0769230769231	0.0940170940171	0.00854700854701	0.042735042735	0.034188034188	0.025641025641	0.487179487179	
0.0598290598291	0.0683760683761	0.025641025641	0.034188034188	0.034188034188	0.042735042735	0.042735042735	0.025641025641	0.017094017094	0.00854700854701	0.641025641026	
0.034188034188	0.034188034188	0.0683760683761	0.0854700854701	0.017094017094	0.00854700854701	0.017094017094	0.042735042735	0.00854700854701	0.034188034188	0.649572649573	
0.0683760683761	0.034188034188	0.0598290598291	0.0854700854701	0.0512820512821	0.00854700854701	0.034188034188	0.0512820512821	0.00854700854701	0.025641025641	0.57264957265	
0.0512820512821	0.042735042735	0.0683760683761	0.025641025641	0.025641025641	0.0512820512821	0.042735042735	0.0598290598291	0.034188034188	0.017094017094	0.581196581197	
0.025641025641	0.042735042735	0.00854700854701	0.0512820512821	0.025641025641	0.025641025641	0.0512820512821	0.017094017094	0.025641025641	0.00854700854701	0.717948717949	
0.0940170940171	0.034188034188	0.0598290598291	0.0598290598291	0.025641025641	0.034188034188	0.034188034188	0.0769230769231	0.00854700854701	0.017094017094	0.555555555556	
0.0598290598291	0.034188034188	0.0512820512821	0.025641025641	0.0512820512821	0.025641025641	0.017094017094	0.034188034188	0.034188034188	0.00854700854701	0.65811965812	
0.034188034188	0.042735042735	0.0769230769231	0.0598290598291	0.034188034188	0.0598290598291	0.017094017094	0.042735042735	0.0512820512821	0.00854700854701	0.57264957265	
0.0769230769231	0.034188034188	0.0769230769231	0.0854700854701	0.0769230769231	0.025641025641	0.025641025641	0.025641025641	0.025641025641	0.025641025641	0.521367521368	
0.0683760683761	0.034188034188	0.111111111111	0.0769230769231	0.034188034188	0.034188034188	0.034188034188	0.0512820512821	0.017094017094	0.017094017094	0.521367521368	
0.042735042735	0.0512820512821	0.0683760683761	0.0940170940171	0.025641025641	0.017094017094	0.025641025641	0.00854700854701	0.017094017094	0.017094017094	0.632478632479	
0.0769230769231	0.025641025641	0.0683760683761	0.0512820512821	0.042735042735	0.0512820512821	0.034188034188	0.0512820512821	0.017094017094	0	0.581196581197	
0.0512820512821	0.034188034188	0.0769230769231	0.0769230769231	0.034188034188	0.017094017094	0.042735042735	0.042735042735	0.025641025641	0.042735042735	0.555555555556	
0.0769230769231	0.042735042735	0.0598290598291	0.042735042735	0.017094017094	0.034188034188	0.034188034188	0.025641025641	0.017094017094	0.017094017094	0.632478632479	
0.0854700854701	0.0598290598291	0.0854700854701	0.025641025641	0.017094017094	0.034188034188	0.017094017094	0.0512820512821	0.017094017094	0.017094017094	0.589743589744	
0.017094017094	0.034188034188	0.0769230769231	0.0683760683761	0.017094017094	0.042735042735	0.042735042735	0.042735042735	0.00854700854701	0.034188034188	0.615384615385	
0.0769230769231	0.0769230769231	0.0683760683761	0.0598290598291	0.017094017094	0.025641025641	0	0.00854700854701	0.042735042735	0.017094017094	0.606837606838	
0.0598290598291	0.017094017094	0.0854700854701	0.0769230769231	0.025641025641	0	0.017094017094	0.034188034188	0.017094017094	0	0.666666666667	
0.0512820512821	0.0769230769231	0.0769230769231	0.0512820512821	0.025641025641	0.0512820512821	0.042735042735	0.017094017094	0.017094017094	0.025641025641	0.564102564103	
0.0854700854701	0.0940170940171	0.042735042735	0.0683760683761	0.017094017094	0.025641025641	0.025641025641	0.025641025641	0.034188034188	0	0.581196581197	
0.0598290598291	0.0512820512821	0.0683760683761	0.0598290598291	0.025641025641	0.0512820512821	0.034188034188	0.00854700854701	0.042735042735	0.025641025641	0.57264957265	
0.0683760683761	0.0598290598291	0.0683760683761	0.0683760683761	0.00854700854701	0.017094017094	0.034188034188	0	0	0	0.675213675214	
0.0940170940171	0.102564102564	0.017094017094	0.0854700854701	0.00854700854701	0.00854700854701	0.042735042735	0.00854700854701	0.025641025641	0.00854700854701	0.598290598291	
0.042735042735	0.034188034188	0.0940170940171	0.034188034188	0.034188034188	0.034188034188	0.0512820512821	0.034188034188	0.025641025641	0	0.615384615385	
0.0769230769231	0.0769230769231	0.0598290598291	0.034188034188	0.042735042735	0.025641025641	0.025641025641	0.034188034188	0.025641025641	0.00854700854701	0.589743589744	
0.102564102564	0.0598290598291	0.0598290598291	0.0854700854701	0.042735042735	0.017094017094	0.017094017094	0.042735042735	0.025641025641	0	0.547008547009	
0.0512820512821	0.0512820512821	0.042735042735	0.034188034188	0.034188034188	0.0512820512821	0.025641025641	0.034188034188	0.0598290598291	0.017094017094	0.598290598291	
0.0598290598291	0.102564102564	0.034188034188	0.0683760683761	0.017094017094	0.025641025641	0.025641025641	0.042735042735	0.034188034188	0.025641025641	0.564102564103	
0.111111111111	0.042735042735	0.025641025641	0.0512820512821	0.042735042735	0.034188034188	0.017094017094	0.0512820512821	0.0598290598291	0	0.564102564103	
0.025641025641	0.034188034188	0.0683760683761	0.102564102564	0.025641025641	0.034188034188	0.025641025641	0.017094017094	0.00854700854701	0.00854700854701	0.649572649573	
0.0512820512821	0	0.034188034188	0.0598290598291	0.017094017094	0.017094017094	0.034188034188	0.0512820512821	0.017094017094	0.0512820512821	0.666666666667	
0.0683760683761	0.042735042735	0.0683760683761	0.0940170940171	0.042735042735	0.034188034188	0.017094017094	0.025641025641	0	0.017094017094	0.589743589744	
0.0598290598291	0.0512820512821	0.0854700854701	0.034188034188	0.025641025641	0.0683760683761	0.042735042735	0.025641025641	0.017094017094	0.00854700854701	0.581196581197	
0.034188034188	0.0598290598291	0.0512820512821	0.0512820512821	0.00854700854701	0.042735042735	0.042735042735	0.034188034188	0.034188034188	0.017094017094	0.623931623932	
0.042735042735	0.0598290598291	0.0598290598291	0.0598290598291	0	0.025641025641	0.025641025641	0.025641025641	0.042735042735	0.017094017094	0.641025641026	
0.0854700854701	0.042735042735	0.042735042735	0.0512820512821	0.034188034188	0.025641025641	0.017094017094	0.034188034188	0.017094017094	0	0.649572649573	
0.034188034188	0.042735042735	0.00854700854701	0.042735042735	0.0512820512821	0.025641025641	0.0683760683761	0.0769230769231	0.025641025641	0	0.623931623932	
0.0683760683761	0.042735042735	0.0683760683761	0.0598290598291	0.042735042735	0.034188034188	0.034188034188	0.034188034188	0	0.00854700854701	0.606837606838	
0.0683760683761	0.0683760683761	0.0940170940171	0.025641025641	0.017094017094	0.025641025641	0.0512820512821	0.017094017094	0.025641025641	0.00854700854701	0.598290598291	
0.025641025641	0.034188034188	0.0598290598291	0.0512820512821	0.0512820512821	0	0.00854700854701	0	0.025641025641	0.00854700854701	0.735042735043	
0.017094017094	0.042735042735	0	0	0.017094017094	0	0	0	0.017094017094	0.017094017094	0.888888888889	
0	0	0.034188034188	0.00854700854701	0.0598290598291	0	0	0	0	0.042735042735	0.854700854701	
0.017094017094	0	0	0	0.0598290598291	0	0	0	0	0.017094017094	0.905982905983	
0	0	0	0	0	0	0	0	0	0	1.0	
0	0	0	0	0	0	0.00854700854701	0	0	0.017094017094	0.974358974359	
0	0	0	0	0	0	0	0	0	0.00854700854701	0.991452991453	
0	0	0	0	0	0	0	0	0	0.017094017094	0.982905982906	
0.0683760683761	0.042735042735	0.0769230769231	0.034188034188	0.00854700854701	0.042735042735	0.025641025641	0.017094017094	0.017094017094	0.00854700854701	0.65811965812	
0.0769230769231	0.0769230769231	0.0512820512821	0.0598290598291	0.042735042735	0.025641025641	0.0512820512821	0.034188034188	0.017094017094	0.00854700854701	0.555555555556	
0.042735042735	0.0940170940171	0.0512820512821	0.042735042735	0.0512820512821	0.025641025641	0.00854700854701	0.025641025641	0.017094017094	0.025641025641	0.615384615385	
0.0598290598291	0.025641025641	0.0598290598291	0.017094017094	0.017094017094	0.00854700854701	0.017094017094	0.0598290598291	0.00854700854701	0	0.726495726496	
0.128205128205	0.034188034188	0.0854700854701	0.025641025641	0.025641025641	0.0512820512821	0.034188034188	0.042735042735	0	0.017094017094	0.555555555556	
0.0683760683761	0.0598290598291	0.034188034188	0.017094017094	0.00854700854701	0.025641025641	0.017094017094	0.034188034188	0.042735042735	0.025641025641	0.666666666667	
0.128205128205	0.025641025641	0.042735042735	0.034188034188	0.017094017094	0.034188034188	0.025641025641	0.0512820512821	0.00854700854701	0.017094017094	0.615384615385	
0.034188034188	0.0683760683761	0.025641025641	0.0598290598291	0.025641025641	0.034188034188	0.00854700854701	0.042735042735	0.042735042735	0	0.65811965812	
0.0940170940171	0.0683760683761	0.0598290598291	0.034188034188	0.025641025641	0.025641025641	0.017094017094	0.042735042735	0.00854700854701	0.00854700854701	0.615384615385	
0.0598290598291	0.0598290598291	0.034188034188	0.034188034188	0.025641025641	0.0512820512821	0.017094017094	0.017094017094	0.017094017094	0	0.683760683761	
0.0683760683761	0.0512820512821	0.042735042735	0.025641025641	0.00854700854701	0.00854700854701	0.0598290598291	0.00854700854701	0.00854700854701	0.017094017094	0.700854700855	
0.025641025641	0.025641025641	0.0512820512821	0.00854700854701	0.025641025641	0.017094017094	0.00854700854701	0.00854700854701	0.00854700854701	0.00854700854701	0.811965811966	
0.0598290598291	0.0683760683761	0.017094017094	0.017094017094	0.00854700854701	0.0512820512821	0.025641025641	0	0.017094017094	0	0.735042735043	
0.0598290598291	0.042735042735	0.102564102564	0.00854700854701	0.025641025641	0.0683760683761	0.00854700854701	0.042735042735	0.017094017094	0.00854700854701	0.615384615385	
0.034188034188	0.0683760683761	0.0940170940171	0.0512820512821	0.017094017094	0.017094017094	0.034188034188	0.025641025641	0.00854700854701	0	0.649572649573	
0.0769230769231	0.042735042735	0.0683760683761	0.0512820512821	0.034188034188	0.042735042735	0.034188034188	0.042735042735	0.017094017094	0	0.589743589744	
0.025641025641	0.034188034188	0.0598290598291	0.017094017094	0.025641025641	0.034188034188	0.0683760683761	0.025641025641	0.017094017094	0.00854700854701	0.683760683761	
0.0598290598291	0.0598290598291	0.0512820512821	0.025641025641	0.00854700854701	0.017094017094	0.00854700854701	0.042735042735	0.042735042735	0.00854700854701	0.675213675214	
0.042735042735	0.0512820512821	0.034188034188	0.034188034188	0.0598290598291	0.0940170940171	0.0683760683761	0.042735042735	0.034188034188	0.017094017094	0.521367521368	
0.102564102564	0.025641025641	0.0769230769231	0.034188034188	0.00854700854701	0.025641025641	0.0598290598291	0.025641025641	0.00854700854701	0.00854700854701	0.623931623932	
0.025641025641	0.025641025641	0.0769230769231	0.034188034188	0.025641025641	0	0.042735042735	0.025641025641	0.025641025641	0	0.717948717949	
0.0940170940171	0.034188034188	0.0683760683761	0.0512820512821	0	0.0512820512821	0.025641025641	0.00854700854701	0.017094017094	0.025641025641	0.623931623932	
0.0598290598291	0.0512820512821	0.0598290598291	0.034188034188	0.025641025641	0.00854700854701	0.025641025641	0.025641025641	0.034188034188	0	0.675213675214	
0.102564102564	0.0598290598291	0.0598290598291	0.034188034188	0.00854700854701	0.0683760683761	0.025641025641	0.00854700854701	0	0.025641025641	0.606837606838	
0.025641025641	0.0512820512821	0.0598290598291	0.017094017094	0.0598290598291	0.034188034188	0.025641025641	0.017094017094	0.034188034188	0	0.675213675214	
0.034188034188	0.042735042735	0.025641025641	0.042735042735	0.034188034188	0.0598290598291	0.0598290598291	0.042735042735	0.017094017094	0.025641025641	0.615384615385	
0.0598290598291	0.025641025641	0.0769230769231	0.0769230769231	0.017094017094	0.034188034188	0.017094017094	0.025641025641	0.00854700854701	0.00854700854701	0.649572649573	
0.111111111111	0.017094017094	0.0598290598291	0.034188034188	0.042735042735	0.0512820512821	0.017094017094	0.00854700854701	0.00854700854701	0.00854700854701	0.641025641026	
0.0854700854701	0.025641025641	0.0683760683761	0.0769230769231	0.025641025641	0.025641025641	0.025641025641	0.034188034188	0.025641025641	0.00854700854701	0.598290598291	
0.0769230769231	0.042735042735	0.042735042735	0.034188034188	0.00854700854701	0.025641025641	0.017094017094	0.0854700854701	0.034188034188	0	0.632478632479	
0.042735042735	0.0683760683761	0.0598290598291	0.042735042735	0.025641025641	0.025641025641	0.00854700854701	0.042735042735	0.042735042735	0.017094017094	0.623931623932	
0.0683760683761	0.042735042735	0.025641025641	0.0769230769231	0.00854700854701	0.017094017094	0.00854700854701	0.034188034188	0.025641025641	0.025641025641	0.666666666667	
0.017094017094	0.042735042735	0.0512820512821	0.042735042735	0.0598290598291	0.0512820512821	0.025641025641	0	0.034188034188	0	0.675213675214	
0.042735042735	0.025641025641	0.0512820512821	0.042735042735	0.025641025641	0.025641025641	0.034188034188	0.0512820512821	0.025641025641	0	0.675213675214	
0.034188034188	0.042735042735	0.0683760683761	0.0512820512821	0.034188034188	0.0598290598291	0.00854700854701	0.0512820512821	0.025641025641	0.00854700854701	0.615384615385	
0.0769230769231	0.025641025641	0.042735042735	0	0.025641025641	0.034188034188	0.00854700854701	0.025641025641	0.034188034188	0.042735042735	0.683760683761	
0.0769230769231	0.017094017094	0.025641025641	0.042735042735	0.017094017094	0.034188034188	0.042735042735	0.042735042735	0.017094017094	0.00854700854701	0.675213675214	
0.0512820512821	0.0598290598291	0.0512820512821	0.0512820512821	0.017094017094	0.0683760683761	0.034188034188	0.00854700854701	0.034188034188	0.017094017094	0.606837606838	
0.0598290598291	0.025641025641	0.017094017094	0.025641025641	0.034188034188	0.0512820512821	0.0683760683761	0.042735042735	0.034188034188	0.034188034188	0.606837606838	
0.0683760683761	0.0598290598291	0.042735042735	0.042735042735	0.017094017094	0.025641025641	0.017094017094	0.042735042735	0.025641025641	0.017094017094	0.641025641026	
0.0854700854701	0.0769230769231	0.034188034188	0.042735042735	0.00854700854701	0.00854700854701	0.0854700854701	0.025641025641	0.025641025641	0	0.606837606838	
0.025641025641	0.102564102564	0.025641025641	0.034188034188	0.042735042735	0.0512820512821	0.0512820512821	0.034188034188	0.017094017094	0.00854700854701	0.606837606838	
0.034188034188	0.0512820512821	0.0940170940171	0.0512820512821	0.025641025641	0.0769230769231	0.0512820512821	0.00854700854701	0.042735042735	0.025641025641	0.538461538462	
0.0598290598291	0.025641025641	0.0769230769231	0.025641025641	0.00854700854701	0.00854700854701	0.0769230769231	0.034188034188	0.0512820512821	0.00854700854701	0.623931623932	
0.0683760683761	0.00854700854701	0.025641025641	0.017094017094	0.034188034188	0.042735042735	0.0512820512821	0.034188034188	0.00854700854701	0.017094017094	0.692307692308	
0.042735042735	0.0512820512821	0.017094017094	0.034188034188	0.00854700854701	0.025641025641	0.102564102564	0.025641025641	0.017094017094	0.017094017094	0.65811965812	
0.0598290598291	0.017094017094	0.0769230769231	0.042735042735	0.042735042735	0.00854700854701	0.042735042735	0.034188034188	0.017094017094	0	0.65811965812	
0.034188034188	0.0512820512821	0.0854700854701	0.0683760683761	0.025641025641	0.025641025641	0.034188034188	0.034188034188	0.0512820512821	0.017094017094	0.57264957265	
0.042735042735	0.0598290598291	0.042735042735	0.0598290598291	0.034188034188	0.025641025641	0.00854700854701	0.0512820512821	0.025641025641	0.017094017094	0.632478632479	
0.0512820512821	0.034188034188	0	0.034188034188	0.025641025641	0.025641025641	0.025641025641	0.034188034188	0.042735042735	0	0.726495726496	
0.0598290598291	0.0512820512821	0.042735042735	0.0512820512821	0.042735042735	0.0512820512821	0.0769230769231	0.042735042735	0.025641025641	0.00854700854701	0.547008547009	
0.0598290598291	0.0598290598291	0.0598290598291	0.0512820512821	0.042735042735	0.017094017094	0.017094017094	0.034188034188	0.00854700854701	0.025641025641	0.623931623932	
0.0769230769231	0.025641025641	0.0769230769231	0.042735042735	0.025641025641	0.025641025641	0.025641025641	0.017094017094	0.025641025641	0.017094017094	0.641025641026	
0.042735042735	0.0683760683761	0.0683760683761	0.034188034188	0.025641025641	0.034188034188	0.017094017094	0.042735042735	0.017094017094	0.017094017094	0.632478632479	
0.0683760683761	0.042735042735	0.0683760683761	0.0598290598291	0.025641025641	0.034188034188	0.042735042735	0.034188034188	0.00854700854701	0.00854700854701	0.606837606838	
0.0598290598291	0.025641025641	0.034188034188	0.042735042735	0.00854700854701	0.025641025641	0.025641025641	0.025641025641	0.042735042735	0.00854700854701	0.700854700855	
0.042735042735	0.034188034188	0.0683760683761	0.0598290598291	0.102564102564	0.034188034188	0.0512820512821	0.025641025641	0.025641025641	0.00854700854701	0.547008547009	
0.034188034188	0.0683760683761	0.0598290598291	0.034188034188	0.017094017094	0.00854700854701	0.017094017094	0.0598290598291	0.042735042735	0.00854700854701	0.649572649573	
0.025641025641	0.0683760683761	0.0940170940171	0.0598290598291	0.0512820512821	0.017094017094	0.025641025641	0.0512820512821	0.0512820512821	0.00854700854701	0.547008547009	
0.0769230769231	0.034188034188	0.042735042735	0.042735042735	0.0598290598291	0.00854700854701	0.00854700854701	0.017094017094	0.025641025641	0	0.683760683761	
0.042735042735	0.042735042735	0.017094017094	0.102564102564	0.025641025641	0.00854700854701	0.025641025641	0.042735042735	0.00854700854701	0	0.683760683761	
0.0854700854701	0.0940170940171	0.0598290598291	0.0512820512821	0.034188034188	0.042735042735	0.042735042735	0.0683760683761	0.00854700854701	0.017094017094	0.495726495726	
0.042735042735	0.034188034188	0.034188034188	0.017094017094	0.042735042735	0.034188034188	0.0512820512821	0	0.034188034188	0.00854700854701	0.700854700855	
0.0598290598291	0.0854700854701	0.042735042735	0.0598290598291	0.00854700854701	0.025641025641	0.025641025641	0.025641025641	0.025641025641	0.017094017094	0.623931623932	
0.034188034188	0.034188034188	0.0683760683761	0.042735042735	0.025641025641	0.025641025641	0.017094017094	0.034188034188	0.0512820512821	0.042735042735	0.623931623932	
0.0854700854701	0.025641025641	0.0598290598291	0.034188034188	0.042735042735	0.0512820512821	0.017094017094	0.034188034188	0.017094017094	0.00854700854701	0.623931623932	
0.042735042735	0.034188034188	0.042735042735	0.0598290598291	0.00854700854701	0.034188034188	0.0512820512821	0.034188034188	0.017094017094	0.00854700854701	0.666666666667	
0.0512820512821	0.025641025641	0.0769230769231	0.0854700854701	0.025641025641	0.0683760683761	0.034188034188	0.0512820512821	0.042735042735	0	0.538461538462	
0.0854700854701	0.0512820512821	0.034188034188	0.025641025641	0.025641025641	0.042735042735	0.025641025641	0.017094017094	0	0.00854700854701	0.683760683761	
0.042735042735	0.0512820512821	0.042735042735	0.042735042735	0.017094017094	0.025641025641	0.00854700854701	0.017094017094	0.017094017094	0.00854700854701	0.726495726496	
0.0683760683761	0.0512820512821	0.0683760683761	0.017094017094	0.025641025641	0.025641025641	0.00854700854701	0.0512820512821	0.017094017094	0	0.666666666667	
0.0598290598291	0.00854700854701	0.025641025641	0.00854700854701	0.025641025641	0.042735042735	0.042735042735	0.042735042735	0.034188034188	0.00854700854701	0.700854700855	
0.0598290598291	0.0598290598291	0.0512820512821	0.0769230769231	0.042735042735	0.017094017094	0.034188034188	0.00854700854701	0.025641025641	0	0.623931623932	
0.0598290598291	0.034188034188	0.0512820512821	0.0512820512821	0.025641025641	0.0683760683761	0.034188034188	0.025641025641	0.025641025641	0.00854700854701	0.615384615385	
0.042735042735	0.034188034188	0.042735042735	0.0683760683761	0.017094017094	0.034188034188	0.00854700854701	0.042735042735	0.025641025641	0.017094017094	0.666666666667	
0.0683760683761	0.034188034188	0.0683760683761	0.00854700854701	0.025641025641	0.025641025641	0.017094017094	0.00854700854701	0	0.00854700854701	0.735042735043	
0.0854700854701	0.025641025641	0.0598290598291	0.034188034188	0.042735042735	0.025641025641	0.00854700854701	0.0512820512821	0.042735042735	0.017094017094	0.606837606838	
0.025641025641	0.017094017094	0.0512820512821	0.025641025641	0.0512820512821	0.025641025641	0.025641025641	0.034188034188	0.017094017094	0	0.726495726496	
0.0512820512821	0.042735042735	0.042735042735	0.017094017094	0.0854700854701	0.0769230769231	0.0598290598291	0.017094017094	0.00854700854701	0.025641025641	0.57264957265	
0.042735042735	0.025641025641	0.034188034188	0.0512820512821	0.00854700854701	0	0.017094017094	0.025641025641	0.034188034188	0.017094017094	0.74358974359	
0.0854700854701	0.025641025641	0.0940170940171	0.0512820512821	0.025641025641	0.034188034188	0.034188034188	0.00854700854701	0.00854700854701	0.00854700854701	0.623931623932	
0.0512820512821	0.025641025641	0.0598290598291	0.017094017094	0.042735042735	0.042735042735	0.025641025641	0.034188034188	0.0512820512821	0	0.649572649573	
0.042735042735	0.042735042735	0.042735042735	0.042735042735	0.025641025641	0.025641025641	0.0598290598291	0.0598290598291	0.025641025641	0.00854700854701	0.623931623932	
0.017094017094	0.0598290598291	0.034188034188	0.00854700854701	0.042735042735	0.042735042735	0.00854700854701	0.025641025641	0.034188034188	0.017094017094	0.709401709402	
0.0512820512821	0.0512820512821	0.0512820512821	0.034188034188	0.034188034188	0.025641025641	0.034188034188	0.0598290598291	0.034188034188	0.025641025641	0.598290598291	
0.0769230769231	0.0683760683761	0.0512820512821	0.025641025641	0.0512820512821	0.0512820512821	0.025641025641	0	0.034188034188	0.017094017094	0.598290598291	
0.042735042735	0.034188034188	0.0940170940171	0.0854700854701	0.025641025641	0.034188034188	0.0512820512821	0.034188034188	0.017094017094	0.00854700854701	0.57264957265	
0.0769230769231	0.0769230769231	0.0598290598291	0.0512820512821	0.025641025641	0.034188034188	0	0.017094017094	0.00854700854701	0.00854700854701	0.641025641026	
0.0598290598291	0.00854700854701	0.0683760683761	0.017094017094	0.0512820512821	0.042735042735	0.042735042735	0.0512820512821	0.017094017094	0.034188034188	0.606837606838	
0.0683760683761	0.034188034188	0.034188034188	0.017094017094	0.034188034188	0.034188034188	0.042735042735	0.0512820512821	0.042735042735	0	0.641025641026	
0.042735042735	0.0512820512821	0.0683760683761	0.0598290598291	0.017094017094	0.017094017094	0.025641025641	0.025641025641	0.00854700854701	0.025641025641	0.65811965812	
0.0512820512821	0.00854700854701	0.0683760683761	0.0598290598291	0.0512820512821	0.0512820512821	0.0512820512821	0.0512820512821	0.025641025641	0.025641025641	0.555555555556	
0.0769230769231	0.0598290598291	0.0512820512821	0.042735042735	0.0512820512821	0.025641025641	0.034188034188	0.025641025641	0.017094017094	0.00854700854701	0.606837606838	
0.034188034188	0.042735042735	0.025641025641	0.025641025641	0	0.025641025641	0.025641025641	0.0512820512821	0.017094017094	0.00854700854701	0.74358974359	
0.0854700854701	0.017094017094	0.0854700854701	0.0598290598291	0.0598290598291	0.042735042735	0.042735042735	0.034188034188	0.034188034188	0	0.538461538462	
0.034188034188	0.042735042735	0.0512820512821	0.0683760683761	0.042735042735	0.042735042735	0.00854700854701	0.042735042735	0	0.017094017094	0.649572649573	
0.042735042735	0.0598290598291	0.042735042735	0.034188034188	0.042735042735	0.025641025641	0.034188034188	0.025641025641	0	0.025641025641	0.666666666667	
0.025641025641	0.025641025641	0.0512820512821	0.0512820512821	0.017094017094	0.0598290598291	0.00854700854701	0.034188034188	0.025641025641	0.00854700854701	0.692307692308	
0.102564102564	0.017094017094	0.0769230769231	0.00854700854701	0.0598290598291	0.025641025641	0.034188034188	0.0512820512821	0.025641025641	0.017094017094	0.581196581197	
0.0512820512821	0.042735042735	0.0854700854701	0.025641025641	0.034188034188	0.017094017094	0	0.034188034188	0.0598290598291	0.00854700854701	0.641025641026	
0.0769230769231	0.042735042735	0.0512820512821	0.0512820512821	0.025641025641	0.025641025641	0.042735042735	0.034188034188	0	0.017094017094	0.632478632479	
0.0683760683761	0.0512820512821	0.0683760683761	0.0683760683761	0.025641025641	0.034188034188	0.042735042735	0.017094017094	0.034188034188	0.00854700854701	0.581196581197	
0.0769230769231	0.017094017094	0.025641025641	0.025641025641	0.034188034188	0.034188034188	0.042735042735	0.00854700854701	0.00854700854701	0	0.726495726496	
0.0854700854701	0.034188034188	0.0598290598291	0.017094017094	0.017094017094	0.017094017094	0.034188034188	0.042735042735	0.042735042735	0.00854700854701	0.641025641026	
0.0940170940171	0.0512820512821	0.0512820512821	0.034188034188	0.0512820512821	0.034188034188	0.017094017094	0.017094017094	0	0.00854700854701	0.641025641026	
0.0683760683761	0.025641025641	0.025641025641	0.025641025641	0.017094017094	0.0512820512821	0.034188034188	0.0512820512821	0.034188034188	0	0.666666666667	
0.042735042735	0.0598290598291	0.042735042735	0.0769230769231	0.025641025641	0.0683760683761	0.0512820512821	0.034188034188	0.025641025641	0	0.57264957265	
0.0769230769231	0.0854700854701	0.034188034188	0.0512820512821	0.0512820512821	0.042735042735	0.042735042735	0.017094017094	0.025641025641	0.00854700854701	0.564102564103	
0.0512820512821	0.0769230769231	0.025641025641	0.025641025641	0.034188034188	0.042735042735	0.0512820512821	0.017094017094	0.00854700854701	0.017094017094	0.649572649573	
0.102564102564	0.0683760683761	0.034188034188	0.0854700854701	0.017094017094	0.025641025641	0.0512820512821	0.0512820512821	0.00854700854701	0.00854700854701	0.547008547009	
0.0769230769231	0.034188034188	0.0598290598291	0.0598290598291	0.042735042735	0.042735042735	0.042735042735	0.0512820512821	0.017094017094	0.00854700854701	0.564102564103	
0.034188034188	0.034188034188	0.042735042735	0.034188034188	0.042735042735	0.0683760683761	0.034188034188	0.017094017094	0.017094017094	0	0.675213675214	
0.025641025641	0.0769230769231	0.034188034188	0.017094017094	0.025641025641	0.017094017094	0.025641025641	0.00854700854701	0.025641025641	0	0.74358974359	
0.034188034188	0.0512820512821	0.0683760683761	0.0598290598291	0.017094017094	0.017094017094	0.025641025641	0.017094017094	0.025641025641	0.00854700854701	0.675213675214	
0.0598290598291	0.0512820512821	0.034188034188	0.0512820512821	0.034188034188	0.034188034188	0.00854700854701	0.0512820512821	0.017094017094	0.00854700854701	0.649572649573	
0.034188034188	0.0512820512821	0.00854700854701	0.025641025641	0.025641025641	0.025641025641	0.0512820512821	0.034188034188	0.042735042735	0.034188034188	0.666666666667	
0.0854700854701	0.025641025641	0.0512820512821	0.042735042735	0.025641025641	0.034188034188	0.00854700854701	0.00854700854701	0.025641025641	0.00854700854701	0.683760683761	
0.0598290598291	0.025641025641	0.025641025641	0.042735042735	0.00854700854701	0.0512820512821	0.017094017094	0.042735042735	0.025641025641	0.00854700854701	0.692307692308	
0.017094017094	0.042735042735	0.025641025641	0.017094017094	0.00854700854701	0.034188034188	0.042735042735	0.025641025641	0.00854700854701	0	0.777777777778	
0.0598290598291	0.017094017094	0.0598290598291	0.0512820512821	0.025641025641	0.017094017094	0.025641025641	0.0512820512821	0.017094017094	0.00854700854701	0.666666666667	
0.025641025641	0.042735042735	0.00854700854701	0.042735042735	0.0598290598291	0.025641025641	0.017094017094	0.034188034188	0.025641025641	0.042735042735	0.675213675214	
0.00854700854701	0.00854700854701	0	0.042735042735	0.034188034188	0.034188034188	0.00854700854701	0.0512820512821	0.034188034188	0.017094017094	0.760683760684	
0.017094017094	0.034188034188	0.0598290598291	0.0512820512821	0.00854700854701	0.034188034188	0.017094017094	0.017094017094	0.017094017094	0.00854700854701	0.735042735043	
0	0.017094017094	0.017094017094	0.017094017094	0.025641025641	0.0683760683761	0.0512820512821	0.0683760683761	0.034188034188	0.00854700854701	0.692307692308	
0.00854700854701	0.025641025641	0.00854700854701	0.017094017094	0.042735042735	0.0598290598291	0.0769230769231	0.017094017094	0.0512820512821	0	0.692307692308	
0.042735042735	0	0.00854700854701	0	0.00854700854701	0.034188034188	0.0598290598291	0.042735042735	0.0683760683761	0.00854700854701	0.726495726496	
0.00854700854701	0	0.00854700854701	0.017094017094	0.025641025641	0.042735042735	0.0512820512821	0.042735042735	0.00854700854701	0.017094017094	0.777777777778	
0.00854700854701	0.017094017094	0.00854700854701	0.017094017094	0	0.0683760683761	0.0512820512821	0.0769230769231	0.025641025641	0.017094017094	0.709401709402	
0.0683760683761	0.0598290598291	0.0683760683761	0.042735042735	0.034188034188	0.017094017094	0.034188034188	0.00854700854701	0.034188034188	0	0.632478632479	
0.0598290598291	0.0512820512821	0.034188034188	0.0683760683761	0.025641025641	0.025641025641	0.025641025641	0.025641025641	0.00854700854701	0.025641025641	0.649572649573	
0.119658119658	0.0683760683761	0.025641025641	0.0512820512821	0.034188034188	0.025641025641	0.034188034188	0.034188034188	0.034188034188	0.00854700854701	0.564102564103	
0.102564102564	0.0512820512821	0.111111111111	0.111111111111	0.0512820512821	0.042735042735	0.017094017094	0.00854700854701	0.034188034188	0	0.470085470085	
0.128205128205	0.042735042735	0.0940170940171	0.111111111111	0.0769230769231	0.042735042735	0.042735042735	0.00854700854701	0.017094017094	0	0.435897435897	
0.102564102564	0.0769230769231	0.0683760683761	0.0769230769231	0.034188034188	0.00854700854701	0.042735042735	0.034188034188	0.042735042735	0.00854700854701	0.504273504274	
0.042735042735	0.0940170940171	0.0512820512821	0.102564102564	0.0598290598291	0.025641025641	0.025641025641	0.034188034188	0.034188034188	0.034188034188	0.495726495726	
0.102564102564	0.0512820512821	0.0940170940171	0.0512820512821	0.0769230769231	0.042735042735	0.025641025641	0.034188034188	0.034188034188	0.017094017094	0.470085470085	
0.0512820512821	0.0512820512821	0.0598290598291	0.0683760683761	0.025641025641	0.017094017094	0.034188034188	0.042735042735	0.025641025641	0	0.623931623932	
0.0598290598291	0.0683760683761	0.0854700854701	0.034188034188	0.025641025641	0.00854700854701	0.0598290598291	0.0512820512821	0.034188034188	0	0.57264957265	
0.0683760683761	0.0940170940171	0.0512820512821	0.0769230769231	0.034188034188	0.017094017094	0.034188034188	0.017094017094	0.00854700854701	0	0.598290598291	
0.0940170940171	0.0598290598291	0.0512820512821	0.0512820512821	0.017094017094	0.00854700854701	0.034188034188	0.0598290598291	0.0512820512821	0.00854700854701	0.564102564103	
0.0940170940171	0.0512820512821	0.042735042735	0.0854700854701	0.034188034188	0.025641025641	0.034188034188	0.034188034188	0.00854700854701	0.025641025641	0.564102564103	
0.102564102564	0.0512820512821	0.042735042735	0.0854700854701	0.034188034188	0.017094017094	0.025641025641	0.00854700854701	0.00854700854701	0.00854700854701	0.615384615385	
0.111111111111	0.034188034188	0.042735042735	0.0598290598291	0.00854700854701	0.034188034188	0.042735042735	0	0.034188034188	0.00854700854701	0.623931623932	
0.017094017094	0.0598290598291	0.0683760683761	0.0598290598291	0	0.025641025641	0.0598290598291	0.025641025641	0.00854700854701	0.025641025641	0.649572649573	
0.0598290598291	0.034188034188	0.102564102564	0.0854700854701	0.0512820512821	0.025641025641	0.025641025641	0.017094017094	0.025641025641	0.00854700854701	0.564102564103	
0.0598290598291	0.0683760683761	0.0683760683761	0.0769230769231	0.017094017094	0.025641025641	0.042735042735	0.017094017094	0.00854700854701	0.025641025641	0.589743589744	
0.034188034188	0.0512820512821	0.111111111111	0.0683760683761	0.00854700854701	0.042735042735	0.017094017094	0.042735042735	0.0512820512821	0.00854700854701	0.564102564103	
0.0598290598291	0.025641025641	0.0683760683761	0.0769230769231	0.042735042735	0.0512820512821	0.042735042735	0.025641025641	0.0512820512821	0.017094017094	0.538461538462	
0.0854700854701	0.034188034188	0.0769230769231	0.111111111111	0.0598290598291	0.0512820512821	0.042735042735	0.025641025641	0.00854700854701	0	0.504273504274	
0.119658119658	0.0683760683761	0.042735042735	0.119658119658	0.042735042735	0.042735042735	0.034188034188	0.0683760683761	0.00854700854701	0.00854700854701	0.444444444444	
0.0683760683761	0.042735042735	0.034188034188	0.034188034188	0.034188034188	0.017094017094	0.034188034188	0.034188034188	0.034188034188	0.017094017094	0.649572649573	
0.0769230769231	0.034188034188	0.042735042735	0.0769230769231	0.0512820512821	0.025641025641	0.017094017094	0.034188034188	0.034188034188	0	0.606837606838	
0.0854700854701	0.034188034188	0.025641025641	0.0512820512821	0.025641025641	0.025641025641	0.025641025641	0.025641025641	0.0512820512821	0.017094017094	0.632478632479	
0.00854700854701	0.0598290598291	0.017094017094	0.0512820512821	0.0598290598291	0.034188034188	0.034188034188	0.0683760683761	0.034188034188	0.00854700854701	0.623931623932	
0.0854700854701	0.025641025641	0.0512820512821	0.0769230769231	0.034188034188	0.017094017094	0.0683760683761	0.0512820512821	0.017094017094	0.017094017094	0.555555555556	
0.034188034188	0.025641025641	0.0769230769231	0.111111111111	0.00854700854701	0.0512820512821	0.025641025641	0.042735042735	0.00854700854701	0.00854700854701	0.606837606838	
0.0769230769231	0.034188034188	0.0598290598291	0.0769230769231	0.034188034188	0.0598290598291	0.017094017094	0.00854700854701	0.025641025641	0.00854700854701	0.598290598291	
0.0598290598291	0.025641025641	0.0598290598291	0.0598290598291	0.042735042735	0.025641025641	0.042735042735	0.034188034188	0.034188034188	0.00854700854701	0.606837606838	
0.0940170940171	0.0598290598291	0.0769230769231	0.0598290598291	0.034188034188	0.034188034188	0.042735042735	0.034188034188	0.025641025641	0	0.538461538462	
0.042735042735	0.042735042735	0.025641025641	0.0683760683761	0.0512820512821	0.0598290598291	0.034188034188	0.034188034188	0.025641025641	0.00854700854701	0.606837606838	
0.034188034188	0.0512820512821	0.0940170940171	0.0683760683761	0.0512820512821	0.034188034188	0.042735042735	0.042735042735	0.017094017094	0.00854700854701	0.555555555556	
0.119658119658	0.0512820512821	0.034188034188	0.034188034188	0.0512820512821	0.025641025641	0.025641025641	0.034188034188	0.042735042735	0	0.581196581197	
0.0854700854701	0.0598290598291	0.034188034188	0.0854700854701	0.042735042735	0.034188034188	0.0940170940171	0.00854700854701	0.042735042735	0	0.512820512821	
0.0598290598291	0.0769230769231	0.042735042735	0.042735042735	0.0512820512821	0.025641025641	0.034188034188	0.00854700854701	0.017094017094	0.017094017094	0.623931623932	
0.111111111111	0.0769230769231	0.0512820512821	0.042735042735	0.034188034188	0.00854700854701	0.025641025641	0.017094017094	0.025641025641	0	0.606837606838	
0.145299145299	0.0769230769231	0.0769230769231	0.0854700854701	0.0598290598291	0.017094017094	0.0683760683761	0.042735042735	0.00854700854701	0.025641025641	0.393162393162	
0.0769230769231	0.0769230769231	0.0769230769231	0.0598290598291	0.034188034188	0.00854700854701	0.017094017094	0.034188034188	0.017094017094	0.00854700854701	0.589743589744	
0.0683760683761	0.0940170940171	0.0854700854701	0.128205128205	0.025641025641	0.017094017094	0.00854700854701	0.034188034188	0.034188034188	0	0.504273504274	
0.111111111111	0.025641025641	0.0598290598291	0.0854700854701	0.025641025641	0.00854700854701	0.00854700854701	0.042735042735	0.034188034188	0	0.598290598291	
0.0854700854701	0.0683760683761	0.0683760683761	0.0683760683761	0.025641025641	0.017094017094	0.00854700854701	0.0512820512821	0.025641025641	0	0.581196581197	
0.0769230769231	0.0598290598291	0.0598290598291	0.0683760683761	0.0683760683761	0.0683760683761	0.042735042735	0.034188034188	0.017094017094	0.00854700854701	0.495726495726	
0.0598290598291	0.0683760683761	0.0683760683761	0.0769230769231	0.017094017094	0.017094017094	0.042735042735	0.042735042735	0.025641025641	0.025641025641	0.555555555556	
0.0598290598291	0.0683760683761	0.042735042735	0.0512820512821	0.025641025641	0.042735042735	0.0683760683761	0.017094017094	0	0.017094017094	0.606837606838	
0.0512820512821	0.0854700854701	0.034188034188	0.034188034188	0.042735042735	0.0683760683761	0.00854700854701	0.0598290598291	0.034188034188	0.017094017094	0.564102564103	
0.0512820512821	0.0683760683761	0.0769230769231	0.145299145299	0.025641025641	0.017094017094	0.00854700854701	0.0512820512821	0.017094017094	0.00854700854701	0.529914529915	
0.0683760683761	0.0598290598291	0.0854700854701	0.0769230769231	0.042735042735	0.017094017094	0.042735042735	0.025641025641	0.017094017094	0.00854700854701	0.555555555556	
0.0854700854701	0.0769230769231	0.0683760683761	0.0940170940171	0.025641025641	0.025641025641	0.00854700854701	0.025641025641	0.025641025641	0.00854700854701	0.555555555556	
0.0769230769231	0.0598290598291	0.0512820512821	0.0683760683761	0.025641025641	0.042735042735	0.034188034188	0.017094017094	0.034188034188	0.00854700854701	0.581196581197	
0.0683760683761	0.00854700854701	0.0769230769231	0.0512820512821	0.0512820512821	0.017094017094	0.00854700854701	0.0598290598291	0	0	0.65811965812	
0.0769230769231	0.017094017094	0.042735042735	0.0512820512821	0	0.017094017094	0.0598290598291	0.042735042735	0.017094017094	0	0.675213675214	
0.102564102564	0.042735042735	0.0512820512821	0.0598290598291	0.042735042735	0.042735042735	0.0598290598291	0.034188034188	0.017094017094	0.017094017094	0.529914529915	
0.0683760683761	0.025641025641	0.025641025641	0.119658119658	0.017094017094	0.0598290598291	0.0683760683761	0.0598290598291	0.017094017094	0	0.538461538462	
0.0854700854701	0.0769230769231	0.034188034188	0.102564102564	0.034188034188	0.034188034188	0.034188034188	0.042735042735	0.017094017094	0.00854700854701	0.529914529915	
0.0598290598291	0.0512820512821	0.0683760683761	0.0683760683761	0.034188034188	0.042735042735	0.034188034188	0.017094017094	0.025641025641	0.00854700854701	0.589743589744	
0.0854700854701	0.042735042735	0.0769230769231	0.0683760683761	0.017094017094	0.042735042735	0.034188034188	0.0598290598291	0.025641025641	0.00854700854701	0.538461538462	
0.0683760683761	0.0683760683761	0.0598290598291	0.136752136752	0.025641025641	0.025641025641	0.042735042735	0.017094017094	0.034188034188	0	0.521367521368	
0.136752136752	0.034188034188	0.0512820512821	0.0598290598291	0.025641025641	0.025641025641	0.017094017094	0.0512820512821	0.00854700854701	0.00854700854701	0.581196581197	
0.0598290598291	0.0598290598291	0.042735042735	0.034188034188	0.00854700854701	0.042735042735	0.00854700854701	0	0.034188034188	0.042735042735	0.666666666667	
0.0683760683761	0.042735042735	0.0940170940171	0.034188034188	0.034188034188	0.034188034188	0.00854700854701	0.025641025641	0	0	0.65811965812	
0.0512820512821	0.0598290598291	0.0769230769231	0.034188034188	0.034188034188	0.017094017094	0.025641025641	0.025641025641	0.017094017094	0.017094017094	0.641025641026	
0.042735042735	0.0512820512821	0.0512820512821	0.145299145299	0.025641025641	0.025641025641	0.034188034188	0.034188034188	0.00854700854701	0.00854700854701	0.57264957265	
0.034188034188	0.0512820512821	0.0769230769231	0.0598290598291	0.025641025641	0	0.0512820512821	0.0512820512821	0.034188034188	0.017094017094	0.598290598291	
0.0854700854701	0.042735042735	0.042735042735	0.042735042735	0.017094017094	0.025641025641	0.025641025641	0.017094017094	0.0598290598291	0.017094017094	0.623931623932	
0.0683760683761	0.0769230769231	0.102564102564	0.0598290598291	0.042735042735	0.00854700854701	0.017094017094	0.017094017094	0.017094017094	0.017094017094	0.57264957265	
0.0683760683761	0.0683760683761	0.017094017094	0.0940170940171	0.0512820512821	0.034188034188	0	0.0512820512821	0.017094017094	0	0.598290598291	
0.111111111111	0.042735042735	0.0940170940171	0.102564102564	0.042735042735	0.025641025641	0.034188034188	0.042735042735	0.00854700854701	0.00854700854701	0.487179487179	
0.0854700854701	0.0512820512821	0.0769230769231	0.0940170940171	0.0598290598291	0.025641025641	0.042735042735	0.042735042735	0	0	0.521367521368	
0.0769230769231	0.042735042735	0.0598290598291	0.119658119658	0.025641025641	0.00854700854701	0.00854700854701	0.025641025641	0.00854700854701	0	0.623931623932	
0.0854700854701	0.0940170940171	0.102564102564	0.0854700854701	0.0512820512821	0.025641025641	0.025641025641	0.017094017094	0.042735042735	0.00854700854701	0.461538461538	
0.0683760683761	0.0598290598291	0.0512820512821	0.0683760683761	0.025641025641	0.0512820512821	0.0512820512821	0.017094017094	0.00854700854701	0.00854700854701	0.589743589744	
0.0769230769231	0.0598290598291	0.0854700854701	0.0598290598291	0.0683760683761	0.025641025641	0.0512820512821	0.034188034188	0.00854700854701	0.00854700854701	0.521367521368	
0.0940170940171	0.0769230769231	0.042735042735	0.111111111111	0.025641025641	0.025641025641	0.017094017094	0.025641025641	0.00854700854701	0.00854700854701	0.564102564103	
0.0598290598291	0.025641025641	0.119658119658	0.0769230769231	0.017094017094	0.025641025641	0.00854700854701	0.0598290598291	0.025641025641	0.00854700854701	0.57264957265	
0.0940170940171	0.0512820512821	0.0683760683761	0.0683760683761	0.025641025641	0.025641025641	0.025641025641	0.017094017094	0.017094017094	0.00854700854701	0.598290598291	
0.034188034188	0.0769230769231	0.0769230769231	0.119658119658	0.042735042735	0.034188034188	0.017094017094	0.025641025641	0.0512820512821	0	0.521367521368	
0.0854700854701	0.025641025641	0.0769230769231	0.0940170940171	0.025641025641	0.017094017094	0.017094017094	0.034188034188	0.034188034188	0	0.589743589744	
0.0683760683761	0.034188034188	0.042735042735	0.042735042735	0.017094017094	0.042735042735	0.042735042735	0.025641025641	0.0598290598291	0	0.623931623932	
0.0854700854701	0.017094017094	0.0598290598291	0.0769230769231	0.034188034188	0.025641025641	0.0598290598291	0.042735042735	0.025641025641	0.00854700854701	0.564102564103	
0.0854700854701	0.0598290598291	0.0683760683761	0.0512820512821	0.017094017094	0.00854700854701	0.00854700854701	0.034188034188	0.017094017094	0	0.649572649573	
0.0512820512821	0.0598290598291	0.0512820512821	0.0512820512821	0.017094017094	0.034188034188	0.0512820512821	0.042735042735	0.017094017094	0.017094017094	0.606837606838	
0.0598290598291	0.0683760683761	0.0598290598291	0.0598290598291	0.034188034188	0.034188034188	0.025641025641	0.025641025641	0.025641025641	0	0.606837606838	
0.042735042735	0.042735042735	0.0598290598291	0.0683760683761	0.042735042735	0.0512820512821	0.0512820512821	0.0598290598291	0.017094017094	0.00854700854701	0.555555555556	
0.0683760683761	0.034188034188	0.0683760683761	0.119658119658	0.034188034188	0.00854700854701	0.034188034188	0.025641025641	0.00854700854701	0.00854700854701	0.589743589744	
0.0769230769231	0.0769230769231	0.0940170940171	0.0769230769231	0.025641025641	0.042735042735	0.034188034188	0.042735042735	0.017094017094	0	0.512820512821	
0.034188034188	0.0598290598291	0.0598290598291	0.0598290598291	0.034188034188	0.025641025641	0.00854700854701	0.00854700854701	0	0	0.709401709402	
0.111111111111	0.034188034188	0.0512820512821	0.0598290598291	0.0683760683761	0.0598290598291	0.0512820512821	0.042735042735	0.042735042735	0.017094017094	0.461538461538	
0.042735042735	0.0769230769231	0.0769230769231	0.034188034188	0.034188034188	0.017094017094	0.00854700854701	0.0598290598291	0.025641025641	0.017094017094	0.606837606838	
0.0769230769231	0.034188034188	0.0769230769231	0.0769230769231	0.034188034188	0.034188034188	0.017094017094	0.025641025641	0.025641025641	0.00854700854701	0.589743589744	
0.025641025641	0.0683760683761	0.0598290598291	0.0512820512821	0.034188034188	0.017094017094	0.00854700854701	0.017094017094	0.025641025641	0.025641025641	0.666666666667	
0.0769230769231	0.0769230769231	0.0598290598291	0.136752136752	0.042735042735	0.025641025641	0.0512820512821	0.017094017094	0.025641025641	0	0.487179487179	
0.0598290598291	0.0512820512821	0.0683760683761	0.0598290598291	0.00854700854701	0.0598290598291	0.025641025641	0.025641025641	0.017094017094	0.034188034188	0.589743589744	
0.0598290598291	0.0512820512821	0.034188034188	0.0598290598291	0.0598290598291	0.034188034188	0.017094017094	0.0512820512821	0.042735042735	0.00854700854701	0.581196581197	
0.0854700854701	0.0683760683761	0.0854700854701	0.0512820512821	0.034188034188	0	0.025641025641	0.025641025641	0.017094017094	0.017094017094	0.589743589744	
0.0598290598291	0.0512820512821	0.0769230769231	0.0940170940171	0.034188034188	0.00854700854701	0.042735042735	0.034188034188	0.034188034188	0.00854700854701	0.555555555556	
0.0683760683761	0.025641025641	0.0512820512821	0.0512820512821	0.034188034188	0.042735042735	0.025641025641	0.042735042735	0.0512820512821	0.025641025641	0.581196581197	
0.0769230769231	0.0512820512821	0.0940170940171	0.042735042735	0.034188034188	0.025641025641	0.034188034188	0.0598290598291	0.025641025641	0.042735042735	0.512820512821	
0.0854700854701	0.042735042735	0.0683760683761	0.0598290598291	0.034188034188	0.042735042735	0.025641025641	0.025641025641	0.025641025641	0.00854700854701	0.581196581197	
0.119658119658	0.042735042735	0.0683760683761	0.111111111111	0.034188034188	0.025641025641	0.00854700854701	0.025641025641	0.034188034188	0.017094017094	0.512820512821	
0.042735042735	0.0598290598291	0.0683760683761	0.0854700854701	0.025641025641	0.017094017094	0.0683760683761	0.034188034188	0.017094017094	0	0.581196581197	
0.0598290598291	0.042735042735	0.0769230769231	0.0683760683761	0.017094017094	0.042735042735	0.0512820512821	0.017094017094	0.034188034188	0	0.589743589744	
0.034188034188	0.0512820512821	0.0769230769231	0.102564102564	0.025641025641	0.00854700854701	0.0598290598291	0.00854700854701	0.042735042735	0.00854700854701	0.581196581197	
0.128205128205	0.0683760683761	0.0512820512821	0.0598290598291	0.025641025641	0.0512820512821	0.017094017094	0.0512820512821	0	0.017094017094	0.529914529915	
0.0598290598291	0.0512820512821	0.042735042735	0.0683760683761	0.025641025641	0.025641025641	0.042735042735	0.017094017094	0.034188034188	0.017094017094	0.615384615385	
0.0683760683761	0.034188034188	0.0854700854701	0.034188034188	0.00854700854701	0.025641025641	0.017094017094	0.034188034188	0.042735042735	0.017094017094	0.632478632479	
0.0683760683761	0.034188034188	0.0683760683761	0.0683760683761	0.0512820512821	0.00854700854701	0.017094017094	0.00854700854701	0.025641025641	0.017094017094	0.632478632479	
0.0683760683761	0.034188034188	0.0854700854701	0.0769230769231	0.00854700854701	0.00854700854701	0.025641025641	0.0512820512821	0.0512820512821	0	0.589743589744	
0.0683760683761	0.017094017094	0.0512820512821	0.0769230769231	0.034188034188	0.017094017094	0.017094017094	0.017094017094	0.017094017094	0	0.683760683761	
0.0854700854701	0.0683760683761	0.0940170940171	0.0598290598291	0.0598290598291	0.017094017094	0.0512820512821	0.017094017094	0.00854700854701	0.017094017094	0.521367521368	
0.0512820512821	0.034188034188	0.034188034188	0.102564102564	0.0512820512821	0.034188034188	0.034188034188	0.017094017094	0.025641025641	0.017094017094	0.598290598291	
0.0940170940171	0.0512820512821	0.042735042735	0.111111111111	0.025641025641	0.034188034188	0.017094017094	0.034188034188	0.0598290598291	0.00854700854701	0.521367521368	
0.0940170940171	0.0512820512821	0.0940170940171	0.102564102564	0.0512820512821	0.0598290598291	0	0.025641025641	0.034188034188	0.017094017094	0.470085470085	
0.0769230769231	0.034188034188	0.025641025641	0.0854700854701	0.0512820512821	0.034188034188	0.034188034188	0.034188034188	0.017094017094	0.017094017094	0.589743589744	
0.0683760683761	0.0683760683761	0.0940170940171	0.0940170940171	0.034188034188	0.025641025641	0.034188034188	0.025641025641	0.017094017094	0.034188034188	0.504273504274	
0.0598290598291	0.0683760683761	0.0512820512821	0.0769230769231	0.0512820512821	0.017094017094	0.00854700854701	0.017094017094	0.00854700854701	0.00854700854701	0.632478632479	
0.0683760683761	0.0769230769231	0.0512820512821	0.0683760683761	0.0512820512821	0.025641025641	0.017094017094	0.025641025641	0.00854700854701	0.00854700854701	0.598290598291	
0.0683760683761	0.0512820512821	0.042735042735	0.0769230769231	0.042735042735	0.034188034188	0.0769230769231	0.017094017094	0.017094017094	0	0.57264957265	
0.0512820512821	0.102564102564	0.0769230769231	0.025641025641	0.025641025641	0.017094017094	0.034188034188	0.00854700854701	0.017094017094	0	0.641025641026	
0.017094017094	0.0769230769231	0.0598290598291	0.017094017094	0	0.0598290598291	0.034188034188	0.025641025641	0.017094017094	0.017094017094	0.675213675214	
0.025641025641	0.025641025641	0.017094017094	0.017094017094	0.034188034188	0.017094017094	0	0	0.00854700854701	0	0.854700854701	
0.00854700854701	0.025641025641	0.00854700854701	0.017094017094	0.017094017094	0	0	0	0	0.017094017094	0.905982905983	
0.017094017094	0.025641025641	0.00854700854701	0.017094017094	0.025641025641	0	0	0	0	0	0.905982905983	
0	0	0	0	0.017094017094	0	0	0	0	0	0.982905982906	
0	0.00854700854701	0	0	0.00854700854701	0	0	0	0	0	0.982905982906	
0	0	0	0	0	0	0	0	0	0	1.0	
0	0	0	0	0	0	0	0	0	0	1.0	
0	0	0	0	0	0	0	0	0	0	1.0	
