F1
128
41 76 1
76 16 1
16 35 1
35 74 1
74 29 1
F2
128
15 24 2
24 96 2
96 9 2
F3
128
17 74 3
74 79 3
F4
128
82 25 4
25 46 4
F5
128
88 25 5
25 82 5
82 89 5
F6
128
14 70 6
70 58 6
58 86 6
86 11 6
11 48 6
F7
128
37 90 7
90 25 7
25 46 7
46 1 7
F8
256
66 86 8
86 58 8
F9
256
100 8 9
8 96 9
96 75 9
F10
256
40 29 10
29 74 10
74 39 10
F11
256
8 96 11
96 13 11
13 12 11
12 32 11
F12
256
20 17 12
17 74 12
74 29 12
29 91 12
F13
256
38 35 13
35 74 13
74 22 13
22 57 13
F14
256
68 23 14
23 58 14
58 86 14
86 33 14
F15
256
81 70 15
70 58 15
58 86 15
86 11 15
F16
256
95 70 16
70 58 16
58 86 16
86 43 16
F17
256
82 25 17
25 46 17
F18
512
100 8 18
8 96 18
96 75 18
F19
512
30 36 19
36 20 19
20 96 19
96 13 19
F20
512
24 96 20
96 20 20
20 80 20
F21
512
53 70 21
70 58 21
58 86 21
86 33 21
33 84 21
F22
512
38 35 22
35 74 22
74 22 22
22 57 22
F23
1024
59 40 23
40 29 23
29 74 23
74 94 23
94 98 23
F24
1024
20 17 24
17 74 24
74 29 24
29 91 24
F25
1024
59 40 25
40 29 25
29 74 25
74 94 25
94 98 25
F26
1024
40 29 26
29 74 26
74 39 26
F27
1024
4 3 27
3 1 27
1 46 27
46 25 27
25 26 27
26 34 27
F28
1024
87 61 28
61 90 28
90 25 28
25 69 28
F29
1024
76 16 29
16 35 29
35 74 29
74 22 29
F30
1024
37 90 30
90 25 30
25 46 30
46 1 30
