F1
128
59 40 1
40 29 1
29 74 1
74 94 1
94 98 1
F2
128
77 17 2
17 74 2
74 35 2
F3
128
38 35 3
35 74 3
74 22 3
22 57 3
F4
128
81 70 4
70 58 4
58 86 4
86 11 4
F5
128
78 71 5
71 86 5
86 43 5
43 72 5
F6
128
24 96 6
96 20 6
20 80 6
F7
128
87 61 7
61 90 7
90 25 7
25 69 7
F8
128
82 25 8
25 46 8
F9
128
95 70 9
70 58 9
58 86 9
86 43 9
F10
128
14 70 10
70 58 10
58 86 10
86 11 10
11 48 10
F11
256
53 70 11
70 58 11
58 86 11
86 33 11
33 84 11
F12
256
77 17 12
17 74 12
74 35 12
F13
256
78 71 13
71 86 13
86 43 13
43 72 13
F14
256
77 17 14
17 74 14
74 35 14
F15
256
81 70 15
70 58 15
58 86 15
86 11 15
F16
256
60 85 16
85 27 16
27 25 16
25 88 16
88 61 16
F17
256
30 36 17
36 20 17
20 96 17
96 13 17
F18
512
20 17 18
17 74 18
74 29 18
29 91 18
F19
512
52 9 19
9 96 19
96 13 19
13 12 19
F20
512
95 70 20
70 58 20
58 86 20
86 43 20
F21
512
60 85 21
85 27 21
27 25 21
25 88 21
88 61 21
F22
512
68 23 22
23 58 22
58 86 22
86 33 22
F23
512
17 74 23
74 79 23
F24
1024
17 74 24
74 79 24
F25
1024
87 61 25
61 90 25
90 25 25
25 69 25
F26
1024
100 8 26
8 96 26
96 75 26
F27
1024
50 39 27
39 74 27
74 63 27
F28
1024
92 16 28
16 35 28
35 74 28
74 22 28
22 67 28
F29
1024
20 17 29
17 74 29
74 29 29
29 91 29
F30
1024
37 90 30
90 25 30
25 46 30
46 1 30
