F1
128
60 85 1
85 27 1
27 25 1
25 88 1
88 61 1
F2
128
50 39 2
39 74 2
74 63 2
F3
128
27 25 3
25 88 3
88 6 3
F4
256
59 40 4
40 29 4
29 74 4
74 94 4
94 98 4
F5
256
100 8 5
8 96 5
96 75 5
F6
256
66 86 6
86 58 6
F7
256
87 61 7
61 90 7
90 25 7
25 69 7
F8
256
3 1 8
1 7 8
7 88 8
88 25 8
25 26 8
F9
256
82 25 9
25 46 9
F10
512
30 36 10
36 20 10
20 96 10
96 13 10
F11
512
5 18 11
18 6 11
6 88 11
88 25 11
25 69 11
69 54 11
F12
512
76 16 12
16 35 12
35 74 12
74 22 12
F13
512
15 24 13
24 96 13
96 9 13
F14
512
52 9 14
9 96 14
96 13 14
13 12 14
F15
512
53 70 15
70 58 15
58 86 15
86 33 15
33 84 15
F16
512
60 85 16
85 27 16
27 25 16
25 88 16
88 61 16
F17
512
7 46 17
46 25 17
25 26 17
26 97 17
F18
512
50 39 18
39 74 18
74 63 18
F19
1024
10 42 19
42 91 19
91 29 19
29 74 19
74 39 19
39 94 19
94 83 19
F20
1024
40 29 20
29 74 20
74 39 20
F21
1024
37 90 21
90 25 21
25 46 21
46 1 21
F22
1024
55 63 22
63 74 22
74 22 22
22 67 22
67 28 22
F23
1024
5 18 23
18 6 23
6 88 23
88 25 23
25 69 23
69 54 23
F24
1024
10 42 24
42 91 24
91 29 24
29 74 24
74 39 24
39 94 24
94 83 24
F25
1024
20 17 25
17 74 25
74 29 25
29 91 25
F26
1024
87 61 26
61 90 26
90 25 26
25 69 26
F27
1024
77 17 27
17 74 27
74 35 27
F28
1024
14 70 28
70 58 28
58 86 28
86 11 28
11 48 28
F29
1024
100 8 29
8 96 29
96 75 29
F30
1024
81 70 30
70 58 30
58 86 30
86 11 30
