F1
128
47 76 1
76 16 1
16 35 1
35 74 1
74 22 1
22 94 1
F2
128
95 70 2
70 58 2
58 86 2
86 43 2
F3
128
81 70 3
70 58 3
58 86 3
86 11 3
F4
128
60 85 4
85 27 4
27 25 4
25 88 4
88 61 4
F5
128
45 39 5
39 74 5
74 35 5
35 16 5
F6
128
3 1 6
1 7 6
7 88 6
88 25 6
25 26 6
F7
128
10 42 7
42 91 7
91 29 7
29 74 7
74 39 7
39 94 7
94 83 7
F8
128
3 1 8
1 7 8
7 88 8
88 25 8
25 26 8
F9
256
31 52 9
52 66 9
66 86 9
86 71 9
F10
256
40 29 10
29 74 10
74 39 10
F11
256
24 96 11
96 20 11
20 80 11
F12
256
14 70 12
70 58 12
58 86 12
86 11 12
11 48 12
F13
256
41 76 13
76 16 13
16 35 13
35 74 13
74 29 13
F14
256
76 16 14
16 35 14
35 74 14
74 22 14
F15
256
40 29 15
29 74 15
74 39 15
F16
256
53 70 16
70 58 16
58 86 16
86 33 16
33 84 16
F17
256
53 70 17
70 58 17
58 86 17
86 33 17
33 84 17
F18
512
8 96 18
96 13 18
13 12 18
12 32 18
F19
512
45 39 19
39 74 19
74 35 19
35 16 19
F20
512
95 70 20
70 58 20
58 86 20
86 43 20
F21
512
19 82 21
82 25 21
25 88 21
88 6 21
6 2 21
F22
512
27 25 22
25 88 22
88 6 22
F23
512
20 17 23
17 74 23
74 29 23
29 91 23
F24
512
60 85 24
85 27 24
27 25 24
25 88 24
88 61 24
F25
1024
37 90 25
90 25 25
25 46 25
46 1 25
F26
1024
55 63 26
63 74 26
74 22 26
22 67 26
67 28 26
F27
1024
17 74 27
74 79 27
F28
1024
50 39 28
39 74 28
74 63 28
F29
1024
78 71 29
71 86 29
86 43 29
43 72 29
F30
1024
60 85 30
85 27 30
27 25 30
25 88 30
88 61 30
