F1
128
88 25 1
25 82 1
82 89 1
F2
128
95 70 2
70 58 2
58 86 2
86 43 2
F3
128
5 18 3
18 6 3
6 88 3
88 25 3
25 69 3
69 54 3
F4
128
81 70 4
70 58 4
58 86 4
86 11 4
F5
128
59 40 5
40 29 5
29 74 5
74 94 5
94 98 5
F6
128
7 46 6
46 25 6
25 26 6
26 97 6
F7
128
68 23 7
23 58 7
58 86 7
86 33 7
F8
128
82 25 8
25 46 8
F9
128
30 36 9
36 20 9
20 96 9
96 13 9
F10
128
5 18 10
18 6 10
6 88 10
88 25 10
25 69 10
69 54 10
F11
256
20 17 11
17 74 11
74 29 11
29 91 11
F12
256
27 25 12
25 88 12
88 6 12
F13
256
47 76 13
76 16 13
16 35 13
35 74 13
74 22 13
22 94 13
F14
256
52 9 14
9 96 14
96 13 14
13 12 14
F15
256
37 90 15
90 25 15
25 46 15
46 1 15
F16
512
95 70 16
70 58 16
58 86 16
86 43 16
F17
512
53 70 17
70 58 17
58 86 17
86 33 17
33 84 17
F18
512
38 35 18
35 74 18
74 22 18
22 57 18
F19
1024
24 96 19
96 20 19
20 80 19
F20
1024
88 25 20
25 82 20
82 89 20
F21
1024
50 39 21
39 74 21
74 63 21
F22
1024
68 23 22
23 58 22
58 86 22
86 33 22
F23
1024
3 1 23
1 7 23
7 88 23
88 25 23
25 26 23
F24
1024
59 40 24
40 29 24
29 74 24
74 94 24
94 98 24
F25
1024
50 39 25
39 74 25
74 63 25
F26
1024
3 1 26
1 7 26
7 88 26
88 25 26
25 26 26
F27
1024
50 39 27
39 74 27
74 63 27
F28
1024
95 70 28
70 58 28
58 86 28
86 43 28
F29
1024
10 42 29
42 91 29
91 29 29
29 74 29
74 39 29
39 94 29
94 83 29
F30
1024
76 16 30
16 35 30
35 74 30
74 22 30
