F1
128
76 16 1
16 35 1
35 74 1
74 22 1
F2
128
50 39 2
39 74 2
74 63 2
F3
128
53 70 3
70 58 3
58 86 3
86 33 3
33 84 3
F4
128
87 61 4
61 90 4
90 25 4
25 69 4
F5
128
19 82 5
82 25 5
25 88 5
88 6 5
6 2 5
F6
128
77 17 6
17 74 6
74 35 6
F7
128
41 76 7
76 16 7
16 35 7
35 74 7
74 29 7
F8
128
51 2 8
2 7 8
7 46 8
46 25 8
25 69 8
69 54 8
F9
128
3 1 9
1 7 9
7 88 9
88 25 9
25 26 9
F10
256
76 16 10
16 35 10
35 74 10
74 22 10
F11
256
59 40 11
40 29 11
29 74 11
74 94 11
94 98 11
F12
256
38 35 12
35 74 12
74 22 12
22 57 12
F13
256
88 25 13
25 82 13
82 89 13
F14
256
77 17 14
17 74 14
74 35 14
F15
256
47 76 15
76 16 15
16 35 15
35 74 15
74 22 15
22 94 15
F16
256
52 9 16
9 96 16
96 13 16
13 12 16
F17
256
19 82 17
82 25 17
25 88 17
88 6 17
6 2 17
F18
256
59 40 18
40 29 18
29 74 18
74 94 18
94 98 18
F19
512
59 40 19
40 29 19
29 74 19
74 94 19
94 98 19
F20
512
20 17 20
17 74 20
74 29 20
29 91 20
F21
512
4 3 21
3 1 21
1 46 21
46 25 21
25 26 21
26 34 21
F22
512
10 42 22
42 91 22
91 29 22
29 74 22
74 39 22
39 94 22
94 83 22
F23
1024
3 1 23
1 7 23
7 88 23
88 25 23
25 26 23
F24
1024
3 1 24
1 7 24
7 88 24
88 25 24
25 26 24
F25
1024
87 61 25
61 90 25
90 25 25
25 69 25
F26
1024
88 25 26
25 82 26
82 89 26
F27
1024
47 76 27
76 16 27
16 35 27
35 74 27
74 22 27
22 94 27
F28
1024
41 76 28
76 16 28
16 35 28
35 74 28
74 29 28
F29
1024
37 90 29
90 25 29
25 46 29
46 1 29
F30
1024
7 46 30
46 25 30
25 26 30
26 97 30
