F1
128
30 36 1
36 20 1
20 96 1
96 13 1
F2
128
19 82 2
82 25 2
25 88 2
88 6 2
6 2 2
F3
128
40 29 3
29 74 3
74 39 3
F4
128
20 17 4
17 74 4
74 29 4
29 91 4
F5
128
14 70 5
70 58 5
58 86 5
86 11 5
11 48 5
F6
128
20 17 6
17 74 6
74 29 6
29 91 6
F7
128
66 86 7
86 58 7
F8
128
87 61 8
61 90 8
90 25 8
25 69 8
F9
256
40 29 9
29 74 9
74 39 9
F10
256
66 86 10
86 58 10
F11
256
50 39 11
39 74 11
74 63 11
F12
256
87 61 12
61 90 12
90 25 12
25 69 12
F13
256
37 90 13
90 25 13
25 46 13
46 1 13
F14
256
78 71 14
71 86 14
86 43 14
43 72 14
F15
256
20 17 15
17 74 15
74 29 15
29 91 15
F16
256
3 1 16
1 7 16
7 88 16
88 25 16
25 26 16
F17
512
88 25 17
25 82 17
82 89 17
F18
512
7 46 18
46 25 18
25 26 18
26 97 18
F19
512
31 52 19
52 66 19
66 86 19
86 71 19
F20
512
8 96 20
96 13 20
13 12 20
12 32 20
F21
512
17 74 21
74 79 21
F22
512
82 25 22
25 46 22
F23
512
81 70 23
70 58 23
58 86 23
86 11 23
F24
512
8 96 24
96 13 24
13 12 24
12 32 24
F25
1024
41 76 25
76 16 25
16 35 25
35 74 25
74 29 25
F26
1024
19 82 26
82 25 26
25 88 26
88 6 26
6 2 26
F27
1024
95 70 27
70 58 27
58 86 27
86 43 27
F28
1024
77 17 28
17 74 28
74 35 28
F29
1024
55 63 29
63 74 29
74 22 29
22 67 29
67 28 29
F30
1024
14 70 30
70 58 30
58 86 30
86 11 30
11 48 30
