F1
128
59 40 1
40 29 1
29 74 1
74 94 1
94 98 1
F2
128
82 25 2
25 46 2
F3
128
78 71 3
71 86 3
86 43 3
43 72 3
F4
128
100 8 4
8 96 4
96 75 4
F5
128
7 46 5
46 25 5
25 26 5
26 97 5
F6
128
60 85 6
85 27 6
27 25 6
25 88 6
88 61 6
F7
128
95 70 7
70 58 7
58 86 7
86 43 7
F8
128
76 16 8
16 35 8
35 74 8
74 22 8
F9
128
7 46 9
46 25 9
25 26 9
26 97 9
F10
128
95 70 10
70 58 10
58 86 10
86 43 10
F11
256
78 71 11
71 86 11
86 43 11
43 72 11
F12
256
50 39 12
39 74 12
74 63 12
F13
256
31 52 13
52 66 13
66 86 13
86 71 13
F14
256
87 61 14
61 90 14
90 25 14
25 69 14
F15
256
95 70 15
70 58 15
58 86 15
86 43 15
F16
256
81 70 16
70 58 16
58 86 16
86 11 16
F17
512
68 23 17
23 58 17
58 86 17
86 33 17
F18
512
4 3 18
3 1 18
1 46 18
46 25 18
25 26 18
26 34 18
F19
512
30 36 19
36 20 19
20 96 19
96 13 19
F20
512
87 61 20
61 90 20
90 25 20
25 69 20
F21
512
92 16 21
16 35 21
35 74 21
74 22 21
22 67 21
F22
512
17 74 22
74 79 22
F23
512
78 71 23
71 86 23
86 43 23
43 72 23
F24
1024
38 35 24
35 74 24
74 22 24
22 57 24
F25
1024
31 52 25
52 66 25
66 86 25
86 71 25
F26
1024
7 46 26
46 25 26
25 26 26
26 97 26
F27
1024
53 70 27
70 58 27
58 86 27
86 33 27
33 84 27
F28
1024
20 17 28
17 74 28
74 29 28
29 91 28
F29
1024
87 61 29
61 90 29
90 25 29
25 69 29
F30
1024
59 40 30
40 29 30
29 74 30
74 94 30
94 98 30
