F1
128
17 74 1
74 79 1
F2
128
19 82 2
82 25 2
25 88 2
88 6 2
6 2 2
F3
128
20 17 3
17 74 3
74 29 3
29 91 3
F4
128
8 96 4
96 13 4
13 12 4
12 32 4
F5
128
30 36 5
36 20 5
20 96 5
96 13 5
F6
256
24 96 6
96 20 6
20 80 6
F7
256
8 96 7
96 13 7
13 12 7
12 32 7
F8
256
15 24 8
24 96 8
96 9 8
F9
256
95 70 9
70 58 9
58 86 9
86 43 9
F10
256
82 25 10
25 46 10
F11
256
77 17 11
17 74 11
74 35 11
F12
256
76 16 12
16 35 12
35 74 12
74 22 12
F13
512
38 35 13
35 74 13
74 22 13
22 57 13
F14
512
24 96 14
96 20 14
20 80 14
F15
512
51 2 15
2 7 15
7 46 15
46 25 15
25 69 15
69 54 15
F16
512
17 74 16
74 79 16
F17
512
51 2 17
2 7 17
7 46 17
46 25 17
25 69 17
69 54 17
F18
512
55 63 18
63 74 18
74 22 18
22 67 18
67 28 18
F19
512
77 17 19
17 74 19
74 35 19
F20
512
41 76 20
76 16 20
16 35 20
35 74 20
74 29 20
F21
512
100 8 21
8 96 21
96 75 21
F22
512
27 25 22
25 88 22
88 6 22
F23
512
5 18 23
18 6 23
6 88 23
88 25 23
25 69 23
69 54 23
F24
1024
92 16 24
16 35 24
35 74 24
74 22 24
22 67 24
F25
1024
47 76 25
76 16 25
16 35 25
35 74 25
74 22 25
22 94 25
F26
1024
77 17 26
17 74 26
74 35 26
F27
1024
47 76 27
76 16 27
16 35 27
35 74 27
74 22 27
22 94 27
F28
1024
88 25 28
25 82 28
82 89 28
F29
1024
24 96 29
96 20 29
20 80 29
F30
1024
5 18 30
18 6 30
6 88 30
88 25 30
25 69 30
69 54 30
