F1
128
3 1 1
1 7 1
7 88 1
88 25 1
25 26 1
F2
128
92 16 2
16 35 2
35 74 2
74 22 2
22 67 2
F3
128
8 96 3
96 13 3
13 12 3
12 32 3
F4
128
27 25 4
25 88 4
88 6 4
F5
128
7 46 5
46 25 5
25 26 5
26 97 5
F6
128
50 39 6
39 74 6
74 63 6
F7
128
82 25 7
25 46 7
F8
128
100 8 8
8 96 8
96 75 8
F9
128
78 71 9
71 86 9
86 43 9
43 72 9
F10
256
20 17 10
17 74 10
74 29 10
29 91 10
F11
256
78 71 11
71 86 11
86 43 11
43 72 11
F12
256
3 1 12
1 7 12
7 88 12
88 25 12
25 26 12
F13
256
45 39 13
39 74 13
74 35 13
35 16 13
F14
256
37 90 14
90 25 14
25 46 14
46 1 14
F15
256
95 70 15
70 58 15
58 86 15
86 43 15
F16
256
7 46 16
46 25 16
25 26 16
26 97 16
F17
256
68 23 17
23 58 17
58 86 17
86 33 17
F18
256
81 70 18
70 58 18
58 86 18
86 11 18
F19
512
8 96 19
96 13 19
13 12 19
12 32 19
F20
512
50 39 20
39 74 20
74 63 20
F21
512
41 76 21
76 16 21
16 35 21
35 74 21
74 29 21
F22
1024
51 2 22
2 7 22
7 46 22
46 25 22
25 69 22
69 54 22
F23
1024
81 70 23
70 58 23
58 86 23
86 11 23
F24
1024
10 42 24
42 91 24
91 29 24
29 74 24
74 39 24
39 94 24
94 83 24
F25
1024
78 71 25
71 86 25
86 43 25
43 72 25
F26
1024
60 85 26
85 27 26
27 25 26
25 88 26
88 61 26
F27
1024
51 2 27
2 7 27
7 46 27
46 25 27
25 69 27
69 54 27
F28
1024
76 16 28
16 35 28
35 74 28
74 22 28
F29
1024
5 18 29
18 6 29
6 88 29
88 25 29
25 69 29
69 54 29
F30
1024
82 25 30
25 46 30
