F1
128
14 70 1
70 58 1
58 86 1
86 11 1
11 48 1
F2
128
41 76 2
76 16 2
16 35 2
35 74 2
74 29 2
F3
128
81 70 3
70 58 3
58 86 3
86 11 3
F4
128
82 25 4
25 46 4
F5
128
92 16 5
16 35 5
35 74 5
74 22 5
22 67 5
F6
128
17 74 6
74 79 6
F7
128
76 16 7
16 35 7
35 74 7
74 22 7
F8
128
30 36 8
36 20 8
20 96 8
96 13 8
F9
256
82 25 9
25 46 9
F10
256
78 71 10
71 86 10
86 43 10
43 72 10
F11
256
7 46 11
46 25 11
25 26 11
26 97 11
F12
256
38 35 12
35 74 12
74 22 12
22 57 12
F13
256
7 46 13
46 25 13
25 26 13
26 97 13
F14
256
40 29 14
29 74 14
74 39 14
F15
256
50 39 15
39 74 15
74 63 15
F16
256
76 16 16
16 35 16
35 74 16
74 22 16
F17
256
55 63 17
63 74 17
74 22 17
22 67 17
67 28 17
F18
512
77 17 18
17 74 18
74 35 18
F19
512
66 86 19
86 58 19
F20
512
100 8 20
8 96 20
96 75 20
F21
512
52 9 21
9 96 21
96 13 21
13 12 21
F22
512
30 36 22
36 20 22
20 96 22
96 13 22
F23
512
3 1 23
1 7 23
7 88 23
88 25 23
25 26 23
F24
512
20 17 24
17 74 24
74 29 24
29 91 24
F25
512
51 2 25
2 7 25
7 46 25
46 25 25
25 69 25
69 54 25
F26
512
4 3 26
3 1 26
1 46 26
46 25 26
25 26 26
26 34 26
F27
1024
30 36 27
36 20 27
20 96 27
96 13 27
F28
1024
95 70 28
70 58 28
58 86 28
86 43 28
F29
1024
88 25 29
25 82 29
82 89 29
F30
1024
20 17 30
17 74 30
74 29 30
29 91 30
