F1
128
76 16 1
16 35 1
35 74 1
74 22 1
F2
128
88 25 2
25 82 2
82 89 2
F3
128
3 1 3
1 7 3
7 88 3
88 25 3
25 26 3
F4
128
87 61 4
61 90 4
90 25 4
25 69 4
F5
128
8 96 5
96 13 5
13 12 5
12 32 5
F6
128
77 17 6
17 74 6
74 35 6
F7
128
41 76 7
76 16 7
16 35 7
35 74 7
74 29 7
F8
128
3 1 8
1 7 8
7 88 8
88 25 8
25 26 8
F9
128
82 25 9
25 46 9
F10
128
81 70 10
70 58 10
58 86 10
86 11 10
F11
256
77 17 11
17 74 11
74 35 11
F12
256
15 24 12
24 96 12
96 9 12
F13
256
68 23 13
23 58 13
58 86 13
86 33 13
F14
256
31 52 14
52 66 14
66 86 14
86 71 14
F15
256
60 85 15
85 27 15
27 25 15
25 88 15
88 61 15
F16
256
15 24 16
24 96 16
96 9 16
F17
256
87 61 17
61 90 17
90 25 17
25 69 17
F18
512
31 52 18
52 66 18
66 86 18
86 71 18
F19
512
47 76 19
76 16 19
16 35 19
35 74 19
74 22 19
22 94 19
F20
512
37 90 20
90 25 20
25 46 20
46 1 20
F21
512
55 63 21
63 74 21
74 22 21
22 67 21
67 28 21
F22
512
8 96 22
96 13 22
13 12 22
12 32 22
F23
512
8 96 23
96 13 23
13 12 23
12 32 23
F24
512
87 61 24
61 90 24
90 25 24
25 69 24
F25
512
59 40 25
40 29 25
29 74 25
74 94 25
94 98 25
F26
512
66 86 26
86 58 26
F27
1024
59 40 27
40 29 27
29 74 27
74 94 27
94 98 27
F28
1024
40 29 28
29 74 28
74 39 28
F29
1024
30 36 29
36 20 29
20 96 29
96 13 29
F30
1024
30 36 30
36 20 30
20 96 30
96 13 30
