F1
128
78 71 1
71 86 1
86 43 1
43 72 1
F2
128
52 9 2
9 96 2
96 13 2
13 12 2
F3
128
45 39 3
39 74 3
74 35 3
35 16 3
F4
128
24 96 4
96 20 4
20 80 4
F5
128
55 63 5
63 74 5
74 22 5
22 67 5
67 28 5
F6
128
82 25 6
25 46 6
F7
128
17 74 7
74 79 7
F8
128
8 96 8
96 13 8
13 12 8
12 32 8
F9
256
37 90 9
90 25 9
25 46 9
46 1 9
F10
256
31 52 10
52 66 10
66 86 10
86 71 10
F11
256
100 8 11
8 96 11
96 75 11
F12
256
45 39 12
39 74 12
74 35 12
35 16 12
F13
256
38 35 13
35 74 13
74 22 13
22 57 13
F14
256
17 74 14
74 79 14
F15
256
45 39 15
39 74 15
74 35 15
35 16 15
F16
512
55 63 16
63 74 16
74 22 16
22 67 16
67 28 16
F17
512
47 76 17
76 16 17
16 35 17
35 74 17
74 22 17
22 94 17
F18
512
19 82 18
82 25 18
25 88 18
88 6 18
6 2 18
F19
512
78 71 19
71 86 19
86 43 19
43 72 19
F20
512
55 63 20
63 74 20
74 22 20
22 67 20
67 28 20
F21
1024
4 3 21
3 1 21
1 46 21
46 25 21
25 26 21
26 34 21
F22
1024
31 52 22
52 66 22
66 86 22
86 71 22
F23
1024
47 76 23
76 16 23
16 35 23
35 74 23
74 22 23
22 94 23
F24
1024
60 85 24
85 27 24
27 25 24
25 88 24
88 61 24
F25
1024
51 2 25
2 7 25
7 46 25
46 25 25
25 69 25
69 54 25
F26
1024
45 39 26
39 74 26
74 35 26
35 16 26
F27
1024
14 70 27
70 58 27
58 86 27
86 11 27
11 48 27
F28
1024
4 3 28
3 1 28
1 46 28
46 25 28
25 26 28
26 34 28
F29
1024
82 25 29
25 46 29
F30
1024
88 25 30
25 82 30
82 89 30
