F1
128
30 36 1
36 20 1
20 96 1
96 13 1
F2
128
50 39 2
39 74 2
74 63 2
F3
128
47 76 3
76 16 3
16 35 3
35 74 3
74 22 3
22 94 3
F4
128
7 46 4
46 25 4
25 26 4
26 97 4
F5
128
3 1 5
1 7 5
7 88 5
88 25 5
25 26 5
F6
128
41 76 6
76 16 6
16 35 6
35 74 6
74 29 6
F7
256
8 96 7
96 13 7
13 12 7
12 32 7
F8
256
76 16 8
16 35 8
35 74 8
74 22 8
F9
256
88 25 9
25 82 9
82 89 9
F10
256
88 25 10
25 82 10
82 89 10
F11
256
88 25 11
25 82 11
82 89 11
F12
256
95 70 12
70 58 12
58 86 12
86 43 12
F13
256
53 70 13
70 58 13
58 86 13
86 33 13
33 84 13
F14
256
87 61 14
61 90 14
90 25 14
25 69 14
F15
256
53 70 15
70 58 15
58 86 15
86 33 15
33 84 15
F16
512
5 18 16
18 6 16
6 88 16
88 25 16
25 69 16
69 54 16
F17
512
41 76 17
76 16 17
16 35 17
35 74 17
74 29 17
F18
512
76 16 18
16 35 18
35 74 18
74 22 18
F19
512
88 25 19
25 82 19
82 89 19
F20
512
31 52 20
52 66 20
66 86 20
86 71 20
F21
512
10 42 21
42 91 21
91 29 21
29 74 21
74 39 21
39 94 21
94 83 21
F22
512
87 61 22
61 90 22
90 25 22
25 69 22
F23
1024
52 9 23
9 96 23
96 13 23
13 12 23
F24
1024
38 35 24
35 74 24
74 22 24
22 57 24
F25
1024
82 25 25
25 46 25
F26
1024
81 70 26
70 58 26
58 86 26
86 11 26
F27
1024
50 39 27
39 74 27
74 63 27
F28
1024
20 17 28
17 74 28
74 29 28
29 91 28
F29
1024
4 3 29
3 1 29
1 46 29
46 25 29
25 26 29
26 34 29
F30
1024
52 9 30
9 96 30
96 13 30
13 12 30
