F1
128
19 82 1
82 25 1
25 88 1
88 6 1
6 2 1
F2
128
10 42 2
42 91 2
91 29 2
29 74 2
74 39 2
39 94 2
94 83 2
F3
128
76 16 3
16 35 3
35 74 3
74 22 3
F4
128
68 23 4
23 58 4
58 86 4
86 33 4
F5
128
40 29 5
29 74 5
74 39 5
F6
128
24 96 6
96 20 6
20 80 6
F7
128
27 25 7
25 88 7
88 6 7
F8
256
52 9 8
9 96 8
96 13 8
13 12 8
F9
256
3 1 9
1 7 9
7 88 9
88 25 9
25 26 9
F10
256
60 85 10
85 27 10
27 25 10
25 88 10
88 61 10
F11
256
92 16 11
16 35 11
35 74 11
74 22 11
22 67 11
F12
256
88 25 12
25 82 12
82 89 12
F13
256
66 86 13
86 58 13
F14
256
37 90 14
90 25 14
25 46 14
46 1 14
F15
256
92 16 15
16 35 15
35 74 15
74 22 15
22 67 15
F16
256
55 63 16
63 74 16
74 22 16
22 67 16
67 28 16
F17
256
4 3 17
3 1 17
1 46 17
46 25 17
25 26 17
26 34 17
F18
512
77 17 18
17 74 18
74 35 18
F19
512
40 29 19
29 74 19
74 39 19
F20
512
59 40 20
40 29 20
29 74 20
74 94 20
94 98 20
F21
512
7 46 21
46 25 21
25 26 21
26 97 21
F22
512
92 16 22
16 35 22
35 74 22
74 22 22
22 67 22
F23
512
19 82 23
82 25 23
25 88 23
88 6 23
6 2 23
F24
512
82 25 24
25 46 24
F25
512
51 2 25
2 7 25
7 46 25
46 25 25
25 69 25
69 54 25
F26
1024
41 76 26
76 16 26
16 35 26
35 74 26
74 29 26
F27
1024
20 17 27
17 74 27
74 29 27
29 91 27
F28
1024
40 29 28
29 74 28
74 39 28
F29
1024
3 1 29
1 7 29
7 88 29
88 25 29
25 26 29
F30
1024
47 76 30
76 16 30
16 35 30
35 74 30
74 22 30
22 94 30
