F1
128
59 40 1
40 29 1
29 74 1
74 94 1
94 98 1
F2
128
66 86 2
86 58 2
F3
128
20 17 3
17 74 3
74 29 3
29 91 3
F4
128
52 9 4
9 96 4
96 13 4
13 12 4
F5
256
88 25 5
25 82 5
82 89 5
F6
256
30 36 6
36 20 6
20 96 6
96 13 6
F7
256
38 35 7
35 74 7
74 22 7
22 57 7
F8
256
40 29 8
29 74 8
74 39 8
F9
256
7 46 9
46 25 9
25 26 9
26 97 9
F10
256
92 16 10
16 35 10
35 74 10
74 22 10
22 67 10
F11
256
95 70 11
70 58 11
58 86 11
86 43 11
F12
512
20 17 12
17 74 12
74 29 12
29 91 12
F13
512
30 36 13
36 20 13
20 96 13
96 13 13
F14
512
68 23 14
23 58 14
58 86 14
86 33 14
F15
512
45 39 15
39 74 15
74 35 15
35 16 15
F16
512
68 23 16
23 58 16
58 86 16
86 33 16
F17
512
53 70 17
70 58 17
58 86 17
86 33 17
33 84 17
F18
512
55 63 18
63 74 18
74 22 18
22 67 18
67 28 18
F19
512
10 42 19
42 91 19
91 29 19
29 74 19
74 39 19
39 94 19
94 83 19
F20
1024
7 46 20
46 25 20
25 26 20
26 97 20
F21
1024
37 90 21
90 25 21
25 46 21
46 1 21
F22
1024
77 17 22
17 74 22
74 35 22
F23
1024
30 36 23
36 20 23
20 96 23
96 13 23
F24
1024
7 46 24
46 25 24
25 26 24
26 97 24
F25
1024
100 8 25
8 96 25
96 75 25
F26
1024
68 23 26
23 58 26
58 86 26
86 33 26
F27
1024
87 61 27
61 90 27
90 25 27
25 69 27
F28
1024
81 70 28
70 58 28
58 86 28
86 11 28
F29
1024
7 46 29
46 25 29
25 26 29
26 97 29
F30
1024
8 96 30
96 13 30
13 12 30
12 32 30
