F1
128
45 39 1
39 74 1
74 35 1
35 16 1
F2
128
10 42 2
42 91 2
91 29 2
29 74 2
74 39 2
39 94 2
94 83 2
F3
128
40 29 3
29 74 3
74 39 3
F4
128
95 70 4
70 58 4
58 86 4
86 43 4
F5
128
30 36 5
36 20 5
20 96 5
96 13 5
F6
256
92 16 6
16 35 6
35 74 6
74 22 6
22 67 6
F7
256
24 96 7
96 20 7
20 80 7
F8
256
15 24 8
24 96 8
96 9 8
F9
256
77 17 9
17 74 9
74 35 9
F10
256
59 40 10
40 29 10
29 74 10
74 94 10
94 98 10
F11
512
60 85 11
85 27 11
27 25 11
25 88 11
88 61 11
F12
512
31 52 12
52 66 12
66 86 12
86 71 12
F13
512
47 76 13
76 16 13
16 35 13
35 74 13
74 22 13
22 94 13
F14
512
3 1 14
1 7 14
7 88 14
88 25 14
25 26 14
F15
512
47 76 15
76 16 15
16 35 15
35 74 15
74 22 15
22 94 15
F16
512
15 24 16
24 96 16
96 9 16
F17
512
40 29 17
29 74 17
74 39 17
F18
512
40 29 18
29 74 18
74 39 18
F19
512
60 85 19
85 27 19
27 25 19
25 88 19
88 61 19
F20
512
76 16 20
16 35 20
35 74 20
74 22 20
F21
512
60 85 21
85 27 21
27 25 21
25 88 21
88 61 21
F22
1024
27 25 22
25 88 22
88 6 22
F23
1024
38 35 23
35 74 23
74 22 23
22 57 23
F24
1024
66 86 24
86 58 24
F25
1024
50 39 25
39 74 25
74 63 25
F26
1024
5 18 26
18 6 26
6 88 26
88 25 26
25 69 26
69 54 26
F27
1024
15 24 27
24 96 27
96 9 27
F28
1024
14 70 28
70 58 28
58 86 28
86 11 28
11 48 28
F29
1024
14 70 29
70 58 29
58 86 29
86 11 29
11 48 29
F30
1024
47 76 30
76 16 30
16 35 30
35 74 30
74 22 30
22 94 30
