F1
128
7 46 1
46 25 1
25 26 1
26 97 1
F2
128
27 25 2
25 88 2
88 6 2
F3
128
59 40 3
40 29 3
29 74 3
74 94 3
94 98 3
F4
128
10 42 4
42 91 4
91 29 4
29 74 4
74 39 4
39 94 4
94 83 4
F5
128
76 16 5
16 35 5
35 74 5
74 22 5
F6
128
88 25 6
25 82 6
82 89 6
F7
128
7 46 7
46 25 7
25 26 7
26 97 7
F8
128
87 61 8
61 90 8
90 25 8
25 69 8
F9
128
81 70 9
70 58 9
58 86 9
86 11 9
F10
256
51 2 10
2 7 10
7 46 10
46 25 10
25 69 10
69 54 10
F11
256
4 3 11
3 1 11
1 46 11
46 25 11
25 26 11
26 34 11
F12
256
82 25 12
25 46 12
F13
256
15 24 13
24 96 13
96 9 13
F14
256
60 85 14
85 27 14
27 25 14
25 88 14
88 61 14
F15
256
15 24 15
24 96 15
96 9 15
F16
256
27 25 16
25 88 16
88 6 16
F17
256
81 70 17
70 58 17
58 86 17
86 11 17
F18
512
59 40 18
40 29 18
29 74 18
74 94 18
94 98 18
F19
512
45 39 19
39 74 19
74 35 19
35 16 19
F20
512
17 74 20
74 79 20
F21
512
59 40 21
40 29 21
29 74 21
74 94 21
94 98 21
F22
512
37 90 22
90 25 22
25 46 22
46 1 22
F23
512
19 82 23
82 25 23
25 88 23
88 6 23
6 2 23
F24
512
77 17 24
17 74 24
74 35 24
F25
512
51 2 25
2 7 25
7 46 25
46 25 25
25 69 25
69 54 25
F26
1024
15 24 26
24 96 26
96 9 26
F27
1024
78 71 27
71 86 27
86 43 27
43 72 27
F28
1024
3 1 28
1 7 28
7 88 28
88 25 28
25 26 28
F29
1024
87 61 29
61 90 29
90 25 29
25 69 29
F30
1024
47 76 30
76 16 30
16 35 30
35 74 30
74 22 30
22 94 30
