F1
128
19 82 1
82 25 1
25 88 1
88 6 1
6 2 1
F2
128
31 52 2
52 66 2
66 86 2
86 71 2
F3
128
52 9 3
9 96 3
96 13 3
13 12 3
F4
128
88 25 4
25 82 4
82 89 4
F5
128
51 2 5
2 7 5
7 46 5
46 25 5
25 69 5
69 54 5
F6
128
50 39 6
39 74 6
74 63 6
F7
256
53 70 7
70 58 7
58 86 7
86 33 7
33 84 7
F8
256
53 70 8
70 58 8
58 86 8
86 33 8
33 84 8
F9
256
24 96 9
96 20 9
20 80 9
F10
256
100 8 10
8 96 10
96 75 10
F11
512
37 90 11
90 25 11
25 46 11
46 1 11
F12
512
7 46 12
46 25 12
25 26 12
26 97 12
F13
512
51 2 13
2 7 13
7 46 13
46 25 13
25 69 13
69 54 13
F14
512
10 42 14
42 91 14
91 29 14
29 74 14
74 39 14
39 94 14
94 83 14
F15
512
78 71 15
71 86 15
86 43 15
43 72 15
F16
512
31 52 16
52 66 16
66 86 16
86 71 16
F17
512
40 29 17
29 74 17
74 39 17
F18
512
5 18 18
18 6 18
6 88 18
88 25 18
25 69 18
69 54 18
F19
512
37 90 19
90 25 19
25 46 19
46 1 19
F20
512
53 70 20
70 58 20
58 86 20
86 33 20
33 84 20
F21
1024
87 61 21
61 90 21
90 25 21
25 69 21
F22
1024
92 16 22
16 35 22
35 74 22
74 22 22
22 67 22
F23
1024
38 35 23
35 74 23
74 22 23
22 57 23
F24
1024
8 96 24
96 13 24
13 12 24
12 32 24
F25
1024
8 96 25
96 13 25
13 12 25
12 32 25
F26
1024
7 46 26
46 25 26
25 26 26
26 97 26
F27
1024
88 25 27
25 82 27
82 89 27
F28
1024
82 25 28
25 46 28
F29
1024
40 29 29
29 74 29
74 39 29
F30
1024
5 18 30
18 6 30
6 88 30
88 25 30
25 69 30
69 54 30
