F1
128
7 46 1
46 25 1
25 26 1
26 97 1
F2
128
95 70 2
70 58 2
58 86 2
86 43 2
F3
128
78 71 3
71 86 3
86 43 3
43 72 3
F4
128
66 86 4
86 58 4
F5
128
92 16 5
16 35 5
35 74 5
74 22 5
22 67 5
F6
128
68 23 6
23 58 6
58 86 6
86 33 6
F7
256
4 3 7
3 1 7
1 46 7
46 25 7
25 26 7
26 34 7
F8
256
66 86 8
86 58 8
F9
256
60 85 9
85 27 9
27 25 9
25 88 9
88 61 9
F10
256
38 35 10
35 74 10
74 22 10
22 57 10
F11
256
81 70 11
70 58 11
58 86 11
86 11 11
F12
256
87 61 12
61 90 12
90 25 12
25 69 12
F13
256
76 16 13
16 35 13
35 74 13
74 22 13
F14
512
45 39 14
39 74 14
74 35 14
35 16 14
F15
512
82 25 15
25 46 15
F16
512
47 76 16
76 16 16
16 35 16
35 74 16
74 22 16
22 94 16
F17
512
95 70 17
70 58 17
58 86 17
86 43 17
F18
512
47 76 18
76 16 18
16 35 18
35 74 18
74 22 18
22 94 18
F19
512
52 9 19
9 96 19
96 13 19
13 12 19
F20
512
53 70 20
70 58 20
58 86 20
86 33 20
33 84 20
F21
512
7 46 21
46 25 21
25 26 21
26 97 21
F22
1024
30 36 22
36 20 22
20 96 22
96 13 22
F23
1024
31 52 23
52 66 23
66 86 23
86 71 23
F24
1024
15 24 24
24 96 24
96 9 24
F25
1024
100 8 25
8 96 25
96 75 25
F26
1024
10 42 26
42 91 26
91 29 26
29 74 26
74 39 26
39 94 26
94 83 26
F27
1024
53 70 27
70 58 27
58 86 27
86 33 27
33 84 27
F28
1024
45 39 28
39 74 28
74 35 28
35 16 28
F29
1024
50 39 29
39 74 29
74 63 29
F30
1024
52 9 30
9 96 30
96 13 30
13 12 30
