F1
128
19 82 1
82 25 1
25 88 1
88 6 1
6 2 1
F2
128
24 96 2
96 20 2
20 80 2
F3
128
37 90 3
90 25 3
25 46 3
46 1 3
F4
128
92 16 4
16 35 4
35 74 4
74 22 4
22 67 4
F5
128
95 70 5
70 58 5
58 86 5
86 43 5
F6
128
51 2 6
2 7 6
7 46 6
46 25 6
25 69 6
69 54 6
F7
256
60 85 7
85 27 7
27 25 7
25 88 7
88 61 7
F8
256
7 46 8
46 25 8
25 26 8
26 97 8
F9
256
66 86 9
86 58 9
F10
256
53 70 10
70 58 10
58 86 10
86 33 10
33 84 10
F11
256
81 70 11
70 58 11
58 86 11
86 11 11
F12
256
31 52 12
52 66 12
66 86 12
86 71 12
F13
256
82 25 13
25 46 13
F14
256
14 70 14
70 58 14
58 86 14
86 11 14
11 48 14
F15
256
15 24 15
24 96 15
96 9 15
F16
512
4 3 16
3 1 16
1 46 16
46 25 16
25 26 16
26 34 16
F17
512
19 82 17
82 25 17
25 88 17
88 6 17
6 2 17
F18
512
37 90 18
90 25 18
25 46 18
46 1 18
F19
512
53 70 19
70 58 19
58 86 19
86 33 19
33 84 19
F20
512
88 25 20
25 82 20
82 89 20
F21
512
10 42 21
42 91 21
91 29 21
29 74 21
74 39 21
39 94 21
94 83 21
F22
512
3 1 22
1 7 22
7 88 22
88 25 22
25 26 22
F23
512
40 29 23
29 74 23
74 39 23
F24
1024
60 85 24
85 27 24
27 25 24
25 88 24
88 61 24
F25
1024
30 36 25
36 20 25
20 96 25
96 13 25
F26
1024
53 70 26
70 58 26
58 86 26
86 33 26
33 84 26
F27
1024
24 96 27
96 20 27
20 80 27
F28
1024
47 76 28
76 16 28
16 35 28
35 74 28
74 22 28
22 94 28
F29
1024
38 35 29
35 74 29
74 22 29
22 57 29
F30
1024
41 76 30
76 16 30
16 35 30
35 74 30
74 29 30
