F1
128
14 70 1
70 58 1
58 86 1
86 11 1
11 48 1
F2
128
87 61 2
61 90 2
90 25 2
25 69 2
F3
128
7 46 3
46 25 3
25 26 3
26 97 3
F4
256
20 17 4
17 74 4
74 29 4
29 91 4
F5
256
78 71 5
71 86 5
86 43 5
43 72 5
F6
256
4 3 6
3 1 6
1 46 6
46 25 6
25 26 6
26 34 6
F7
256
47 76 7
76 16 7
16 35 7
35 74 7
74 22 7
22 94 7
F8
256
4 3 8
3 1 8
1 46 8
46 25 8
25 26 8
26 34 8
F9
256
24 96 9
96 20 9
20 80 9
F10
256
59 40 10
40 29 10
29 74 10
74 94 10
94 98 10
F11
256
24 96 11
96 20 11
20 80 11
F12
256
81 70 12
70 58 12
58 86 12
86 11 12
F13
256
4 3 13
3 1 13
1 46 13
46 25 13
25 26 13
26 34 13
F14
256
14 70 14
70 58 14
58 86 14
86 11 14
11 48 14
F15
512
82 25 15
25 46 15
F16
512
27 25 16
25 88 16
88 6 16
F17
512
41 76 17
76 16 17
16 35 17
35 74 17
74 29 17
F18
512
14 70 18
70 58 18
58 86 18
86 11 18
11 48 18
F19
512
15 24 19
24 96 19
96 9 19
F20
512
87 61 20
61 90 20
90 25 20
25 69 20
F21
512
24 96 21
96 20 21
20 80 21
F22
1024
88 25 22
25 82 22
82 89 22
F23
1024
19 82 23
82 25 23
25 88 23
88 6 23
6 2 23
F24
1024
55 63 24
63 74 24
74 22 24
22 67 24
67 28 24
F25
1024
68 23 25
23 58 25
58 86 25
86 33 25
F26
1024
82 25 26
25 46 26
F27
1024
78 71 27
71 86 27
86 43 27
43 72 27
F28
1024
17 74 28
74 79 28
F29
1024
24 96 29
96 20 29
20 80 29
F30
1024
52 9 30
9 96 30
96 13 30
13 12 30
