F1
128
7 46 1
46 25 1
25 26 1
26 97 1
F2
128
53 70 2
70 58 2
58 86 2
86 33 2
33 84 2
F3
128
95 70 3
70 58 3
58 86 3
86 43 3
F4
128
95 70 4
70 58 4
58 86 4
86 43 4
F5
128
68 23 5
23 58 5
58 86 5
86 33 5
F6
128
4 3 6
3 1 6
1 46 6
46 25 6
25 26 6
26 34 6
F7
128
76 16 7
16 35 7
35 74 7
74 22 7
F8
128
52 9 8
9 96 8
96 13 8
13 12 8
F9
256
14 70 9
70 58 9
58 86 9
86 11 9
11 48 9
F10
256
8 96 10
96 13 10
13 12 10
12 32 10
F11
256
87 61 11
61 90 11
90 25 11
25 69 11
F12
256
82 25 12
25 46 12
F13
256
51 2 13
2 7 13
7 46 13
46 25 13
25 69 13
69 54 13
F14
256
20 17 14
17 74 14
74 29 14
29 91 14
F15
256
20 17 15
17 74 15
74 29 15
29 91 15
F16
256
14 70 16
70 58 16
58 86 16
86 11 16
11 48 16
F17
256
41 76 17
76 16 17
16 35 17
35 74 17
74 29 17
F18
512
15 24 18
24 96 18
96 9 18
F19
512
78 71 19
71 86 19
86 43 19
43 72 19
F20
512
37 90 20
90 25 20
25 46 20
46 1 20
F21
512
19 82 21
82 25 21
25 88 21
88 6 21
6 2 21
F22
512
47 76 22
76 16 22
16 35 22
35 74 22
74 22 22
22 94 22
F23
512
60 85 23
85 27 23
27 25 23
25 88 23
88 61 23
F24
1024
20 17 24
17 74 24
74 29 24
29 91 24
F25
1024
87 61 25
61 90 25
90 25 25
25 69 25
F26
1024
7 46 26
46 25 26
25 26 26
26 97 26
F27
1024
76 16 27
16 35 27
35 74 27
74 22 27
F28
1024
4 3 28
3 1 28
1 46 28
46 25 28
25 26 28
26 34 28
F29
1024
92 16 29
16 35 29
35 74 29
74 22 29
22 67 29
F30
1024
78 71 30
71 86 30
86 43 30
43 72 30
