F1
128
78 71 1
71 86 1
86 43 1
43 72 1
F2
128
66 86 2
86 58 2
F3
128
30 36 3
36 20 3
20 96 3
96 13 3
F4
128
27 25 4
25 88 4
88 6 4
F5
128
24 96 5
96 20 5
20 80 5
F6
128
81 70 6
70 58 6
58 86 6
86 11 6
F7
256
20 17 7
17 74 7
74 29 7
29 91 7
F8
256
78 71 8
71 86 8
86 43 8
43 72 8
F9
256
47 76 9
76 16 9
16 35 9
35 74 9
74 22 9
22 94 9
F10
256
88 25 10
25 82 10
82 89 10
F11
256
24 96 11
96 20 11
20 80 11
F12
256
31 52 12
52 66 12
66 86 12
86 71 12
F13
256
37 90 13
90 25 13
25 46 13
46 1 13
F14
256
37 90 14
90 25 14
25 46 14
46 1 14
F15
512
8 96 15
96 13 15
13 12 15
12 32 15
F16
512
30 36 16
36 20 16
20 96 16
96 13 16
F17
512
77 17 17
17 74 17
74 35 17
F18
512
24 96 18
96 20 18
20 80 18
F19
512
51 2 19
2 7 19
7 46 19
46 25 19
25 69 19
69 54 19
F20
512
59 40 20
40 29 20
29 74 20
74 94 20
94 98 20
F21
512
82 25 21
25 46 21
F22
512
60 85 22
85 27 22
27 25 22
25 88 22
88 61 22
F23
512
15 24 23
24 96 23
96 9 23
F24
512
24 96 24
96 20 24
20 80 24
F25
1024
41 76 25
76 16 25
16 35 25
35 74 25
74 29 25
F26
1024
19 82 26
82 25 26
25 88 26
88 6 26
6 2 26
F27
1024
27 25 27
25 88 27
88 6 27
F28
1024
51 2 28
2 7 28
7 46 28
46 25 28
25 69 28
69 54 28
F29
1024
37 90 29
90 25 29
25 46 29
46 1 29
F30
1024
37 90 30
90 25 30
25 46 30
46 1 30
