F1
128
10 42 1
42 91 1
91 29 1
29 74 1
74 39 1
39 94 1
94 83 1
F2
128
3 1 2
1 7 2
7 88 2
88 25 2
25 26 2
F3
128
8 96 3
96 13 3
13 12 3
12 32 3
F4
128
7 46 4
46 25 4
25 26 4
26 97 4
F5
128
52 9 5
9 96 5
96 13 5
13 12 5
F6
128
20 17 6
17 74 6
74 29 6
29 91 6
F7
256
20 17 7
17 74 7
74 29 7
29 91 7
F8
256
30 36 8
36 20 8
20 96 8
96 13 8
F9
256
41 76 9
76 16 9
16 35 9
35 74 9
74 29 9
F10
256
68 23 10
23 58 10
58 86 10
86 33 10
F11
256
14 70 11
70 58 11
58 86 11
86 11 11
11 48 11
F12
256
4 3 12
3 1 12
1 46 12
46 25 12
25 26 12
26 34 12
F13
256
31 52 13
52 66 13
66 86 13
86 71 13
F14
512
92 16 14
16 35 14
35 74 14
74 22 14
22 67 14
F15
512
14 70 15
70 58 15
58 86 15
86 11 15
11 48 15
F16
512
50 39 16
39 74 16
74 63 16
F17
512
14 70 17
70 58 17
58 86 17
86 11 17
11 48 17
F18
512
76 16 18
16 35 18
35 74 18
74 22 18
F19
512
95 70 19
70 58 19
58 86 19
86 43 19
F20
512
3 1 20
1 7 20
7 88 20
88 25 20
25 26 20
F21
1024
76 16 21
16 35 21
35 74 21
74 22 21
F22
1024
59 40 22
40 29 22
29 74 22
74 94 22
94 98 22
F23
1024
8 96 23
96 13 23
13 12 23
12 32 23
F24
1024
27 25 24
25 88 24
88 6 24
F25
1024
8 96 25
96 13 25
13 12 25
12 32 25
F26
1024
52 9 26
9 96 26
96 13 26
13 12 26
F27
1024
8 96 27
96 13 27
13 12 27
12 32 27
F28
1024
68 23 28
23 58 28
58 86 28
86 33 28
F29
1024
38 35 29
35 74 29
74 22 29
22 57 29
F30
1024
100 8 30
8 96 30
96 75 30
