F1
128
81 70 1
70 58 1
58 86 1
86 11 1
F2
128
87 61 2
61 90 2
90 25 2
25 69 2
F3
128
76 16 3
16 35 3
35 74 3
74 22 3
F4
128
66 86 4
86 58 4
F5
128
41 76 5
76 16 5
16 35 5
35 74 5
74 29 5
F6
128
40 29 6
29 74 6
74 39 6
F7
128
52 9 7
9 96 7
96 13 7
13 12 7
F8
128
14 70 8
70 58 8
58 86 8
86 11 8
11 48 8
F9
128
37 90 9
90 25 9
25 46 9
46 1 9
F10
256
76 16 10
16 35 10
35 74 10
74 22 10
F11
256
68 23 11
23 58 11
58 86 11
86 33 11
F12
256
95 70 12
70 58 12
58 86 12
86 43 12
F13
256
59 40 13
40 29 13
29 74 13
74 94 13
94 98 13
F14
256
87 61 14
61 90 14
90 25 14
25 69 14
F15
256
41 76 15
76 16 15
16 35 15
35 74 15
74 29 15
F16
256
81 70 16
70 58 16
58 86 16
86 11 16
F17
512
15 24 17
24 96 17
96 9 17
F18
512
53 70 18
70 58 18
58 86 18
86 33 18
33 84 18
F19
512
81 70 19
70 58 19
58 86 19
86 11 19
F20
512
7 46 20
46 25 20
25 26 20
26 97 20
F21
512
77 17 21
17 74 21
74 35 21
F22
512
81 70 22
70 58 22
58 86 22
86 11 22
F23
512
37 90 23
90 25 23
25 46 23
46 1 23
F24
512
47 76 24
76 16 24
16 35 24
35 74 24
74 22 24
22 94 24
F25
1024
53 70 25
70 58 25
58 86 25
86 33 25
33 84 25
F26
1024
92 16 26
16 35 26
35 74 26
74 22 26
22 67 26
F27
1024
5 18 27
18 6 27
6 88 27
88 25 27
25 69 27
69 54 27
F28
1024
51 2 28
2 7 28
7 46 28
46 25 28
25 69 28
69 54 28
F29
1024
68 23 29
23 58 29
58 86 29
86 33 29
F30
1024
7 46 30
46 25 30
25 26 30
26 97 30
