F1
128
68 23 1
23 58 1
58 86 1
86 33 1
F2
128
19 82 2
82 25 2
25 88 2
88 6 2
6 2 2
F3
128
8 96 3
96 13 3
13 12 3
12 32 3
F4
128
76 16 4
16 35 4
35 74 4
74 22 4
F5
128
82 25 5
25 46 5
F6
128
82 25 6
25 46 6
F7
128
88 25 7
25 82 7
82 89 7
F8
128
41 76 8
76 16 8
16 35 8
35 74 8
74 29 8
F9
128
14 70 9
70 58 9
58 86 9
86 11 9
11 48 9
F10
256
5 18 10
18 6 10
6 88 10
88 25 10
25 69 10
69 54 10
F11
256
52 9 11
9 96 11
96 13 11
13 12 11
F12
256
4 3 12
3 1 12
1 46 12
46 25 12
25 26 12
26 34 12
F13
256
87 61 13
61 90 13
90 25 13
25 69 13
F14
256
7 46 14
46 25 14
25 26 14
26 97 14
F15
256
51 2 15
2 7 15
7 46 15
46 25 15
25 69 15
69 54 15
F16
256
100 8 16
8 96 16
96 75 16
F17
512
88 25 17
25 82 17
82 89 17
F18
512
88 25 18
25 82 18
82 89 18
F19
512
4 3 19
3 1 19
1 46 19
46 25 19
25 26 19
26 34 19
F20
512
19 82 20
82 25 20
25 88 20
88 6 20
6 2 20
F21
512
20 17 21
17 74 21
74 29 21
29 91 21
F22
512
24 96 22
96 20 22
20 80 22
F23
1024
53 70 23
70 58 23
58 86 23
86 33 23
33 84 23
F24
1024
88 25 24
25 82 24
82 89 24
F25
1024
3 1 25
1 7 25
7 88 25
88 25 25
25 26 25
F26
1024
50 39 26
39 74 26
74 63 26
F27
1024
66 86 27
86 58 27
F28
1024
60 85 28
85 27 28
27 25 28
25 88 28
88 61 28
F29
1024
51 2 29
2 7 29
7 46 29
46 25 29
25 69 29
69 54 29
F30
1024
51 2 30
2 7 30
7 46 30
46 25 30
25 69 30
69 54 30
