F1
128
47 76 1
76 16 1
16 35 1
35 74 1
74 22 1
22 94 1
F2
128
100 8 2
8 96 2
96 75 2
F3
128
20 17 3
17 74 3
74 29 3
29 91 3
F4
128
88 25 4
25 82 4
82 89 4
F5
128
50 39 5
39 74 5
74 63 5
F6
128
45 39 6
39 74 6
74 35 6
35 16 6
F7
256
52 9 7
9 96 7
96 13 7
13 12 7
F8
256
77 17 8
17 74 8
74 35 8
F9
256
51 2 9
2 7 9
7 46 9
46 25 9
25 69 9
69 54 9
F10
256
17 74 10
74 79 10
F11
256
92 16 11
16 35 11
35 74 11
74 22 11
22 67 11
F12
256
95 70 12
70 58 12
58 86 12
86 43 12
F13
256
38 35 13
35 74 13
74 22 13
22 57 13
F14
256
7 46 14
46 25 14
25 26 14
26 97 14
F15
256
14 70 15
70 58 15
58 86 15
86 11 15
11 48 15
F16
256
53 70 16
70 58 16
58 86 16
86 33 16
33 84 16
F17
256
45 39 17
39 74 17
74 35 17
35 16 17
F18
256
7 46 18
46 25 18
25 26 18
26 97 18
F19
512
38 35 19
35 74 19
74 22 19
22 57 19
F20
512
50 39 20
39 74 20
74 63 20
F21
512
76 16 21
16 35 21
35 74 21
74 22 21
F22
512
4 3 22
3 1 22
1 46 22
46 25 22
25 26 22
26 34 22
F23
512
24 96 23
96 20 23
20 80 23
F24
1024
17 74 24
74 79 24
F25
1024
100 8 25
8 96 25
96 75 25
F26
1024
50 39 26
39 74 26
74 63 26
F27
1024
40 29 27
29 74 27
74 39 27
F28
1024
30 36 28
36 20 28
20 96 28
96 13 28
F29
1024
78 71 29
71 86 29
86 43 29
43 72 29
F30
1024
60 85 30
85 27 30
27 25 30
25 88 30
88 61 30
