F1
256
31 52 1
52 66 1
66 86 1
86 71 1
F2
256
68 23 2
23 58 2
58 86 2
86 33 2
F3
256
78 71 3
71 86 3
86 43 3
43 72 3
F4
256
88 25 4
25 82 4
82 89 4
F5
256
77 17 5
17 74 5
74 35 5
F6
256
3 1 6
1 7 6
7 88 6
88 25 6
25 26 6
F7
256
14 70 7
70 58 7
58 86 7
86 11 7
11 48 7
F8
256
40 29 8
29 74 8
74 39 8
F9
256
59 40 9
40 29 9
29 74 9
74 94 9
94 98 9
F10
512
31 52 10
52 66 10
66 86 10
86 71 10
F11
512
53 70 11
70 58 11
58 86 11
86 33 11
33 84 11
F12
512
87 61 12
61 90 12
90 25 12
25 69 12
F13
512
7 46 13
46 25 13
25 26 13
26 97 13
F14
512
60 85 14
85 27 14
27 25 14
25 88 14
88 61 14
F15
1024
19 82 15
82 25 15
25 88 15
88 6 15
6 2 15
F16
1024
15 24 16
24 96 16
96 9 16
F17
1024
100 8 17
8 96 17
96 75 17
F18
1024
14 70 18
70 58 18
58 86 18
86 11 18
11 48 18
F19
1024
20 17 19
17 74 19
74 29 19
29 91 19
F20
1024
7 46 20
46 25 20
25 26 20
26 97 20
