F1
256
77 17 1
17 74 1
74 35 1
F2
256
8 96 2
96 13 2
13 12 2
12 32 2
F3
256
55 63 3
63 74 3
74 22 3
22 67 3
67 28 3
F4
256
82 25 4
25 46 4
F5
256
24 96 5
96 20 5
20 80 5
F6
256
78 71 6
71 86 6
86 43 6
43 72 6
F7
512
82 25 7
25 46 7
F8
512
47 76 8
76 16 8
16 35 8
35 74 8
74 22 8
22 94 8
F9
512
95 70 9
70 58 9
58 86 9
86 43 9
F10
512
55 63 10
63 74 10
74 22 10
22 67 10
67 28 10
F11
512
31 52 11
52 66 11
66 86 11
86 71 11
F12
512
78 71 12
71 86 12
86 43 12
43 72 12
F13
1024
77 17 13
17 74 13
74 35 13
F14
1024
76 16 14
16 35 14
35 74 14
74 22 14
F15
1024
55 63 15
63 74 15
74 22 15
22 67 15
67 28 15
F16
1024
51 2 16
2 7 16
7 46 16
46 25 16
25 69 16
69 54 16
F17
1024
51 2 17
2 7 17
7 46 17
46 25 17
25 69 17
69 54 17
F18
1024
47 76 18
76 16 18
16 35 18
35 74 18
74 22 18
22 94 18
F19
1024
7 46 19
46 25 19
25 26 19
26 97 19
F20
1024
78 71 20
71 86 20
86 43 20
43 72 20
