F1
256
92 16 1
16 35 1
35 74 1
74 22 1
22 67 1
F2
256
20 17 2
17 74 2
74 29 2
29 91 2
F3
256
4 3 3
3 1 3
1 46 3
46 25 3
25 26 3
26 34 3
F4
256
14 70 4
70 58 4
58 86 4
86 11 4
11 48 4
F5
256
60 85 5
85 27 5
27 25 5
25 88 5
88 61 5
F6
256
41 76 6
76 16 6
16 35 6
35 74 6
74 29 6
F7
256
24 96 7
96 20 7
20 80 7
F8
256
7 46 8
46 25 8
25 26 8
26 97 8
F9
512
10 42 9
42 91 9
91 29 9
29 74 9
74 39 9
39 94 9
94 83 9
F10
512
53 70 10
70 58 10
58 86 10
86 33 10
33 84 10
F11
512
27 25 11
25 88 11
88 6 11
F12
512
40 29 12
29 74 12
74 39 12
F13
512
30 36 13
36 20 13
20 96 13
96 13 13
F14
512
87 61 14
61 90 14
90 25 14
25 69 14
F15
1024
41 76 15
76 16 15
16 35 15
35 74 15
74 29 15
F16
1024
7 46 16
46 25 16
25 26 16
26 97 16
F17
1024
31 52 17
52 66 17
66 86 17
86 71 17
F18
1024
27 25 18
25 88 18
88 6 18
F19
1024
52 9 19
9 96 19
96 13 19
13 12 19
F20
1024
52 9 20
9 96 20
96 13 20
13 12 20
