F1
256
55 63 1
63 74 1
74 22 1
22 67 1
67 28 1
F2
256
68 23 2
23 58 2
58 86 2
86 33 2
F3
256
77 17 3
17 74 3
74 35 3
F4
256
15 24 4
24 96 4
96 9 4
F5
256
92 16 5
16 35 5
35 74 5
74 22 5
22 67 5
F6
256
4 3 6
3 1 6
1 46 6
46 25 6
25 26 6
26 34 6
F7
256
66 86 7
86 58 7
F8
256
5 18 8
18 6 8
6 88 8
88 25 8
25 69 8
69 54 8
F9
256
76 16 9
16 35 9
35 74 9
74 22 9
F10
256
45 39 10
39 74 10
74 35 10
35 16 10
F11
512
95 70 11
70 58 11
58 86 11
86 43 11
F12
512
37 90 12
90 25 12
25 46 12
46 1 12
F13
512
81 70 13
70 58 13
58 86 13
86 11 13
F14
512
37 90 14
90 25 14
25 46 14
46 1 14
F15
1024
68 23 15
23 58 15
58 86 15
86 33 15
F16
1024
77 17 16
17 74 16
74 35 16
F17
1024
15 24 17
24 96 17
96 9 17
F18
1024
52 9 18
9 96 18
96 13 18
13 12 18
F19
1024
68 23 19
23 58 19
58 86 19
86 33 19
F20
1024
92 16 20
16 35 20
35 74 20
74 22 20
22 67 20
