F1
256
88 25 1
25 82 1
82 89 1
F2
256
76 16 2
16 35 2
35 74 2
74 22 2
F3
256
82 25 3
25 46 3
F4
256
38 35 4
35 74 4
74 22 4
22 57 4
F5
512
24 96 5
96 20 5
20 80 5
F6
512
68 23 6
23 58 6
58 86 6
86 33 6
F7
512
76 16 7
16 35 7
35 74 7
74 22 7
F8
512
68 23 8
23 58 8
58 86 8
86 33 8
F9
512
87 61 9
61 90 9
90 25 9
25 69 9
F10
1024
95 70 10
70 58 10
58 86 10
86 43 10
F11
1024
37 90 11
90 25 11
25 46 11
46 1 11
F12
1024
38 35 12
35 74 12
74 22 12
22 57 12
F13
1024
30 36 13
36 20 13
20 96 13
96 13 13
F14
1024
87 61 14
61 90 14
90 25 14
25 69 14
F15
1024
20 17 15
17 74 15
74 29 15
29 91 15
F16
1024
37 90 16
90 25 16
25 46 16
46 1 16
F17
1024
20 17 17
17 74 17
74 29 17
29 91 17
F18
1024
66 86 18
86 58 18
F19
1024
37 90 19
90 25 19
25 46 19
46 1 19
F20
1024
100 8 20
8 96 20
96 75 20
