F1
256
100 8 1
8 96 1
96 75 1
F2
256
68 23 2
23 58 2
58 86 2
86 33 2
F3
256
77 17 3
17 74 3
74 35 3
F4
256
4 3 4
3 1 4
1 46 4
46 25 4
25 26 4
26 34 4
F5
256
78 71 5
71 86 5
86 43 5
43 72 5
F6
256
87 61 6
61 90 6
90 25 6
25 69 6
F7
256
51 2 7
2 7 7
7 46 7
46 25 7
25 69 7
69 54 7
F8
256
53 70 8
70 58 8
58 86 8
86 33 8
33 84 8
F9
512
88 25 9
25 82 9
82 89 9
F10
512
87 61 10
61 90 10
90 25 10
25 69 10
F11
512
60 85 11
85 27 11
27 25 11
25 88 11
88 61 11
F12
512
95 70 12
70 58 12
58 86 12
86 43 12
F13
512
59 40 13
40 29 13
29 74 13
74 94 13
94 98 13
F14
512
15 24 14
24 96 14
96 9 14
F15
1024
3 1 15
1 7 15
7 88 15
88 25 15
25 26 15
F16
1024
78 71 16
71 86 16
86 43 16
43 72 16
F17
1024
95 70 17
70 58 17
58 86 17
86 43 17
F18
1024
47 76 18
76 16 18
16 35 18
35 74 18
74 22 18
22 94 18
F19
1024
68 23 19
23 58 19
58 86 19
86 33 19
F20
1024
27 25 20
25 88 20
88 6 20
