F1
256
77 17 1
17 74 1
74 35 1
F2
256
81 70 2
70 58 2
58 86 2
86 11 2
F3
256
31 52 3
52 66 3
66 86 3
86 71 3
F4
256
87 61 4
61 90 4
90 25 4
25 69 4
F5
256
5 18 5
18 6 5
6 88 5
88 25 5
25 69 5
69 54 5
F6
256
37 90 6
90 25 6
25 46 6
46 1 6
F7
256
27 25 7
25 88 7
88 6 7
F8
512
41 76 8
76 16 8
16 35 8
35 74 8
74 29 8
F9
512
95 70 9
70 58 9
58 86 9
86 43 9
F10
512
15 24 10
24 96 10
96 9 10
F11
512
8 96 11
96 13 11
13 12 11
12 32 11
F12
512
41 76 12
76 16 12
16 35 12
35 74 12
74 29 12
F13
512
78 71 13
71 86 13
86 43 13
43 72 13
F14
512
60 85 14
85 27 14
27 25 14
25 88 14
88 61 14
F15
512
10 42 15
42 91 15
91 29 15
29 74 15
74 39 15
39 94 15
94 83 15
F16
1024
95 70 16
70 58 16
58 86 16
86 43 16
F17
1024
24 96 17
96 20 17
20 80 17
F18
1024
51 2 18
2 7 18
7 46 18
46 25 18
25 69 18
69 54 18
F19
1024
45 39 19
39 74 19
74 35 19
35 16 19
F20
1024
92 16 20
16 35 20
35 74 20
74 22 20
22 67 20
