F1
256
87 61 1
61 90 1
90 25 1
25 69 1
F2
256
51 2 2
2 7 2
7 46 2
46 25 2
25 69 2
69 54 2
F3
256
24 96 3
96 20 3
20 80 3
F4
256
37 90 4
90 25 4
25 46 4
46 1 4
F5
512
37 90 5
90 25 5
25 46 5
46 1 5
F6
512
59 40 6
40 29 6
29 74 6
74 94 6
94 98 6
F7
512
3 1 7
1 7 7
7 88 7
88 25 7
25 26 7
F8
512
47 76 8
76 16 8
16 35 8
35 74 8
74 22 8
22 94 8
F9
512
15 24 9
24 96 9
96 9 9
F10
512
51 2 10
2 7 10
7 46 10
46 25 10
25 69 10
69 54 10
F11
512
20 17 11
17 74 11
74 29 11
29 91 11
F12
512
19 82 12
82 25 12
25 88 12
88 6 12
6 2 12
F13
1024
52 9 13
9 96 13
96 13 13
13 12 13
F14
1024
68 23 14
23 58 14
58 86 14
86 33 14
F15
1024
41 76 15
76 16 15
16 35 15
35 74 15
74 29 15
F16
1024
4 3 16
3 1 16
1 46 16
46 25 16
25 26 16
26 34 16
F17
1024
8 96 17
96 13 17
13 12 17
12 32 17
F18
1024
45 39 18
39 74 18
74 35 18
35 16 18
F19
1024
27 25 19
25 88 19
88 6 19
F20
1024
100 8 20
8 96 20
96 75 20
