F1
256
51 2 1
2 7 1
7 46 1
46 25 1
25 69 1
69 54 1
F2
256
37 90 2
90 25 2
25 46 2
46 1 2
F3
256
47 76 3
76 16 3
16 35 3
35 74 3
74 22 3
22 94 3
F4
256
68 23 4
23 58 4
58 86 4
86 33 4
F5
256
100 8 5
8 96 5
96 75 5
F6
256
60 85 6
85 27 6
27 25 6
25 88 6
88 61 6
F7
256
52 9 7
9 96 7
96 13 7
13 12 7
F8
256
55 63 8
63 74 8
74 22 8
22 67 8
67 28 8
F9
256
17 74 9
74 79 9
F10
512
76 16 10
16 35 10
35 74 10
74 22 10
F11
512
41 76 11
76 16 11
16 35 11
35 74 11
74 29 11
F12
512
40 29 12
29 74 12
74 39 12
F13
512
100 8 13
8 96 13
96 75 13
F14
512
87 61 14
61 90 14
90 25 14
25 69 14
F15
512
52 9 15
9 96 15
96 13 15
13 12 15
F16
1024
82 25 16
25 46 16
F17
1024
88 25 17
25 82 17
82 89 17
F18
1024
4 3 18
3 1 18
1 46 18
46 25 18
25 26 18
26 34 18
F19
1024
78 71 19
71 86 19
86 43 19
43 72 19
F20
1024
68 23 20
23 58 20
58 86 20
86 33 20
