F1
256
53 70 1
70 58 1
58 86 1
86 33 1
33 84 1
F2
256
76 16 2
16 35 2
35 74 2
74 22 2
F3
256
27 25 3
25 88 3
88 6 3
F4
256
14 70 4
70 58 4
58 86 4
86 11 4
11 48 4
F5
256
19 82 5
82 25 5
25 88 5
88 6 5
6 2 5
F6
256
78 71 6
71 86 6
86 43 6
43 72 6
F7
256
14 70 7
70 58 7
58 86 7
86 11 7
11 48 7
F8
256
30 36 8
36 20 8
20 96 8
96 13 8
F9
512
53 70 9
70 58 9
58 86 9
86 33 9
33 84 9
F10
512
41 76 10
76 16 10
16 35 10
35 74 10
74 29 10
F11
512
3 1 11
1 7 11
7 88 11
88 25 11
25 26 11
F12
512
7 46 12
46 25 12
25 26 12
26 97 12
F13
512
50 39 13
39 74 13
74 63 13
F14
512
53 70 14
70 58 14
58 86 14
86 33 14
33 84 14
F15
512
37 90 15
90 25 15
25 46 15
46 1 15
F16
512
100 8 16
8 96 16
96 75 16
F17
512
88 25 17
25 82 17
82 89 17
F18
1024
60 85 18
85 27 18
27 25 18
25 88 18
88 61 18
F19
1024
30 36 19
36 20 19
20 96 19
96 13 19
F20
1024
31 52 20
52 66 20
66 86 20
86 71 20
