F1
256
66 86 1
86 58 1
F2
256
4 3 2
3 1 2
1 46 2
46 25 2
25 26 2
26 34 2
F3
256
10 42 3
42 91 3
91 29 3
29 74 3
74 39 3
39 94 3
94 83 3
F4
256
66 86 4
86 58 4
F5
256
100 8 5
8 96 5
96 75 5
F6
256
17 74 6
74 79 6
F7
256
77 17 7
17 74 7
74 35 7
F8
512
60 85 8
85 27 8
27 25 8
25 88 8
88 61 8
F9
512
50 39 9
39 74 9
74 63 9
F10
512
66 86 10
86 58 10
F11
512
100 8 11
8 96 11
96 75 11
F12
1024
68 23 12
23 58 12
58 86 12
86 33 12
F13
1024
100 8 13
8 96 13
96 75 13
F14
1024
60 85 14
85 27 14
27 25 14
25 88 14
88 61 14
F15
1024
81 70 15
70 58 15
58 86 15
86 11 15
F16
1024
50 39 16
39 74 16
74 63 16
F17
1024
68 23 17
23 58 17
58 86 17
86 33 17
F18
1024
81 70 18
70 58 18
58 86 18
86 11 18
F19
1024
52 9 19
9 96 19
96 13 19
13 12 19
F20
1024
20 17 20
17 74 20
74 29 20
29 91 20
