F1
256
50 39 1
39 74 1
74 63 1
F2
256
95 70 2
70 58 2
58 86 2
86 43 2
F3
256
10 42 3
42 91 3
91 29 3
29 74 3
74 39 3
39 94 3
94 83 3
F4
256
14 70 4
70 58 4
58 86 4
86 11 4
11 48 4
F5
256
88 25 5
25 82 5
82 89 5
F6
256
76 16 6
16 35 6
35 74 6
74 22 6
F7
256
7 46 7
46 25 7
25 26 7
26 97 7
F8
256
7 46 8
46 25 8
25 26 8
26 97 8
F9
512
40 29 9
29 74 9
74 39 9
F10
512
81 70 10
70 58 10
58 86 10
86 11 10
F11
512
41 76 11
76 16 11
16 35 11
35 74 11
74 29 11
F12
512
10 42 12
42 91 12
91 29 12
29 74 12
74 39 12
39 94 12
94 83 12
F13
512
77 17 13
17 74 13
74 35 13
F14
512
7 46 14
46 25 14
25 26 14
26 97 14
F15
1024
78 71 15
71 86 15
86 43 15
43 72 15
F16
1024
7 46 16
46 25 16
25 26 16
26 97 16
F17
1024
88 25 17
25 82 17
82 89 17
F18
1024
20 17 18
17 74 18
74 29 18
29 91 18
F19
1024
4 3 19
3 1 19
1 46 19
46 25 19
25 26 19
26 34 19
F20
1024
81 70 20
70 58 20
58 86 20
86 11 20
