F1
256
55 63 1
63 74 1
74 22 1
22 67 1
67 28 1
F2
256
88 25 2
25 82 2
82 89 2
F3
256
31 52 3
52 66 3
66 86 3
86 71 3
F4
256
68 23 4
23 58 4
58 86 4
86 33 4
F5
256
30 36 5
36 20 5
20 96 5
96 13 5
F6
256
82 25 6
25 46 6
F7
256
50 39 7
39 74 7
74 63 7
F8
512
15 24 8
24 96 8
96 9 8
F9
512
17 74 9
74 79 9
F10
512
41 76 10
76 16 10
16 35 10
35 74 10
74 29 10
F11
512
4 3 11
3 1 11
1 46 11
46 25 11
25 26 11
26 34 11
F12
512
81 70 12
70 58 12
58 86 12
86 11 12
F13
512
51 2 13
2 7 13
7 46 13
46 25 13
25 69 13
69 54 13
F14
512
7 46 14
46 25 14
25 26 14
26 97 14
F15
512
20 17 15
17 74 15
74 29 15
29 91 15
F16
512
92 16 16
16 35 16
35 74 16
74 22 16
22 67 16
F17
1024
59 40 17
40 29 17
29 74 17
74 94 17
94 98 17
F18
1024
92 16 18
16 35 18
35 74 18
74 22 18
22 67 18
F19
1024
15 24 19
24 96 19
96 9 19
F20
1024
68 23 20
23 58 20
58 86 20
86 33 20
