F1
256
37 90 1
90 25 1
25 46 1
46 1 1
F2
256
45 39 2
39 74 2
74 35 2
35 16 2
F3
256
27 25 3
25 88 3
88 6 3
F4
256
66 86 4
86 58 4
F5
256
3 1 5
1 7 5
7 88 5
88 25 5
25 26 5
F6
256
30 36 6
36 20 6
20 96 6
96 13 6
F7
256
7 46 7
46 25 7
25 26 7
26 97 7
F8
512
27 25 8
25 88 8
88 6 8
F9
512
5 18 9
18 6 9
6 88 9
88 25 9
25 69 9
69 54 9
F10
512
92 16 10
16 35 10
35 74 10
74 22 10
22 67 10
F11
512
20 17 11
17 74 11
74 29 11
29 91 11
F12
512
53 70 12
70 58 12
58 86 12
86 33 12
33 84 12
F13
512
87 61 13
61 90 13
90 25 13
25 69 13
F14
1024
27 25 14
25 88 14
88 6 14
F15
1024
7 46 15
46 25 15
25 26 15
26 97 15
F16
1024
41 76 16
76 16 16
16 35 16
35 74 16
74 29 16
F17
1024
81 70 17
70 58 17
58 86 17
86 11 17
F18
1024
40 29 18
29 74 18
74 39 18
F19
1024
4 3 19
3 1 19
1 46 19
46 25 19
25 26 19
26 34 19
F20
1024
41 76 20
76 16 20
16 35 20
35 74 20
74 29 20
