F1
256
4 3 1
3 1 1
1 46 1
46 25 1
25 26 1
26 34 1
F2
256
4 3 2
3 1 2
1 46 2
46 25 2
25 26 2
26 34 2
F3
256
87 61 3
61 90 3
90 25 3
25 69 3
F4
256
88 25 4
25 82 4
82 89 4
F5
256
45 39 5
39 74 5
74 35 5
35 16 5
F6
256
87 61 6
61 90 6
90 25 6
25 69 6
F7
256
50 39 7
39 74 7
74 63 7
F8
256
14 70 8
70 58 8
58 86 8
86 11 8
11 48 8
F9
512
17 74 9
74 79 9
F10
512
17 74 10
74 79 10
F11
512
88 25 11
25 82 11
82 89 11
F12
512
50 39 12
39 74 12
74 63 12
F13
512
53 70 13
70 58 13
58 86 13
86 33 13
33 84 13
F14
512
81 70 14
70 58 14
58 86 14
86 11 14
F15
512
31 52 15
52 66 15
66 86 15
86 71 15
F16
1024
45 39 16
39 74 16
74 35 16
35 16 16
F17
1024
38 35 17
35 74 17
74 22 17
22 57 17
F18
1024
31 52 18
52 66 18
66 86 18
86 71 18
F19
1024
81 70 19
70 58 19
58 86 19
86 11 19
F20
1024
76 16 20
16 35 20
35 74 20
74 22 20
