F1
256
51 2 1
2 7 1
7 46 1
46 25 1
25 69 1
69 54 1
F2
256
78 71 2
71 86 2
86 43 2
43 72 2
F3
256
37 90 3
90 25 3
25 46 3
46 1 3
F4
256
53 70 4
70 58 4
58 86 4
86 33 4
33 84 4
F5
512
41 76 5
76 16 5
16 35 5
35 74 5
74 29 5
F6
512
30 36 6
36 20 6
20 96 6
96 13 6
F7
512
81 70 7
70 58 7
58 86 7
86 11 7
F8
512
37 90 8
90 25 8
25 46 8
46 1 8
F9
512
3 1 9
1 7 9
7 88 9
88 25 9
25 26 9
F10
512
100 8 10
8 96 10
96 75 10
F11
512
87 61 11
61 90 11
90 25 11
25 69 11
F12
1024
31 52 12
52 66 12
66 86 12
86 71 12
F13
1024
8 96 13
96 13 13
13 12 13
12 32 13
F14
1024
15 24 14
24 96 14
96 9 14
F15
1024
88 25 15
25 82 15
82 89 15
F16
1024
77 17 16
17 74 16
74 35 16
F17
1024
66 86 17
86 58 17
F18
1024
53 70 18
70 58 18
58 86 18
86 33 18
33 84 18
F19
1024
19 82 19
82 25 19
25 88 19
88 6 19
6 2 19
F20
1024
19 82 20
82 25 20
25 88 20
88 6 20
6 2 20
