F1
256
50 39 1
39 74 1
74 63 1
F2
256
10 42 2
42 91 2
91 29 2
29 74 2
74 39 2
39 94 2
94 83 2
F3
256
55 63 3
63 74 3
74 22 3
22 67 3
67 28 3
F4
256
68 23 4
23 58 4
58 86 4
86 33 4
F5
256
38 35 5
35 74 5
74 22 5
22 57 5
F6
256
59 40 6
40 29 6
29 74 6
74 94 6
94 98 6
F7
512
14 70 7
70 58 7
58 86 7
86 11 7
11 48 7
F8
512
66 86 8
86 58 8
F9
512
45 39 9
39 74 9
74 35 9
35 16 9
F10
512
14 70 10
70 58 10
58 86 10
86 11 10
11 48 10
F11
512
40 29 11
29 74 11
74 39 11
F12
512
40 29 12
29 74 12
74 39 12
F13
512
19 82 13
82 25 13
25 88 13
88 6 13
6 2 13
F14
512
77 17 14
17 74 14
74 35 14
F15
1024
31 52 15
52 66 15
66 86 15
86 71 15
F16
1024
37 90 16
90 25 16
25 46 16
46 1 16
F17
1024
53 70 17
70 58 17
58 86 17
86 33 17
33 84 17
F18
1024
47 76 18
76 16 18
16 35 18
35 74 18
74 22 18
22 94 18
F19
1024
3 1 19
1 7 19
7 88 19
88 25 19
25 26 19
F20
1024
59 40 20
40 29 20
29 74 20
74 94 20
94 98 20
