F1
256
17 74 1
74 79 1
F2
256
92 16 2
16 35 2
35 74 2
74 22 2
22 67 2
F3
256
24 96 3
96 20 3
20 80 3
F4
256
20 17 4
17 74 4
74 29 4
29 91 4
F5
256
51 2 5
2 7 5
7 46 5
46 25 5
25 69 5
69 54 5
F6
256
17 74 6
74 79 6
F7
256
15 24 7
24 96 7
96 9 7
F8
256
81 70 8
70 58 8
58 86 8
86 11 8
F9
256
3 1 9
1 7 9
7 88 9
88 25 9
25 26 9
F10
512
30 36 10
36 20 10
20 96 10
96 13 10
F11
512
47 76 11
76 16 11
16 35 11
35 74 11
74 22 11
22 94 11
F12
512
38 35 12
35 74 12
74 22 12
22 57 12
F13
512
24 96 13
96 20 13
20 80 13
F14
1024
14 70 14
70 58 14
58 86 14
86 11 14
11 48 14
F15
1024
38 35 15
35 74 15
74 22 15
22 57 15
F16
1024
5 18 16
18 6 16
6 88 16
88 25 16
25 69 16
69 54 16
F17
1024
24 96 17
96 20 17
20 80 17
F18
1024
31 52 18
52 66 18
66 86 18
86 71 18
F19
1024
37 90 19
90 25 19
25 46 19
46 1 19
F20
1024
59 40 20
40 29 20
29 74 20
74 94 20
94 98 20
