F1
256
66 86 1
86 58 1
F2
256
100 8 2
8 96 2
96 75 2
F3
256
59 40 3
40 29 3
29 74 3
74 94 3
94 98 3
F4
256
78 71 4
71 86 4
86 43 4
43 72 4
F5
256
53 70 5
70 58 5
58 86 5
86 33 5
33 84 5
F6
256
66 86 6
86 58 6
F7
256
40 29 7
29 74 7
74 39 7
F8
256
95 70 8
70 58 8
58 86 8
86 43 8
F9
256
14 70 9
70 58 9
58 86 9
86 11 9
11 48 9
F10
512
8 96 10
96 13 10
13 12 10
12 32 10
F11
512
47 76 11
76 16 11
16 35 11
35 74 11
74 22 11
22 94 11
F12
512
92 16 12
16 35 12
35 74 12
74 22 12
22 67 12
F13
512
50 39 13
39 74 13
74 63 13
F14
512
82 25 14
25 46 14
F15
1024
78 71 15
71 86 15
86 43 15
43 72 15
F16
1024
4 3 16
3 1 16
1 46 16
46 25 16
25 26 16
26 34 16
F17
1024
19 82 17
82 25 17
25 88 17
88 6 17
6 2 17
F18
1024
52 9 18
9 96 18
96 13 18
13 12 18
F19
1024
19 82 19
82 25 19
25 88 19
88 6 19
6 2 19
F20
1024
81 70 20
70 58 20
58 86 20
86 11 20
