F1
256
24 96 1
96 20 1
20 80 1
F2
256
92 16 2
16 35 2
35 74 2
74 22 2
22 67 2
F3
256
87 61 3
61 90 3
90 25 3
25 69 3
F4
256
92 16 4
16 35 4
35 74 4
74 22 4
22 67 4
F5
256
52 9 5
9 96 5
96 13 5
13 12 5
F6
256
20 17 6
17 74 6
74 29 6
29 91 6
F7
256
88 25 7
25 82 7
82 89 7
F8
512
40 29 8
29 74 8
74 39 8
F9
512
41 76 9
76 16 9
16 35 9
35 74 9
74 29 9
F10
512
17 74 10
74 79 10
F11
512
37 90 11
90 25 11
25 46 11
46 1 11
F12
512
41 76 12
76 16 12
16 35 12
35 74 12
74 29 12
F13
512
81 70 13
70 58 13
58 86 13
86 11 13
F14
1024
95 70 14
70 58 14
58 86 14
86 43 14
F15
1024
19 82 15
82 25 15
25 88 15
88 6 15
6 2 15
F16
1024
50 39 16
39 74 16
74 63 16
F17
1024
7 46 17
46 25 17
25 26 17
26 97 17
F18
1024
88 25 18
25 82 18
82 89 18
F19
1024
14 70 19
70 58 19
58 86 19
86 11 19
11 48 19
F20
1024
27 25 20
25 88 20
88 6 20
