F1
256
78 71 1
71 86 1
86 43 1
43 72 1
F2
256
8 96 2
96 13 2
13 12 2
12 32 2
F3
256
77 17 3
17 74 3
74 35 3
F4
256
37 90 4
90 25 4
25 46 4
46 1 4
F5
512
76 16 5
16 35 5
35 74 5
74 22 5
F6
512
8 96 6
96 13 6
13 12 6
12 32 6
F7
512
30 36 7
36 20 7
20 96 7
96 13 7
F8
512
27 25 8
25 88 8
88 6 8
F9
512
82 25 9
25 46 9
F10
1024
92 16 10
16 35 10
35 74 10
74 22 10
22 67 10
F11
1024
31 52 11
52 66 11
66 86 11
86 71 11
F12
1024
4 3 12
3 1 12
1 46 12
46 25 12
25 26 12
26 34 12
F13
1024
100 8 13
8 96 13
96 75 13
F14
1024
52 9 14
9 96 14
96 13 14
13 12 14
F15
1024
17 74 15
74 79 15
F16
1024
20 17 16
17 74 16
74 29 16
29 91 16
F17
1024
87 61 17
61 90 17
90 25 17
25 69 17
F18
1024
88 25 18
25 82 18
82 89 18
F19
1024
53 70 19
70 58 19
58 86 19
86 33 19
33 84 19
F20
1024
52 9 20
9 96 20
96 13 20
13 12 20
