F1
256
7 46 1
46 25 1
25 26 1
26 97 1
F2
256
78 71 2
71 86 2
86 43 2
43 72 2
F3
256
76 16 3
16 35 3
35 74 3
74 22 3
F4
256
52 9 4
9 96 4
96 13 4
13 12 4
F5
256
55 63 5
63 74 5
74 22 5
22 67 5
67 28 5
F6
256
19 82 6
82 25 6
25 88 6
88 6 6
6 2 6
F7
256
47 76 7
76 16 7
16 35 7
35 74 7
74 22 7
22 94 7
F8
512
55 63 8
63 74 8
74 22 8
22 67 8
67 28 8
F9
512
24 96 9
96 20 9
20 80 9
F10
512
55 63 10
63 74 10
74 22 10
22 67 10
67 28 10
F11
512
82 25 11
25 46 11
F12
512
53 70 12
70 58 12
58 86 12
86 33 12
33 84 12
F13
512
55 63 13
63 74 13
74 22 13
22 67 13
67 28 13
F14
512
47 76 14
76 16 14
16 35 14
35 74 14
74 22 14
22 94 14
F15
512
45 39 15
39 74 15
74 35 15
35 16 15
F16
512
5 18 16
18 6 16
6 88 16
88 25 16
25 69 16
69 54 16
F17
512
59 40 17
40 29 17
29 74 17
74 94 17
94 98 17
F18
1024
5 18 18
18 6 18
6 88 18
88 25 18
25 69 18
69 54 18
F19
1024
52 9 19
9 96 19
96 13 19
13 12 19
F20
1024
20 17 20
17 74 20
74 29 20
29 91 20
F21
1024
88 25 21
25 82 21
82 89 21
F22
1024
17 74 22
74 79 22
F23
1024
87 61 23
61 90 23
90 25 23
25 69 23
F24
1024
51 2 24
2 7 24
7 46 24
46 25 24
25 69 24
69 54 24
F25
1024
78 71 25
71 86 25
86 43 25
43 72 25
F26
1024
38 35 26
35 74 26
74 22 26
22 57 26
F27
1024
41 76 27
76 16 27
16 35 27
35 74 27
74 29 27
F28
1024
76 16 28
16 35 28
35 74 28
74 22 28
F29
1024
52 9 29
9 96 29
96 13 29
13 12 29
F30
1024
47 76 30
76 16 30
16 35 30
35 74 30
74 22 30
22 94 30
