F1
256
4 3 1
3 1 1
1 46 1
46 25 1
25 26 1
26 34 1
F2
256
52 9 2
9 96 2
96 13 2
13 12 2
F3
256
92 16 3
16 35 3
35 74 3
74 22 3
22 67 3
F4
256
76 16 4
16 35 4
35 74 4
74 22 4
F5
256
41 76 5
76 16 5
16 35 5
35 74 5
74 29 5
F6
256
38 35 6
35 74 6
74 22 6
22 57 6
F7
256
15 24 7
24 96 7
96 9 7
F8
256
66 86 8
86 58 8
F9
256
19 82 9
82 25 9
25 88 9
88 6 9
6 2 9
F10
256
50 39 10
39 74 10
74 63 10
F11
256
40 29 11
29 74 11
74 39 11
F12
512
66 86 12
86 58 12
F13
512
41 76 13
76 16 13
16 35 13
35 74 13
74 29 13
F14
512
20 17 14
17 74 14
74 29 14
29 91 14
F15
512
95 70 15
70 58 15
58 86 15
86 43 15
F16
512
59 40 16
40 29 16
29 74 16
74 94 16
94 98 16
F17
512
19 82 17
82 25 17
25 88 17
88 6 17
6 2 17
F18
512
20 17 18
17 74 18
74 29 18
29 91 18
F19
512
78 71 19
71 86 19
86 43 19
43 72 19
F20
512
55 63 20
63 74 20
74 22 20
22 67 20
67 28 20
F21
1024
60 85 21
85 27 21
27 25 21
25 88 21
88 61 21
F22
1024
47 76 22
76 16 22
16 35 22
35 74 22
74 22 22
22 94 22
F23
1024
68 23 23
23 58 23
58 86 23
86 33 23
F24
1024
55 63 24
63 74 24
74 22 24
22 67 24
67 28 24
F25
1024
68 23 25
23 58 25
58 86 25
86 33 25
F26
1024
50 39 26
39 74 26
74 63 26
F27
1024
27 25 27
25 88 27
88 6 27
F28
1024
41 76 28
76 16 28
16 35 28
35 74 28
74 29 28
F29
1024
53 70 29
70 58 29
58 86 29
86 33 29
33 84 29
F30
1024
81 70 30
70 58 30
58 86 30
86 11 30
