F1
256
95 70 1
70 58 1
58 86 1
86 43 1
F2
256
19 82 2
82 25 2
25 88 2
88 6 2
6 2 2
F3
256
24 96 3
96 20 3
20 80 3
F4
256
45 39 4
39 74 4
74 35 4
35 16 4
F5
256
17 74 5
74 79 5
F6
256
66 86 6
86 58 6
F7
256
81 70 7
70 58 7
58 86 7
86 11 7
F8
256
37 90 8
90 25 8
25 46 8
46 1 8
F9
512
8 96 9
96 13 9
13 12 9
12 32 9
F10
512
78 71 10
71 86 10
86 43 10
43 72 10
F11
512
60 85 11
85 27 11
27 25 11
25 88 11
88 61 11
F12
512
37 90 12
90 25 12
25 46 12
46 1 12
F13
512
15 24 13
24 96 13
96 9 13
F14
512
5 18 14
18 6 14
6 88 14
88 25 14
25 69 14
69 54 14
F15
512
82 25 15
25 46 15
F16
512
8 96 16
96 13 16
13 12 16
12 32 16
F17
512
41 76 17
76 16 17
16 35 17
35 74 17
74 29 17
F18
512
68 23 18
23 58 18
58 86 18
86 33 18
F19
1024
20 17 19
17 74 19
74 29 19
29 91 19
F20
1024
92 16 20
16 35 20
35 74 20
74 22 20
22 67 20
F21
1024
37 90 21
90 25 21
25 46 21
46 1 21
F22
1024
47 76 22
76 16 22
16 35 22
35 74 22
74 22 22
22 94 22
F23
1024
53 70 23
70 58 23
58 86 23
86 33 23
33 84 23
F24
1024
7 46 24
46 25 24
25 26 24
26 97 24
F25
1024
68 23 25
23 58 25
58 86 25
86 33 25
F26
1024
38 35 26
35 74 26
74 22 26
22 57 26
F27
1024
51 2 27
2 7 27
7 46 27
46 25 27
25 69 27
69 54 27
F28
1024
19 82 28
82 25 28
25 88 28
88 6 28
6 2 28
F29
1024
4 3 29
3 1 29
1 46 29
46 25 29
25 26 29
26 34 29
F30
1024
40 29 30
29 74 30
74 39 30
