F1
256
19 82 1
82 25 1
25 88 1
88 6 1
6 2 1
F2
256
76 16 2
16 35 2
35 74 2
74 22 2
F3
256
82 25 3
25 46 3
F4
256
81 70 4
70 58 4
58 86 4
86 11 4
F5
256
30 36 5
36 20 5
20 96 5
96 13 5
F6
256
59 40 6
40 29 6
29 74 6
74 94 6
94 98 6
F7
256
14 70 7
70 58 7
58 86 7
86 11 7
11 48 7
F8
512
77 17 8
17 74 8
74 35 8
F9
512
27 25 9
25 88 9
88 6 9
F10
512
5 18 10
18 6 10
6 88 10
88 25 10
25 69 10
69 54 10
F11
512
27 25 11
25 88 11
88 6 11
F12
512
82 25 12
25 46 12
F13
512
47 76 13
76 16 13
16 35 13
35 74 13
74 22 13
22 94 13
F14
512
100 8 14
8 96 14
96 75 14
F15
512
87 61 15
61 90 15
90 25 15
25 69 15
F16
512
92 16 16
16 35 16
35 74 16
74 22 16
22 67 16
F17
512
100 8 17
8 96 17
96 75 17
F18
512
37 90 18
90 25 18
25 46 18
46 1 18
F19
512
8 96 19
96 13 19
13 12 19
12 32 19
F20
512
15 24 20
24 96 20
96 9 20
F21
512
68 23 21
23 58 21
58 86 21
86 33 21
F22
1024
92 16 22
16 35 22
35 74 22
74 22 22
22 67 22
F23
1024
37 90 23
90 25 23
25 46 23
46 1 23
F24
1024
41 76 24
76 16 24
16 35 24
35 74 24
74 29 24
F25
1024
55 63 25
63 74 25
74 22 25
22 67 25
67 28 25
F26
1024
31 52 26
52 66 26
66 86 26
86 71 26
F27
1024
53 70 27
70 58 27
58 86 27
86 33 27
33 84 27
F28
1024
17 74 28
74 79 28
F29
1024
55 63 29
63 74 29
74 22 29
22 67 29
67 28 29
F30
1024
24 96 30
96 20 30
20 80 30
