F1
256
30 36 1
36 20 1
20 96 1
96 13 1
F2
256
7 46 2
46 25 2
25 26 2
26 97 2
F3
256
76 16 3
16 35 3
35 74 3
74 22 3
F4
256
95 70 4
70 58 4
58 86 4
86 43 4
F5
256
77 17 5
17 74 5
74 35 5
F6
256
27 25 6
25 88 6
88 6 6
F7
256
88 25 7
25 82 7
82 89 7
F8
256
53 70 8
70 58 8
58 86 8
86 33 8
33 84 8
F9
256
78 71 9
71 86 9
86 43 9
43 72 9
F10
256
78 71 10
71 86 10
86 43 10
43 72 10
F11
256
87 61 11
61 90 11
90 25 11
25 69 11
F12
512
19 82 12
82 25 12
25 88 12
88 6 12
6 2 12
F13
512
100 8 13
8 96 13
96 75 13
F14
512
41 76 14
76 16 14
16 35 14
35 74 14
74 29 14
F15
512
68 23 15
23 58 15
58 86 15
86 33 15
F16
512
38 35 16
35 74 16
74 22 16
22 57 16
F17
512
17 74 17
74 79 17
F18
512
14 70 18
70 58 18
58 86 18
86 11 18
11 48 18
F19
512
77 17 19
17 74 19
74 35 19
F20
512
20 17 20
17 74 20
74 29 20
29 91 20
F21
512
51 2 21
2 7 21
7 46 21
46 25 21
25 69 21
69 54 21
F22
512
8 96 22
96 13 22
13 12 22
12 32 22
F23
1024
100 8 23
8 96 23
96 75 23
F24
1024
95 70 24
70 58 24
58 86 24
86 43 24
F25
1024
51 2 25
2 7 25
7 46 25
46 25 25
25 69 25
69 54 25
F26
1024
20 17 26
17 74 26
74 29 26
29 91 26
F27
1024
87 61 27
61 90 27
90 25 27
25 69 27
F28
1024
78 71 28
71 86 28
86 43 28
43 72 28
F29
1024
19 82 29
82 25 29
25 88 29
88 6 29
6 2 29
F30
1024
37 90 30
90 25 30
25 46 30
46 1 30
