F1
256
53 70 1
70 58 1
58 86 1
86 33 1
33 84 1
F2
256
7 46 2
46 25 2
25 26 2
26 97 2
F3
256
45 39 3
39 74 3
74 35 3
35 16 3
F4
256
87 61 4
61 90 4
90 25 4
25 69 4
F5
256
27 25 5
25 88 5
88 6 5
F6
256
59 40 6
40 29 6
29 74 6
74 94 6
94 98 6
F7
256
81 70 7
70 58 7
58 86 7
86 11 7
F8
256
19 82 8
82 25 8
25 88 8
88 6 8
6 2 8
F9
256
51 2 9
2 7 9
7 46 9
46 25 9
25 69 9
69 54 9
F10
512
40 29 10
29 74 10
74 39 10
F11
512
17 74 11
74 79 11
F12
512
24 96 12
96 20 12
20 80 12
F13
512
3 1 13
1 7 13
7 88 13
88 25 13
25 26 13
F14
512
37 90 14
90 25 14
25 46 14
46 1 14
F15
512
53 70 15
70 58 15
58 86 15
86 33 15
33 84 15
F16
512
88 25 16
25 82 16
82 89 16
F17
512
60 85 17
85 27 17
27 25 17
25 88 17
88 61 17
F18
512
27 25 18
25 88 18
88 6 18
F19
512
59 40 19
40 29 19
29 74 19
74 94 19
94 98 19
F20
512
88 25 20
25 82 20
82 89 20
F21
512
87 61 21
61 90 21
90 25 21
25 69 21
F22
512
38 35 22
35 74 22
74 22 22
22 57 22
F23
1024
8 96 23
96 13 23
13 12 23
12 32 23
F24
1024
47 76 24
76 16 24
16 35 24
35 74 24
74 22 24
22 94 24
F25
1024
52 9 25
9 96 25
96 13 25
13 12 25
F26
1024
88 25 26
25 82 26
82 89 26
F27
1024
53 70 27
70 58 27
58 86 27
86 33 27
33 84 27
F28
1024
55 63 28
63 74 28
74 22 28
22 67 28
67 28 28
F29
1024
10 42 29
42 91 29
91 29 29
29 74 29
74 39 29
39 94 29
94 83 29
F30
1024
37 90 30
90 25 30
25 46 30
46 1 30
