F1
256
95 70 1
70 58 1
58 86 1
86 43 1
F2
256
55 63 2
63 74 2
74 22 2
22 67 2
67 28 2
F3
256
87 61 3
61 90 3
90 25 3
25 69 3
F4
256
27 25 4
25 88 4
88 6 4
F5
256
76 16 5
16 35 5
35 74 5
74 22 5
F6
256
92 16 6
16 35 6
35 74 6
74 22 6
22 67 6
F7
256
81 70 7
70 58 7
58 86 7
86 11 7
F8
256
30 36 8
36 20 8
20 96 8
96 13 8
F9
256
59 40 9
40 29 9
29 74 9
74 94 9
94 98 9
F10
256
8 96 10
96 13 10
13 12 10
12 32 10
F11
256
8 96 11
96 13 11
13 12 11
12 32 11
F12
256
3 1 12
1 7 12
7 88 12
88 25 12
25 26 12
F13
512
15 24 13
24 96 13
96 9 13
F14
512
95 70 14
70 58 14
58 86 14
86 43 14
F15
512
5 18 15
18 6 15
6 88 15
88 25 15
25 69 15
69 54 15
F16
512
20 17 16
17 74 16
74 29 16
29 91 16
F17
512
76 16 17
16 35 17
35 74 17
74 22 17
F18
512
81 70 18
70 58 18
58 86 18
86 11 18
F19
512
8 96 19
96 13 19
13 12 19
12 32 19
F20
512
50 39 20
39 74 20
74 63 20
F21
512
53 70 21
70 58 21
58 86 21
86 33 21
33 84 21
F22
512
50 39 22
39 74 22
74 63 22
F23
1024
60 85 23
85 27 23
27 25 23
25 88 23
88 61 23
F24
1024
7 46 24
46 25 24
25 26 24
26 97 24
F25
1024
37 90 25
90 25 25
25 46 25
46 1 25
F26
1024
24 96 26
96 20 26
20 80 26
F27
1024
20 17 27
17 74 27
74 29 27
29 91 27
F28
1024
40 29 28
29 74 28
74 39 28
F29
1024
40 29 29
29 74 29
74 39 29
F30
1024
24 96 30
96 20 30
20 80 30
