F1
256
95 70 1
70 58 1
58 86 1
86 43 1
F2
256
92 16 2
16 35 2
35 74 2
74 22 2
22 67 2
F3
256
55 63 3
63 74 3
74 22 3
22 67 3
67 28 3
F4
256
15 24 4
24 96 4
96 9 4
F5
256
10 42 5
42 91 5
91 29 5
29 74 5
74 39 5
39 94 5
94 83 5
F6
256
47 76 6
76 16 6
16 35 6
35 74 6
74 22 6
22 94 6
F7
256
41 76 7
76 16 7
16 35 7
35 74 7
74 29 7
F8
256
5 18 8
18 6 8
6 88 8
88 25 8
25 69 8
69 54 8
F9
256
41 76 9
76 16 9
16 35 9
35 74 9
74 29 9
F10
256
38 35 10
35 74 10
74 22 10
22 57 10
F11
256
27 25 11
25 88 11
88 6 11
F12
256
81 70 12
70 58 12
58 86 12
86 11 12
F13
512
10 42 13
42 91 13
91 29 13
29 74 13
74 39 13
39 94 13
94 83 13
F14
512
88 25 14
25 82 14
82 89 14
F15
512
53 70 15
70 58 15
58 86 15
86 33 15
33 84 15
F16
512
66 86 16
86 58 16
F17
512
30 36 17
36 20 17
20 96 17
96 13 17
F18
512
68 23 18
23 58 18
58 86 18
86 33 18
F19
512
59 40 19
40 29 19
29 74 19
74 94 19
94 98 19
F20
512
68 23 20
23 58 20
58 86 20
86 33 20
F21
512
3 1 21
1 7 21
7 88 21
88 25 21
25 26 21
F22
512
77 17 22
17 74 22
74 35 22
F23
512
14 70 23
70 58 23
58 86 23
86 11 23
11 48 23
F24
512
37 90 24
90 25 24
25 46 24
46 1 24
F25
1024
53 70 25
70 58 25
58 86 25
86 33 25
33 84 25
F26
1024
8 96 26
96 13 26
13 12 26
12 32 26
F27
1024
5 18 27
18 6 27
6 88 27
88 25 27
25 69 27
69 54 27
F28
1024
77 17 28
17 74 28
74 35 28
F29
1024
76 16 29
16 35 29
35 74 29
74 22 29
F30
1024
4 3 30
3 1 30
1 46 30
46 25 30
25 26 30
26 34 30
