F1
256
66 86 1
86 58 1
F2
256
51 2 2
2 7 2
7 46 2
46 25 2
25 69 2
69 54 2
F3
256
82 25 3
25 46 3
F4
256
82 25 4
25 46 4
F5
256
40 29 5
29 74 5
74 39 5
F6
512
31 52 6
52 66 6
66 86 6
86 71 6
F7
512
52 9 7
9 96 7
96 13 7
13 12 7
F8
512
24 96 8
96 20 8
20 80 8
F9
512
38 35 9
35 74 9
74 22 9
22 57 9
F10
512
41 76 10
76 16 10
16 35 10
35 74 10
74 29 10
F11
512
20 17 11
17 74 11
74 29 11
29 91 11
F12
512
17 74 12
74 79 12
F13
512
10 42 13
42 91 13
91 29 13
29 74 13
74 39 13
39 94 13
94 83 13
F14
512
59 40 14
40 29 14
29 74 14
74 94 14
94 98 14
F15
512
81 70 15
70 58 15
58 86 15
86 11 15
F16
512
40 29 16
29 74 16
74 39 16
F17
512
31 52 17
52 66 17
66 86 17
86 71 17
F18
1024
45 39 18
39 74 18
74 35 18
35 16 18
F19
1024
3 1 19
1 7 19
7 88 19
88 25 19
25 26 19
F20
1024
40 29 20
29 74 20
74 39 20
F21
1024
78 71 21
71 86 21
86 43 21
43 72 21
F22
1024
8 96 22
96 13 22
13 12 22
12 32 22
F23
1024
37 90 23
90 25 23
25 46 23
46 1 23
F24
1024
40 29 24
29 74 24
74 39 24
F25
1024
7 46 25
46 25 25
25 26 25
26 97 25
F26
1024
60 85 26
85 27 26
27 25 26
25 88 26
88 61 26
F27
1024
14 70 27
70 58 27
58 86 27
86 11 27
11 48 27
F28
1024
55 63 28
63 74 28
74 22 28
22 67 28
67 28 28
F29
1024
7 46 29
46 25 29
25 26 29
26 97 29
F30
1024
37 90 30
90 25 30
25 46 30
46 1 30
