F1
256
95 70 1
70 58 1
58 86 1
86 43 1
F2
256
68 23 2
23 58 2
58 86 2
86 33 2
F3
256
47 76 3
76 16 3
16 35 3
35 74 3
74 22 3
22 94 3
F4
256
38 35 4
35 74 4
74 22 4
22 57 4
F5
256
38 35 5
35 74 5
74 22 5
22 57 5
F6
256
60 85 6
85 27 6
27 25 6
25 88 6
88 61 6
F7
256
68 23 7
23 58 7
58 86 7
86 33 7
F8
256
20 17 8
17 74 8
74 29 8
29 91 8
F9
256
53 70 9
70 58 9
58 86 9
86 33 9
33 84 9
F10
256
82 25 10
25 46 10
F11
256
76 16 11
16 35 11
35 74 11
74 22 11
F12
512
47 76 12
76 16 12
16 35 12
35 74 12
74 22 12
22 94 12
F13
512
24 96 13
96 20 13
20 80 13
F14
512
19 82 14
82 25 14
25 88 14
88 6 14
6 2 14
F15
512
3 1 15
1 7 15
7 88 15
88 25 15
25 26 15
F16
512
59 40 16
40 29 16
29 74 16
74 94 16
94 98 16
F17
512
20 17 17
17 74 17
74 29 17
29 91 17
F18
512
78 71 18
71 86 18
86 43 18
43 72 18
F19
1024
40 29 19
29 74 19
74 39 19
F20
1024
92 16 20
16 35 20
35 74 20
74 22 20
22 67 20
F21
1024
20 17 21
17 74 21
74 29 21
29 91 21
F22
1024
66 86 22
86 58 22
F23
1024
95 70 23
70 58 23
58 86 23
86 43 23
F24
1024
31 52 24
52 66 24
66 86 24
86 71 24
F25
1024
37 90 25
90 25 25
25 46 25
46 1 25
F26
1024
24 96 26
96 20 26
20 80 26
F27
1024
92 16 27
16 35 27
35 74 27
74 22 27
22 67 27
F28
1024
51 2 28
2 7 28
7 46 28
46 25 28
25 69 28
69 54 28
F29
1024
27 25 29
25 88 29
88 6 29
F30
1024
3 1 30
1 7 30
7 88 30
88 25 30
25 26 30
