F1
256
24 96 1
96 20 1
20 80 1
F2
256
31 52 2
52 66 2
66 86 2
86 71 2
F3
256
52 9 3
9 96 3
96 13 3
13 12 3
F4
256
20 17 4
17 74 4
74 29 4
29 91 4
F5
256
41 76 5
76 16 5
16 35 5
35 74 5
74 29 5
F6
256
82 25 6
25 46 6
F7
256
68 23 7
23 58 7
58 86 7
86 33 7
F8
256
41 76 8
76 16 8
16 35 8
35 74 8
74 29 8
F9
256
92 16 9
16 35 9
35 74 9
74 22 9
22 67 9
F10
256
66 86 10
86 58 10
F11
512
31 52 11
52 66 11
66 86 11
86 71 11
F12
512
37 90 12
90 25 12
25 46 12
46 1 12
F13
512
40 29 13
29 74 13
74 39 13
F14
512
20 17 14
17 74 14
74 29 14
29 91 14
F15
512
47 76 15
76 16 15
16 35 15
35 74 15
74 22 15
22 94 15
F16
512
50 39 16
39 74 16
74 63 16
F17
512
15 24 17
24 96 17
96 9 17
F18
512
19 82 18
82 25 18
25 88 18
88 6 18
6 2 18
F19
512
5 18 19
18 6 19
6 88 19
88 25 19
25 69 19
69 54 19
F20
512
59 40 20
40 29 20
29 74 20
74 94 20
94 98 20
F21
1024
30 36 21
36 20 21
20 96 21
96 13 21
F22
1024
45 39 22
39 74 22
74 35 22
35 16 22
F23
1024
52 9 23
9 96 23
96 13 23
13 12 23
F24
1024
30 36 24
36 20 24
20 96 24
96 13 24
F25
1024
3 1 25
1 7 25
7 88 25
88 25 25
25 26 25
F26
1024
51 2 26
2 7 26
7 46 26
46 25 26
25 69 26
69 54 26
F27
1024
45 39 27
39 74 27
74 35 27
35 16 27
F28
1024
81 70 28
70 58 28
58 86 28
86 11 28
F29
1024
19 82 29
82 25 29
25 88 29
88 6 29
6 2 29
F30
1024
100 8 30
8 96 30
96 75 30
