F1
256
51 2 1
2 7 1
7 46 1
46 25 1
25 69 1
69 54 1
F2
256
88 25 2
25 82 2
82 89 2
F3
256
24 96 3
96 20 3
20 80 3
F4
256
81 70 4
70 58 4
58 86 4
86 11 4
F5
256
30 36 5
36 20 5
20 96 5
96 13 5
F6
256
31 52 6
52 66 6
66 86 6
86 71 6
F7
256
7 46 7
46 25 7
25 26 7
26 97 7
F8
256
68 23 8
23 58 8
58 86 8
86 33 8
F9
256
100 8 9
8 96 9
96 75 9
F10
512
60 85 10
85 27 10
27 25 10
25 88 10
88 61 10
F11
512
38 35 11
35 74 11
74 22 11
22 57 11
F12
512
24 96 12
96 20 12
20 80 12
F13
512
66 86 13
86 58 13
F14
512
40 29 14
29 74 14
74 39 14
F15
512
87 61 15
61 90 15
90 25 15
25 69 15
F16
512
76 16 16
16 35 16
35 74 16
74 22 16
F17
512
10 42 17
42 91 17
91 29 17
29 74 17
74 39 17
39 94 17
94 83 17
F18
512
60 85 18
85 27 18
27 25 18
25 88 18
88 61 18
F19
512
40 29 19
29 74 19
74 39 19
F20
512
31 52 20
52 66 20
66 86 20
86 71 20
F21
1024
81 70 21
70 58 21
58 86 21
86 11 21
F22
1024
55 63 22
63 74 22
74 22 22
22 67 22
67 28 22
F23
1024
19 82 23
82 25 23
25 88 23
88 6 23
6 2 23
F24
1024
60 85 24
85 27 24
27 25 24
25 88 24
88 61 24
F25
1024
19 82 25
82 25 25
25 88 25
88 6 25
6 2 25
F26
1024
66 86 26
86 58 26
F27
1024
95 70 27
70 58 27
58 86 27
86 43 27
F28
1024
88 25 28
25 82 28
82 89 28
F29
1024
95 70 29
70 58 29
58 86 29
86 43 29
F30
1024
27 25 30
25 88 30
88 6 30
