F1
256
5 18 1
18 6 1
6 88 1
88 25 1
25 69 1
69 54 1
F2
256
87 61 2
61 90 2
90 25 2
25 69 2
F3
256
55 63 3
63 74 3
74 22 3
22 67 3
67 28 3
F4
256
60 85 4
85 27 4
27 25 4
25 88 4
88 61 4
F5
256
24 96 5
96 20 5
20 80 5
F6
256
31 52 6
52 66 6
66 86 6
86 71 6
F7
256
31 52 7
52 66 7
66 86 7
86 71 7
F8
256
3 1 8
1 7 8
7 88 8
88 25 8
25 26 8
F9
256
81 70 9
70 58 9
58 86 9
86 11 9
F10
256
55 63 10
63 74 10
74 22 10
22 67 10
67 28 10
F11
256
45 39 11
39 74 11
74 35 11
35 16 11
F12
256
5 18 12
18 6 12
6 88 12
88 25 12
25 69 12
69 54 12
F13
512
3 1 13
1 7 13
7 88 13
88 25 13
25 26 13
F14
512
20 17 14
17 74 14
74 29 14
29 91 14
F15
512
81 70 15
70 58 15
58 86 15
86 11 15
F16
512
53 70 16
70 58 16
58 86 16
86 33 16
33 84 16
F17
512
53 70 17
70 58 17
58 86 17
86 33 17
33 84 17
F18
512
45 39 18
39 74 18
74 35 18
35 16 18
F19
512
41 76 19
76 16 19
16 35 19
35 74 19
74 29 19
F20
512
15 24 20
24 96 20
96 9 20
F21
512
78 71 21
71 86 21
86 43 21
43 72 21
F22
512
40 29 22
29 74 22
74 39 22
F23
1024
50 39 23
39 74 23
74 63 23
F24
1024
8 96 24
96 13 24
13 12 24
12 32 24
F25
1024
30 36 25
36 20 25
20 96 25
96 13 25
F26
1024
37 90 26
90 25 26
25 46 26
46 1 26
F27
1024
59 40 27
40 29 27
29 74 27
74 94 27
94 98 27
F28
1024
100 8 28
8 96 28
96 75 28
F29
1024
82 25 29
25 46 29
F30
1024
41 76 30
76 16 30
16 35 30
35 74 30
74 29 30
