F1
256
8 96 1
96 13 1
13 12 1
12 32 1
F2
256
3 1 2
1 7 2
7 88 2
88 25 2
25 26 2
F3
256
19 82 3
82 25 3
25 88 3
88 6 3
6 2 3
F4
256
4 3 4
3 1 4
1 46 4
46 25 4
25 26 4
26 34 4
F5
256
5 18 5
18 6 5
6 88 5
88 25 5
25 69 5
69 54 5
F6
256
45 39 6
39 74 6
74 35 6
35 16 6
F7
256
53 70 7
70 58 7
58 86 7
86 33 7
33 84 7
F8
256
40 29 8
29 74 8
74 39 8
F9
256
8 96 9
96 13 9
13 12 9
12 32 9
F10
256
59 40 10
40 29 10
29 74 10
74 94 10
94 98 10
F11
256
55 63 11
63 74 11
74 22 11
22 67 11
67 28 11
F12
256
24 96 12
96 20 12
20 80 12
F13
256
24 96 13
96 20 13
20 80 13
F14
512
19 82 14
82 25 14
25 88 14
88 6 14
6 2 14
F15
512
17 74 15
74 79 15
F16
512
30 36 16
36 20 16
20 96 16
96 13 16
F17
512
31 52 17
52 66 17
66 86 17
86 71 17
F18
512
45 39 18
39 74 18
74 35 18
35 16 18
F19
512
24 96 19
96 20 19
20 80 19
F20
512
17 74 20
74 79 20
F21
512
7 46 21
46 25 21
25 26 21
26 97 21
F22
1024
41 76 22
76 16 22
16 35 22
35 74 22
74 29 22
F23
1024
3 1 23
1 7 23
7 88 23
88 25 23
25 26 23
F24
1024
10 42 24
42 91 24
91 29 24
29 74 24
74 39 24
39 94 24
94 83 24
F25
1024
41 76 25
76 16 25
16 35 25
35 74 25
74 29 25
F26
1024
7 46 26
46 25 26
25 26 26
26 97 26
F27
1024
68 23 27
23 58 27
58 86 27
86 33 27
F28
1024
88 25 28
25 82 28
82 89 28
F29
1024
5 18 29
18 6 29
6 88 29
88 25 29
25 69 29
69 54 29
F30
1024
5 18 30
18 6 30
6 88 30
88 25 30
25 69 30
69 54 30
