F1
256
24 96 1
96 20 1
20 80 1
F2
256
30 36 2
36 20 2
20 96 2
96 13 2
F3
256
20 17 3
17 74 3
74 29 3
29 91 3
F4
256
8 96 4
96 13 4
13 12 4
12 32 4
F5
256
47 76 5
76 16 5
16 35 5
35 74 5
74 22 5
22 94 5
F6
256
45 39 6
39 74 6
74 35 6
35 16 6
F7
256
53 70 7
70 58 7
58 86 7
86 33 7
33 84 7
F8
512
66 86 8
86 58 8
F9
512
78 71 9
71 86 9
86 43 9
43 72 9
F10
512
81 70 10
70 58 10
58 86 10
86 11 10
F11
512
68 23 11
23 58 11
58 86 11
86 33 11
F12
512
81 70 12
70 58 12
58 86 12
86 11 12
F13
512
81 70 13
70 58 13
58 86 13
86 11 13
F14
512
52 9 14
9 96 14
96 13 14
13 12 14
F15
512
40 29 15
29 74 15
74 39 15
F16
512
60 85 16
85 27 16
27 25 16
25 88 16
88 61 16
F17
512
76 16 17
16 35 17
35 74 17
74 22 17
F18
512
50 39 18
39 74 18
74 63 18
F19
512
47 76 19
76 16 19
16 35 19
35 74 19
74 22 19
22 94 19
F20
1024
5 18 20
18 6 20
6 88 20
88 25 20
25 69 20
69 54 20
F21
1024
40 29 21
29 74 21
74 39 21
F22
1024
40 29 22
29 74 22
74 39 22
F23
1024
20 17 23
17 74 23
74 29 23
29 91 23
F24
1024
37 90 24
90 25 24
25 46 24
46 1 24
F25
1024
27 25 25
25 88 25
88 6 25
F26
1024
37 90 26
90 25 26
25 46 26
46 1 26
F27
1024
38 35 27
35 74 27
74 22 27
22 57 27
F28
1024
77 17 28
17 74 28
74 35 28
F29
1024
60 85 29
85 27 29
27 25 29
25 88 29
88 61 29
F30
1024
38 35 30
35 74 30
74 22 30
22 57 30
