F1
256
14 70 1
70 58 1
58 86 1
86 11 1
11 48 1
F2
256
78 71 2
71 86 2
86 43 2
43 72 2
F3
256
95 70 3
70 58 3
58 86 3
86 43 3
F4
256
55 63 4
63 74 4
74 22 4
22 67 4
67 28 4
F5
256
30 36 5
36 20 5
20 96 5
96 13 5
F6
256
40 29 6
29 74 6
74 39 6
F7
256
19 82 7
82 25 7
25 88 7
88 6 7
6 2 7
F8
256
27 25 8
25 88 8
88 6 8
F9
256
40 29 9
29 74 9
74 39 9
F10
256
88 25 10
25 82 10
82 89 10
F11
256
30 36 11
36 20 11
20 96 11
96 13 11
F12
256
82 25 12
25 46 12
F13
256
95 70 13
70 58 13
58 86 13
86 43 13
F14
512
17 74 14
74 79 14
F15
512
76 16 15
16 35 15
35 74 15
74 22 15
F16
512
41 76 16
76 16 16
16 35 16
35 74 16
74 29 16
F17
512
66 86 17
86 58 17
F18
512
47 76 18
76 16 18
16 35 18
35 74 18
74 22 18
22 94 18
F19
512
24 96 19
96 20 19
20 80 19
F20
1024
68 23 20
23 58 20
58 86 20
86 33 20
F21
1024
19 82 21
82 25 21
25 88 21
88 6 21
6 2 21
F22
1024
100 8 22
8 96 22
96 75 22
F23
1024
31 52 23
52 66 23
66 86 23
86 71 23
F24
1024
17 74 24
74 79 24
F25
1024
82 25 25
25 46 25
F26
1024
8 96 26
96 13 26
13 12 26
12 32 26
F27
1024
68 23 27
23 58 27
58 86 27
86 33 27
F28
1024
88 25 28
25 82 28
82 89 28
F29
1024
59 40 29
40 29 29
29 74 29
74 94 29
94 98 29
F30
1024
59 40 30
40 29 30
29 74 30
74 94 30
94 98 30
