F1
256
81 70 1
70 58 1
58 86 1
86 11 1
F2
256
60 85 2
85 27 2
27 25 2
25 88 2
88 61 2
F3
256
17 74 3
74 79 3
F4
256
87 61 4
61 90 4
90 25 4
25 69 4
F5
256
38 35 5
35 74 5
74 22 5
22 57 5
F6
256
53 70 6
70 58 6
58 86 6
86 33 6
33 84 6
F7
256
30 36 7
36 20 7
20 96 7
96 13 7
F8
256
17 74 8
74 79 8
F9
256
55 63 9
63 74 9
74 22 9
22 67 9
67 28 9
F10
512
76 16 10
16 35 10
35 74 10
74 22 10
F11
512
68 23 11
23 58 11
58 86 11
86 33 11
F12
512
50 39 12
39 74 12
74 63 12
F13
512
7 46 13
46 25 13
25 26 13
26 97 13
F14
512
77 17 14
17 74 14
74 35 14
F15
512
47 76 15
76 16 15
16 35 15
35 74 15
74 22 15
22 94 15
F16
512
59 40 16
40 29 16
29 74 16
74 94 16
94 98 16
F17
512
51 2 17
2 7 17
7 46 17
46 25 17
25 69 17
69 54 17
F18
512
14 70 18
70 58 18
58 86 18
86 11 18
11 48 18
F19
512
92 16 19
16 35 19
35 74 19
74 22 19
22 67 19
F20
512
24 96 20
96 20 20
20 80 20
F21
512
88 25 21
25 82 21
82 89 21
F22
512
4 3 22
3 1 22
1 46 22
46 25 22
25 26 22
26 34 22
F23
512
45 39 23
39 74 23
74 35 23
35 16 23
F24
1024
59 40 24
40 29 24
29 74 24
74 94 24
94 98 24
F25
1024
76 16 25
16 35 25
35 74 25
74 22 25
F26
1024
76 16 26
16 35 26
35 74 26
74 22 26
F27
1024
68 23 27
23 58 27
58 86 27
86 33 27
F28
1024
88 25 28
25 82 28
82 89 28
F29
1024
68 23 29
23 58 29
58 86 29
86 33 29
F30
1024
66 86 30
86 58 30
