F1
256
45 39 1
39 74 1
74 35 1
35 16 1
F2
256
15 24 2
24 96 2
96 9 2
F3
256
87 61 3
61 90 3
90 25 3
25 69 3
F4
256
20 17 4
17 74 4
74 29 4
29 91 4
F5
256
47 76 5
76 16 5
16 35 5
35 74 5
74 22 5
22 94 5
F6
256
30 36 6
36 20 6
20 96 6
96 13 6
F7
256
10 42 7
42 91 7
91 29 7
29 74 7
74 39 7
39 94 7
94 83 7
F8
256
15 24 8
24 96 8
96 9 8
F9
256
60 85 9
85 27 9
27 25 9
25 88 9
88 61 9
F10
256
8 96 10
96 13 10
13 12 10
12 32 10
F11
256
45 39 11
39 74 11
74 35 11
35 16 11
F12
256
45 39 12
39 74 12
74 35 12
35 16 12
F13
256
60 85 13
85 27 13
27 25 13
25 88 13
88 61 13
F14
256
68 23 14
23 58 14
58 86 14
86 33 14
F15
256
20 17 15
17 74 15
74 29 15
29 91 15
F16
256
17 74 16
74 79 16
F17
512
87 61 17
61 90 17
90 25 17
25 69 17
F18
512
45 39 18
39 74 18
74 35 18
35 16 18
F19
512
60 85 19
85 27 19
27 25 19
25 88 19
88 61 19
F20
512
10 42 20
42 91 20
91 29 20
29 74 20
74 39 20
39 94 20
94 83 20
F21
512
87 61 21
61 90 21
90 25 21
25 69 21
F22
512
8 96 22
96 13 22
13 12 22
12 32 22
F23
512
50 39 23
39 74 23
74 63 23
F24
1024
3 1 24
1 7 24
7 88 24
88 25 24
25 26 24
F25
1024
38 35 25
35 74 25
74 22 25
22 57 25
F26
1024
77 17 26
17 74 26
74 35 26
F27
1024
8 96 27
96 13 27
13 12 27
12 32 27
F28
1024
31 52 28
52 66 28
66 86 28
86 71 28
F29
1024
27 25 29
25 88 29
88 6 29
F30
1024
10 42 30
42 91 30
91 29 30
29 74 30
74 39 30
39 94 30
94 83 30
