F1
256
78 71 1
71 86 1
86 43 1
43 72 1
F2
256
14 70 2
70 58 2
58 86 2
86 11 2
11 48 2
F3
256
37 90 3
90 25 3
25 46 3
46 1 3
F4
256
30 36 4
36 20 4
20 96 4
96 13 4
F5
256
95 70 5
70 58 5
58 86 5
86 43 5
F6
256
51 2 6
2 7 6
7 46 6
46 25 6
25 69 6
69 54 6
F7
512
87 61 7
61 90 7
90 25 7
25 69 7
F8
512
15 24 8
24 96 8
96 9 8
F9
512
27 25 9
25 88 9
88 6 9
F10
512
31 52 10
52 66 10
66 86 10
86 71 10
F11
512
88 25 11
25 82 11
82 89 11
F12
512
53 70 12
70 58 12
58 86 12
86 33 12
33 84 12
F13
512
10 42 13
42 91 13
91 29 13
29 74 13
74 39 13
39 94 13
94 83 13
F14
512
88 25 14
25 82 14
82 89 14
F15
512
17 74 15
74 79 15
F16
512
27 25 16
25 88 16
88 6 16
F17
512
51 2 17
2 7 17
7 46 17
46 25 17
25 69 17
69 54 17
F18
512
14 70 18
70 58 18
58 86 18
86 11 18
11 48 18
F19
512
52 9 19
9 96 19
96 13 19
13 12 19
F20
1024
10 42 20
42 91 20
91 29 20
29 74 20
74 39 20
39 94 20
94 83 20
F21
1024
37 90 21
90 25 21
25 46 21
46 1 21
F22
1024
5 18 22
18 6 22
6 88 22
88 25 22
25 69 22
69 54 22
F23
1024
3 1 23
1 7 23
7 88 23
88 25 23
25 26 23
F24
1024
87 61 24
61 90 24
90 25 24
25 69 24
F25
1024
3 1 25
1 7 25
7 88 25
88 25 25
25 26 25
F26
1024
41 76 26
76 16 26
16 35 26
35 74 26
74 29 26
F27
1024
45 39 27
39 74 27
74 35 27
35 16 27
F28
1024
59 40 28
40 29 28
29 74 28
74 94 28
94 98 28
F29
1024
53 70 29
70 58 29
58 86 29
86 33 29
33 84 29
F30
1024
4 3 30
3 1 30
1 46 30
46 25 30
25 26 30
26 34 30
