F1
256
47 76 1
76 16 1
16 35 1
35 74 1
74 22 1
22 94 1
F2
256
55 63 2
63 74 2
74 22 2
22 67 2
67 28 2
F3
256
19 82 3
82 25 3
25 88 3
88 6 3
6 2 3
F4
256
53 70 4
70 58 4
58 86 4
86 33 4
33 84 4
F5
256
3 1 5
1 7 5
7 88 5
88 25 5
25 26 5
F6
256
20 17 6
17 74 6
74 29 6
29 91 6
F7
256
27 25 7
25 88 7
88 6 7
F8
256
66 86 8
86 58 8
F9
256
38 35 9
35 74 9
74 22 9
22 57 9
F10
256
92 16 10
16 35 10
35 74 10
74 22 10
22 67 10
F11
256
66 86 11
86 58 11
F12
512
76 16 12
16 35 12
35 74 12
74 22 12
F13
512
95 70 13
70 58 13
58 86 13
86 43 13
F14
512
3 1 14
1 7 14
7 88 14
88 25 14
25 26 14
F15
512
76 16 15
16 35 15
35 74 15
74 22 15
F16
512
82 25 16
25 46 16
F17
512
51 2 17
2 7 17
7 46 17
46 25 17
25 69 17
69 54 17
F18
512
95 70 18
70 58 18
58 86 18
86 43 18
F19
512
14 70 19
70 58 19
58 86 19
86 11 19
11 48 19
F20
512
52 9 20
9 96 20
96 13 20
13 12 20
F21
1024
76 16 21
16 35 21
35 74 21
74 22 21
F22
1024
60 85 22
85 27 22
27 25 22
25 88 22
88 61 22
F23
1024
81 70 23
70 58 23
58 86 23
86 11 23
F24
1024
55 63 24
63 74 24
74 22 24
22 67 24
67 28 24
F25
1024
59 40 25
40 29 25
29 74 25
74 94 25
94 98 25
F26
1024
50 39 26
39 74 26
74 63 26
F27
1024
50 39 27
39 74 27
74 63 27
F28
1024
100 8 28
8 96 28
96 75 28
F29
1024
20 17 29
17 74 29
74 29 29
29 91 29
F30
1024
82 25 30
25 46 30
