F1
256
41 76 1
76 16 1
16 35 1
35 74 1
74 29 1
F2
256
15 24 2
24 96 2
96 9 2
F3
256
82 25 3
25 46 3
F4
256
31 52 4
52 66 4
66 86 4
86 71 4
F5
256
55 63 5
63 74 5
74 22 5
22 67 5
67 28 5
F6
256
92 16 6
16 35 6
35 74 6
74 22 6
22 67 6
F7
256
87 61 7
61 90 7
90 25 7
25 69 7
F8
256
7 46 8
46 25 8
25 26 8
26 97 8
F9
256
88 25 9
25 82 9
82 89 9
F10
256
14 70 10
70 58 10
58 86 10
86 11 10
11 48 10
F11
256
27 25 11
25 88 11
88 6 11
F12
512
24 96 12
96 20 12
20 80 12
F13
512
92 16 13
16 35 13
35 74 13
74 22 13
22 67 13
F14
512
38 35 14
35 74 14
74 22 14
22 57 14
F15
512
10 42 15
42 91 15
91 29 15
29 74 15
74 39 15
39 94 15
94 83 15
F16
512
47 76 16
76 16 16
16 35 16
35 74 16
74 22 16
22 94 16
F17
512
14 70 17
70 58 17
58 86 17
86 11 17
11 48 17
F18
512
4 3 18
3 1 18
1 46 18
46 25 18
25 26 18
26 34 18
F19
512
52 9 19
9 96 19
96 13 19
13 12 19
F20
512
7 46 20
46 25 20
25 26 20
26 97 20
F21
1024
31 52 21
52 66 21
66 86 21
86 71 21
F22
1024
24 96 22
96 20 22
20 80 22
F23
1024
76 16 23
16 35 23
35 74 23
74 22 23
F24
1024
52 9 24
9 96 24
96 13 24
13 12 24
F25
1024
95 70 25
70 58 25
58 86 25
86 43 25
F26
1024
5 18 26
18 6 26
6 88 26
88 25 26
25 69 26
69 54 26
F27
1024
27 25 27
25 88 27
88 6 27
F28
1024
55 63 28
63 74 28
74 22 28
22 67 28
67 28 28
F29
1024
68 23 29
23 58 29
58 86 29
86 33 29
F30
1024
4 3 30
3 1 30
1 46 30
46 25 30
25 26 30
26 34 30
