F1
256
87 61 1
61 90 1
90 25 1
25 69 1
F2
256
17 74 2
74 79 2
F3
256
40 29 3
29 74 3
74 39 3
F4
256
59 40 4
40 29 4
29 74 4
74 94 4
94 98 4
F5
256
95 70 5
70 58 5
58 86 5
86 43 5
F6
512
37 90 6
90 25 6
25 46 6
46 1 6
F7
512
81 70 7
70 58 7
58 86 7
86 11 7
F8
512
52 9 8
9 96 8
96 13 8
13 12 8
F9
512
76 16 9
16 35 9
35 74 9
74 22 9
F10
512
60 85 10
85 27 10
27 25 10
25 88 10
88 61 10
F11
512
37 90 11
90 25 11
25 46 11
46 1 11
F12
512
27 25 12
25 88 12
88 6 12
F13
512
51 2 13
2 7 13
7 46 13
46 25 13
25 69 13
69 54 13
F14
512
50 39 14
39 74 14
74 63 14
F15
512
8 96 15
96 13 15
13 12 15
12 32 15
F16
512
24 96 16
96 20 16
20 80 16
F17
512
60 85 17
85 27 17
27 25 17
25 88 17
88 61 17
F18
1024
7 46 18
46 25 18
25 26 18
26 97 18
F19
1024
8 96 19
96 13 19
13 12 19
12 32 19
F20
1024
8 96 20
96 13 20
13 12 20
12 32 20
F21
1024
30 36 21
36 20 21
20 96 21
96 13 21
F22
1024
51 2 22
2 7 22
7 46 22
46 25 22
25 69 22
69 54 22
F23
1024
78 71 23
71 86 23
86 43 23
43 72 23
F24
1024
8 96 24
96 13 24
13 12 24
12 32 24
F25
1024
76 16 25
16 35 25
35 74 25
74 22 25
F26
1024
17 74 26
74 79 26
F27
1024
82 25 27
25 46 27
F28
1024
78 71 28
71 86 28
86 43 28
43 72 28
F29
1024
37 90 29
90 25 29
25 46 29
46 1 29
F30
1024
100 8 30
8 96 30
96 75 30
