F1
256
4 3 1
3 1 1
1 46 1
46 25 1
25 26 1
26 34 1
F2
256
81 70 2
70 58 2
58 86 2
86 11 2
F3
256
31 52 3
52 66 3
66 86 3
86 71 3
F4
256
8 96 4
96 13 4
13 12 4
12 32 4
F5
256
51 2 5
2 7 5
7 46 5
46 25 5
25 69 5
69 54 5
F6
256
41 76 6
76 16 6
16 35 6
35 74 6
74 29 6
F7
256
76 16 7
16 35 7
35 74 7
74 22 7
F8
256
30 36 8
36 20 8
20 96 8
96 13 8
F9
256
68 23 9
23 58 9
58 86 9
86 33 9
F10
512
17 74 10
74 79 10
F11
512
45 39 11
39 74 11
74 35 11
35 16 11
F12
512
3 1 12
1 7 12
7 88 12
88 25 12
25 26 12
F13
512
55 63 13
63 74 13
74 22 13
22 67 13
67 28 13
F14
512
19 82 14
82 25 14
25 88 14
88 6 14
6 2 14
F15
512
76 16 15
16 35 15
35 74 15
74 22 15
F16
512
88 25 16
25 82 16
82 89 16
F17
512
55 63 17
63 74 17
74 22 17
22 67 17
67 28 17
F18
512
53 70 18
70 58 18
58 86 18
86 33 18
33 84 18
F19
512
92 16 19
16 35 19
35 74 19
74 22 19
22 67 19
F20
512
8 96 20
96 13 20
13 12 20
12 32 20
F21
1024
47 76 21
76 16 21
16 35 21
35 74 21
74 22 21
22 94 21
F22
1024
59 40 22
40 29 22
29 74 22
74 94 22
94 98 22
F23
1024
14 70 23
70 58 23
58 86 23
86 11 23
11 48 23
F24
1024
31 52 24
52 66 24
66 86 24
86 71 24
F25
1024
59 40 25
40 29 25
29 74 25
74 94 25
94 98 25
F26
1024
45 39 26
39 74 26
74 35 26
35 16 26
F27
1024
7 46 27
46 25 27
25 26 27
26 97 27
F28
1024
77 17 28
17 74 28
74 35 28
F29
1024
15 24 29
24 96 29
96 9 29
F30
1024
77 17 30
17 74 30
74 35 30
