F1
256
3 1 1
1 7 1
7 88 1
88 25 1
25 26 1
F2
256
41 76 2
76 16 2
16 35 2
35 74 2
74 29 2
F3
256
51 2 3
2 7 3
7 46 3
46 25 3
25 69 3
69 54 3
F4
256
82 25 4
25 46 4
F5
256
5 18 5
18 6 5
6 88 5
88 25 5
25 69 5
69 54 5
F6
512
3 1 6
1 7 6
7 88 6
88 25 6
25 26 6
F7
512
77 17 7
17 74 7
74 35 7
F8
512
45 39 8
39 74 8
74 35 8
35 16 8
F9
512
15 24 9
24 96 9
96 9 9
F10
512
7 46 10
46 25 10
25 26 10
26 97 10
F11
512
50 39 11
39 74 11
74 63 11
F12
512
92 16 12
16 35 12
35 74 12
74 22 12
22 67 12
F13
512
87 61 13
61 90 13
90 25 13
25 69 13
F14
512
95 70 14
70 58 14
58 86 14
86 43 14
F15
512
76 16 15
16 35 15
35 74 15
74 22 15
F16
512
78 71 16
71 86 16
86 43 16
43 72 16
F17
512
59 40 17
40 29 17
29 74 17
74 94 17
94 98 17
F18
512
30 36 18
36 20 18
20 96 18
96 13 18
F19
512
14 70 19
70 58 19
58 86 19
86 11 19
11 48 19
F20
512
31 52 20
52 66 20
66 86 20
86 71 20
F21
512
17 74 21
74 79 21
F22
1024
47 76 22
76 16 22
16 35 22
35 74 22
74 22 22
22 94 22
F23
1024
47 76 23
76 16 23
16 35 23
35 74 23
74 22 23
22 94 23
F24
1024
20 17 24
17 74 24
74 29 24
29 91 24
F25
1024
88 25 25
25 82 25
82 89 25
F26
1024
52 9 26
9 96 26
96 13 26
13 12 26
F27
1024
60 85 27
85 27 27
27 25 27
25 88 27
88 61 27
F28
1024
100 8 28
8 96 28
96 75 28
F29
1024
20 17 29
17 74 29
74 29 29
29 91 29
F30
1024
30 36 30
36 20 30
20 96 30
96 13 30
