F1
256
60 85 1
85 27 1
27 25 1
25 88 1
88 61 1
F2
256
59 40 2
40 29 2
29 74 2
74 94 2
94 98 2
F3
256
20 17 3
17 74 3
74 29 3
29 91 3
F4
256
4 3 4
3 1 4
1 46 4
46 25 4
25 26 4
26 34 4
F5
256
14 70 5
70 58 5
58 86 5
86 11 5
11 48 5
F6
256
47 76 6
76 16 6
16 35 6
35 74 6
74 22 6
22 94 6
F7
256
47 76 7
76 16 7
16 35 7
35 74 7
74 22 7
22 94 7
F8
256
8 96 8
96 13 8
13 12 8
12 32 8
F9
256
50 39 9
39 74 9
74 63 9
F10
256
20 17 10
17 74 10
74 29 10
29 91 10
F11
256
5 18 11
18 6 11
6 88 11
88 25 11
25 69 11
69 54 11
F12
512
53 70 12
70 58 12
58 86 12
86 33 12
33 84 12
F13
512
47 76 13
76 16 13
16 35 13
35 74 13
74 22 13
22 94 13
F14
512
7 46 14
46 25 14
25 26 14
26 97 14
F15
512
10 42 15
42 91 15
91 29 15
29 74 15
74 39 15
39 94 15
94 83 15
F16
512
14 70 16
70 58 16
58 86 16
86 11 16
11 48 16
F17
512
3 1 17
1 7 17
7 88 17
88 25 17
25 26 17
F18
512
87 61 18
61 90 18
90 25 18
25 69 18
F19
512
92 16 19
16 35 19
35 74 19
74 22 19
22 67 19
F20
512
78 71 20
71 86 20
86 43 20
43 72 20
F21
512
7 46 21
46 25 21
25 26 21
26 97 21
F22
512
92 16 22
16 35 22
35 74 22
74 22 22
22 67 22
F23
512
8 96 23
96 13 23
13 12 23
12 32 23
F24
1024
53 70 24
70 58 24
58 86 24
86 33 24
33 84 24
F25
1024
27 25 25
25 88 25
88 6 25
F26
1024
38 35 26
35 74 26
74 22 26
22 57 26
F27
1024
27 25 27
25 88 27
88 6 27
F28
1024
4 3 28
3 1 28
1 46 28
46 25 28
25 26 28
26 34 28
F29
1024
78 71 29
71 86 29
86 43 29
43 72 29
F30
1024
24 96 30
96 20 30
20 80 30
