F1
256
4 3 1
3 1 1
1 46 1
46 25 1
25 26 1
26 34 1
F2
256
14 70 2
70 58 2
58 86 2
86 11 2
11 48 2
F3
256
59 40 3
40 29 3
29 74 3
74 94 3
94 98 3
F4
256
10 42 4
42 91 4
91 29 4
29 74 4
74 39 4
39 94 4
94 83 4
F5
256
53 70 5
70 58 5
58 86 5
86 33 5
33 84 5
F6
256
10 42 6
42 91 6
91 29 6
29 74 6
74 39 6
39 94 6
94 83 6
F7
256
50 39 7
39 74 7
74 63 7
F8
256
77 17 8
17 74 8
74 35 8
F9
256
88 25 9
25 82 9
82 89 9
F10
256
3 1 10
1 7 10
7 88 10
88 25 10
25 26 10
F11
256
14 70 11
70 58 11
58 86 11
86 11 11
11 48 11
F12
512
7 46 12
46 25 12
25 26 12
26 97 12
F13
512
55 63 13
63 74 13
74 22 13
22 67 13
67 28 13
F14
512
81 70 14
70 58 14
58 86 14
86 11 14
F15
512
5 18 15
18 6 15
6 88 15
88 25 15
25 69 15
69 54 15
F16
512
51 2 16
2 7 16
7 46 16
46 25 16
25 69 16
69 54 16
F17
512
3 1 17
1 7 17
7 88 17
88 25 17
25 26 17
F18
512
51 2 18
2 7 18
7 46 18
46 25 18
25 69 18
69 54 18
F19
512
81 70 19
70 58 19
58 86 19
86 11 19
F20
1024
30 36 20
36 20 20
20 96 20
96 13 20
F21
1024
52 9 21
9 96 21
96 13 21
13 12 21
F22
1024
15 24 22
24 96 22
96 9 22
F23
1024
7 46 23
46 25 23
25 26 23
26 97 23
F24
1024
100 8 24
8 96 24
96 75 24
F25
1024
31 52 25
52 66 25
66 86 25
86 71 25
F26
1024
41 76 26
76 16 26
16 35 26
35 74 26
74 29 26
F27
1024
50 39 27
39 74 27
74 63 27
F28
1024
53 70 28
70 58 28
58 86 28
86 33 28
33 84 28
F29
1024
47 76 29
76 16 29
16 35 29
35 74 29
74 22 29
22 94 29
F30
1024
8 96 30
96 13 30
13 12 30
12 32 30
