F1
256
100 8 1
8 96 1
96 75 1
F2
256
50 39 2
39 74 2
74 63 2
F3
256
55 63 3
63 74 3
74 22 3
22 67 3
67 28 3
F4
256
14 70 4
70 58 4
58 86 4
86 11 4
11 48 4
F5
256
47 76 5
76 16 5
16 35 5
35 74 5
74 22 5
22 94 5
F6
256
47 76 6
76 16 6
16 35 6
35 74 6
74 22 6
22 94 6
F7
256
37 90 7
90 25 7
25 46 7
46 1 7
F8
256
14 70 8
70 58 8
58 86 8
86 11 8
11 48 8
F9
256
38 35 9
35 74 9
74 22 9
22 57 9
F10
256
87 61 10
61 90 10
90 25 10
25 69 10
F11
512
66 86 11
86 58 11
F12
512
10 42 12
42 91 12
91 29 12
29 74 12
74 39 12
39 94 12
94 83 12
F13
512
20 17 13
17 74 13
74 29 13
29 91 13
F14
512
37 90 14
90 25 14
25 46 14
46 1 14
F15
512
14 70 15
70 58 15
58 86 15
86 11 15
11 48 15
F16
512
37 90 16
90 25 16
25 46 16
46 1 16
F17
512
38 35 17
35 74 17
74 22 17
22 57 17
F18
512
82 25 18
25 46 18
F19
512
55 63 19
63 74 19
74 22 19
22 67 19
67 28 19
F20
512
4 3 20
3 1 20
1 46 20
46 25 20
25 26 20
26 34 20
F21
512
87 61 21
61 90 21
90 25 21
25 69 21
F22
512
82 25 22
25 46 22
F23
1024
53 70 23
70 58 23
58 86 23
86 33 23
33 84 23
F24
1024
20 17 24
17 74 24
74 29 24
29 91 24
F25
1024
59 40 25
40 29 25
29 74 25
74 94 25
94 98 25
F26
1024
77 17 26
17 74 26
74 35 26
F27
1024
41 76 27
76 16 27
16 35 27
35 74 27
74 29 27
F28
1024
3 1 28
1 7 28
7 88 28
88 25 28
25 26 28
F29
1024
81 70 29
70 58 29
58 86 29
86 11 29
F30
1024
40 29 30
29 74 30
74 39 30
