F1
256
40 29 1
29 74 1
74 39 1
F2
256
60 85 2
85 27 2
27 25 2
25 88 2
88 61 2
F3
256
78 71 3
71 86 3
86 43 3
43 72 3
F4
256
59 40 4
40 29 4
29 74 4
74 94 4
94 98 4
F5
256
68 23 5
23 58 5
58 86 5
86 33 5
F6
256
77 17 6
17 74 6
74 35 6
F7
256
5 18 7
18 6 7
6 88 7
88 25 7
25 69 7
69 54 7
F8
256
76 16 8
16 35 8
35 74 8
74 22 8
F9
512
3 1 9
1 7 9
7 88 9
88 25 9
25 26 9
F10
512
41 76 10
76 16 10
16 35 10
35 74 10
74 29 10
F11
512
95 70 11
70 58 11
58 86 11
86 43 11
F12
512
3 1 12
1 7 12
7 88 12
88 25 12
25 26 12
F13
512
78 71 13
71 86 13
86 43 13
43 72 13
F14
512
5 18 14
18 6 14
6 88 14
88 25 14
25 69 14
69 54 14
F15
512
100 8 15
8 96 15
96 75 15
F16
512
87 61 16
61 90 16
90 25 16
25 69 16
F17
512
7 46 17
46 25 17
25 26 17
26 97 17
F18
512
19 82 18
82 25 18
25 88 18
88 6 18
6 2 18
F19
512
76 16 19
16 35 19
35 74 19
74 22 19
F20
1024
47 76 20
76 16 20
16 35 20
35 74 20
74 22 20
22 94 20
F21
1024
68 23 21
23 58 21
58 86 21
86 33 21
F22
1024
92 16 22
16 35 22
35 74 22
74 22 22
22 67 22
F23
1024
87 61 23
61 90 23
90 25 23
25 69 23
F24
1024
47 76 24
76 16 24
16 35 24
35 74 24
74 22 24
22 94 24
F25
1024
76 16 25
16 35 25
35 74 25
74 22 25
F26
1024
8 96 26
96 13 26
13 12 26
12 32 26
F27
1024
50 39 27
39 74 27
74 63 27
F28
1024
92 16 28
16 35 28
35 74 28
74 22 28
22 67 28
F29
1024
47 76 29
76 16 29
16 35 29
35 74 29
74 22 29
22 94 29
F30
1024
53 70 30
70 58 30
58 86 30
86 33 30
33 84 30
