F1
256
27 25 1
25 88 1
88 6 1
F2
256
60 85 2
85 27 2
27 25 2
25 88 2
88 61 2
F3
256
3 1 3
1 7 3
7 88 3
88 25 3
25 26 3
F4
256
88 25 4
25 82 4
82 89 4
F5
256
14 70 5
70 58 5
58 86 5
86 11 5
11 48 5
F6
256
17 74 6
74 79 6
F7
256
66 86 7
86 58 7
F8
256
52 9 8
9 96 8
96 13 8
13 12 8
F9
256
87 61 9
61 90 9
90 25 9
25 69 9
F10
256
50 39 10
39 74 10
74 63 10
F11
256
50 39 11
39 74 11
74 63 11
F12
256
8 96 12
96 13 12
13 12 12
12 32 12
F13
256
19 82 13
82 25 13
25 88 13
88 6 13
6 2 13
F14
256
68 23 14
23 58 14
58 86 14
86 33 14
F15
512
95 70 15
70 58 15
58 86 15
86 43 15
F16
512
3 1 16
1 7 16
7 88 16
88 25 16
25 26 16
F17
512
20 17 17
17 74 17
74 29 17
29 91 17
F18
512
15 24 18
24 96 18
96 9 18
F19
512
20 17 19
17 74 19
74 29 19
29 91 19
F20
512
14 70 20
70 58 20
58 86 20
86 11 20
11 48 20
F21
512
45 39 21
39 74 21
74 35 21
35 16 21
F22
1024
87 61 22
61 90 22
90 25 22
25 69 22
F23
1024
66 86 23
86 58 23
F24
1024
40 29 24
29 74 24
74 39 24
F25
1024
60 85 25
85 27 25
27 25 25
25 88 25
88 61 25
F26
1024
3 1 26
1 7 26
7 88 26
88 25 26
25 26 26
F27
1024
45 39 27
39 74 27
74 35 27
35 16 27
F28
1024
30 36 28
36 20 28
20 96 28
96 13 28
F29
1024
17 74 29
74 79 29
F30
1024
92 16 30
16 35 30
35 74 30
74 22 30
22 67 30
