F1
256
50 39 1
39 74 1
74 63 1
F2
256
92 16 2
16 35 2
35 74 2
74 22 2
22 67 2
F3
256
17 74 3
74 79 3
F4
256
47 76 4
76 16 4
16 35 4
35 74 4
74 22 4
22 94 4
F5
256
45 39 5
39 74 5
74 35 5
35 16 5
F6
256
24 96 6
96 20 6
20 80 6
F7
256
24 96 7
96 20 7
20 80 7
F8
256
24 96 8
96 20 8
20 80 8
F9
256
76 16 9
16 35 9
35 74 9
74 22 9
F10
512
82 25 10
25 46 10
F11
512
47 76 11
76 16 11
16 35 11
35 74 11
74 22 11
22 94 11
F12
512
81 70 12
70 58 12
58 86 12
86 11 12
F13
512
4 3 13
3 1 13
1 46 13
46 25 13
25 26 13
26 34 13
F14
512
76 16 14
16 35 14
35 74 14
74 22 14
F15
512
20 17 15
17 74 15
74 29 15
29 91 15
F16
1024
10 42 16
42 91 16
91 29 16
29 74 16
74 39 16
39 94 16
94 83 16
F17
1024
51 2 17
2 7 17
7 46 17
46 25 17
25 69 17
69 54 17
F18
1024
51 2 18
2 7 18
7 46 18
46 25 18
25 69 18
69 54 18
F19
1024
88 25 19
25 82 19
82 89 19
F20
1024
4 3 20
3 1 20
1 46 20
46 25 20
25 26 20
26 34 20
F21
1024
24 96 21
96 20 21
20 80 21
F22
1024
52 9 22
9 96 22
96 13 22
13 12 22
F23
1024
47 76 23
76 16 23
16 35 23
35 74 23
74 22 23
22 94 23
F24
1024
55 63 24
63 74 24
74 22 24
22 67 24
67 28 24
F25
1024
4 3 25
3 1 25
1 46 25
46 25 25
25 26 25
26 34 25
F26
1024
15 24 26
24 96 26
96 9 26
F27
1024
15 24 27
24 96 27
96 9 27
F28
1024
4 3 28
3 1 28
1 46 28
46 25 28
25 26 28
26 34 28
F29
1024
14 70 29
70 58 29
58 86 29
86 11 29
11 48 29
F30
1024
81 70 30
70 58 30
58 86 30
86 11 30
