F1
256
95 70 1
70 58 1
58 86 1
86 43 1
F2
256
27 25 2
25 88 2
88 6 2
F3
256
53 70 3
70 58 3
58 86 3
86 33 3
33 84 3
F4
256
87 61 4
61 90 4
90 25 4
25 69 4
F5
256
81 70 5
70 58 5
58 86 5
86 11 5
F6
256
30 36 6
36 20 6
20 96 6
96 13 6
F7
256
15 24 7
24 96 7
96 9 7
F8
256
38 35 8
35 74 8
74 22 8
22 57 8
F9
256
37 90 9
90 25 9
25 46 9
46 1 9
F10
512
3 1 10
1 7 10
7 88 10
88 25 10
25 26 10
F11
512
47 76 11
76 16 11
16 35 11
35 74 11
74 22 11
22 94 11
F12
512
37 90 12
90 25 12
25 46 12
46 1 12
F13
512
47 76 13
76 16 13
16 35 13
35 74 13
74 22 13
22 94 13
F14
512
95 70 14
70 58 14
58 86 14
86 43 14
F15
512
31 52 15
52 66 15
66 86 15
86 71 15
F16
512
52 9 16
9 96 16
96 13 16
13 12 16
F17
512
47 76 17
76 16 17
16 35 17
35 74 17
74 22 17
22 94 17
F18
512
55 63 18
63 74 18
74 22 18
22 67 18
67 28 18
F19
512
15 24 19
24 96 19
96 9 19
F20
512
24 96 20
96 20 20
20 80 20
F21
512
82 25 21
25 46 21
F22
512
51 2 22
2 7 22
7 46 22
46 25 22
25 69 22
69 54 22
F23
512
82 25 23
25 46 23
F24
512
88 25 24
25 82 24
82 89 24
F25
1024
45 39 25
39 74 25
74 35 25
35 16 25
F26
1024
68 23 26
23 58 26
58 86 26
86 33 26
F27
1024
66 86 27
86 58 27
F28
1024
52 9 28
9 96 28
96 13 28
13 12 28
F29
1024
76 16 29
16 35 29
35 74 29
74 22 29
F30
1024
100 8 30
8 96 30
96 75 30
