0.247551304153
0.248510318305
0.218506947077
0.223759375059
0.219184350605
0.24028241928
0.241473450739
0.221818754697
0.231156523141
0.219019275434
0.223740340978
0.230192496411
0.231425590224
0.214269812413
0.217096931261
0.2307607773
0.231253357516
0.222462110649
0.205155838265
0.231159005968
0.22149636148
0.233394078511
0.209669750251
0.25577734497
0.213801439744
0.21425410419
0.239819043901
0.223356925865
0.221366299095
0.244467305863
0.209819711482
0.22027803139
0.214608119588
0.221850800791
0.238390685023
0.226829518718
0.227642487525
0.242200909123
0.210498346998
0.228591799172
0.212132367519
0.228392606387
0.236157761502
0.229129651522
0.233537116579
0.227647698641
0.221250123572
0.218572281147
0.220883681171
0.23444282877
0.238565373071
0.229696429636
0.214222817898
0.240725814603
0.2192428281
0.23789176999
0.224096355947
0.221755775404
0.218308132055
0.226884823285
0.233620974221
0.260990699097
0.249074833884
0.224725599861
0.22582339723
0.23311914111
0.248430525426
0.220065784931
0.222591203865
0.232789788614
0.227818476461
0.210150671357
0.21642989486
0.234825761217
0.221659142205
0.228131249387
0.222196926692
0.209329191799
0.208073043529
0.227068469732
0.246448293232
0.241243672557
0.23268936562
0.22726145078
0.232781937202
0.217337188857
0.239755753877
0.23742598297
0.219040498737
0.216795863539
0.222983647609
0.214163439339
0.225828159923
0.228189375241
0.213836558027
0.229089580538
0.220416553245
0.21738076972
0.223991055788
0.230294214748
