F1
256
54 68 1
68 82 1
82 81 1
81 80 1
80 79 1
F2
256
97 76 2
76 77 2
77 63 2
63 49 2
49 48 2
48 16 2
16 14 2
F3
256
88 83 3
83 69 3
69 55 3
55 54 3
54 53 3
F4
256
72 20 4
20 17 4
17 14 4
14 11 4
11 8 4
8 9 4
9 6 4
F5
512
59 39 5
39 40 5
40 36 5
36 37 5
37 33 5
33 98 5
F6
512
17 18 6
18 49 6
49 63 6
63 77 6
F7
512
85 84 7
84 83 7
83 82 7
82 81 7
81 80 7
80 91 7
F8
512
96 95 8
95 76 8
75 77 8
77 63 8
63 49 8
49 18 8
18 17 8
17 20 8
F9
512
95 76 9
76 77 9
77 63 9
63 49 9
49 50 9
50 22 9
22 18 9
F10
512
59 39 10
39 40 10
40 36 10
36 37 10
37 33 10
33 98 10
F11
512
44 19 11
19 15 11
15 14 11
14 11 11
11 12 11
12 47 11
47 48 11
48 49 11
F12
1024
58 19 12
19 15 12
15 13 12
13 11 12
11 8 12
8 10 12
10 7 12
F13
1024
70 69 13
69 68 13
68 82 13
82 81 13
F14
1024
56 55 14
55 54 14
54 68 14
68 82 14
82 81 14
81 67 14
F15
1024
56 55 15
55 54 15
54 68 15
68 82 15
82 81 15
81 67 15
F16
1024
95 76 16
76 77 16
77 63 16
63 49 16
49 50 16
50 22 16
22 18 16
F17
1024
97 76 17
76 77 17
77 63 17
63 49 17
49 48 17
48 16 17
16 14 17
F18
1024
71 56 18
56 38 18
38 40 18
40 36 18
36 32 18
32 34 18
34 31 18
31 28 18
F19
1024
71 56 19
56 38 19
38 40 19
40 36 19
36 32 19
32 34 19
34 31 19
31 28 19
F20
1024
88 83 20
83 69 20
69 55 20
55 54 20
54 53 20
