F1
256
51 50 1
50 49 1
49 63 1
63 64 1
F2
256
9 8 2
8 11 2
11 14 2
14 15 2
F3
256
69 68 3
68 82 3
82 81 3
81 80 3
F4
256
70 69 4
69 68 4
68 82 4
82 81 4
F5
256
27 29 5
29 32 5
32 36 5
36 35 5
35 55 5
F6
256
66 80 6
80 81 6
81 82 6
82 68 6
F7
256
1 13 7
13 11 7
11 12 7
12 47 7
47 61 7
61 60 7
F8
512
95 76 8
76 77 8
77 63 8
63 49 8
49 50 8
50 22 8
22 18 8
F9
512
86 87 9
87 88 9
88 83 9
83 82 9
82 81 9
81 80 9
80 79 9
79 92 9
F10
512
96 95 10
95 76 10
75 77 10
77 63 10
63 49 10
49 18 10
18 17 10
17 20 10
F11
512
70 69 11
69 68 11
68 82 11
82 81 11
F12
512
43 38 12
38 40 12
40 36 12
36 32 12
32 29 12
29 27 12
27 26 12
F13
1024
96 95 13
95 76 13
75 77 13
77 63 13
63 49 13
49 18 13
18 17 13
17 20 13
F14
1024
41 40 14
40 36 14
36 37 14
37 73 14
F15
1024
95 76 15
76 77 15
77 63 15
63 49 15
49 50 15
50 22 15
22 18 15
F16
1024
72 20 16
20 17 16
17 14 16
14 11 16
11 8 16
8 9 16
9 6 16
F17
1024
88 83 17
83 69 17
69 55 17
55 54 17
54 53 17
F18
1024
95 76 18
76 77 18
77 63 18
63 49 18
49 50 18
50 22 18
22 18 18
F19
1024
88 83 19
83 69 19
69 55 19
55 54 19
54 53 19
F20
1024
88 83 20
83 69 20
69 55 20
55 54 20
54 53 20
