F1
256
58 19 1
19 15 1
15 13 1
13 11 1
11 8 1
8 10 1
10 7 1
F2
256
1 13 2
13 11 2
11 12 2
12 47 2
47 61 2
61 60 2
F3
256
84 83 3
83 82 3
82 81 3
81 90 3
F4
256
1 13 4
13 11 4
11 12 4
12 47 4
47 61 4
61 60 4
F5
512
56 55 5
55 54 5
54 68 5
68 82 5
82 81 5
81 67 5
F6
512
19 15 6
15 13 6
13 11 6
11 12 6
12 10 6
F7
512
4 9 7
9 8 7
8 11 7
11 12 7
12 47 7
47 46 7
F8
512
2 15 8
15 14 8
14 11 8
11 12 8
12 47 8
47 61 8
61 75 8
F9
512
21 19 9
19 17 9
17 14 9
14 11 9
11 8 9
8 5 9
F10
512
83 82 10
82 68 10
68 54 10
54 34 10
F11
1024
42 41 11
41 40 11
40 36 11
36 37 11
37 73 11
73 98 11
98 100 11
F12
1024
54 68 12
68 82 12
82 81 12
81 80 12
80 79 12
F13
1024
97 76 13
76 77 13
77 63 13
63 49 13
49 48 13
48 16 13
16 14 13
F14
1024
52 51 14
51 50 14
50 49 14
49 63 14
63 64 14
64 65 14
F15
1024
52 51 15
51 50 15
50 49 15
49 63 15
63 64 15
64 65 15
F16
1024
74 75 16
75 76 16
76 77 16
77 63 16
63 64 16
64 78 16
78 77 16
77 94 16
F17
1024
4 9 17
9 8 17
8 11 17
11 12 17
12 47 17
47 46 17
F18
1024
17 18 18
18 49 18
49 63 18
63 77 18
F19
1024
83 82 19
82 68 19
68 54 19
54 34 19
F20
1024
97 76 20
76 77 20
77 63 20
63 49 20
49 48 20
48 16 20
16 14 20
