F1
256
19 15 1
15 13 1
13 11 1
11 12 1
12 10 1
F2
256
44 19 2
19 15 2
15 14 2
14 11 2
11 12 2
12 47 2
47 48 2
48 49 2
F3
256
74 75 3
75 76 3
76 77 3
77 63 3
63 64 3
64 78 3
78 77 3
77 94 3
F4
256
86 87 4
87 88 4
88 83 4
83 82 4
82 81 4
81 80 4
80 79 4
79 92 4
F5
512
21 19 5
19 17 5
17 14 5
14 11 5
11 8 5
8 5 5
F6
512
70 69 6
69 68 6
68 82 6
82 81 6
F7
512
42 41 7
41 40 7
40 36 7
36 37 7
37 73 7
73 98 7
98 100 7
F8
512
22 50 8
50 49 8
49 63 8
63 62 8
62 61 8
F9
512
9 8 9
8 11 9
11 14 9
14 15 9
F10
512
66 80 10
80 81 10
81 82 10
82 68 10
F11
512
95 76 11
76 77 11
77 63 11
63 49 11
49 50 11
50 22 11
22 18 11
F12
512
23 20 12
20 17 12
17 14 12
14 11 12
11 12 12
12 16 12
F13
512
45 42 13
42 39 13
39 40 13
40 36 13
36 37 13
37 33 13
33 98 13
F14
1024
41 40 14
40 36 14
36 37 14
37 73 14
F15
1024
2 15 15
15 14 15
14 11 15
11 12 15
12 47 15
47 61 15
61 75 15
F16
1024
51 50 16
50 49 16
49 63 16
63 64 16
F17
1024
23 20 17
20 17 17
17 14 17
14 11 17
11 12 17
12 16 17
F18
1024
59 39 18
39 40 18
40 36 18
36 37 18
37 33 18
33 98 18
F19
1024
83 82 19
82 68 19
68 54 19
54 34 19
F20
1024
87 84 20
84 83 20
83 82 20
82 89 20
