F1
256
3 6 1
6 9 1
9 13 1
13 11 1
11 14 1
14 16 1
16 48 1
48 62 1
F2
256
71 56 2
56 38 2
38 40 2
40 36 2
36 32 2
32 34 2
34 31 2
31 28 2
F3
256
59 39 3
39 40 3
40 36 3
36 37 3
37 33 3
33 98 3
F4
256
57 56 4
56 55 4
55 35 4
35 36 4
36 32 4
32 29 4
29 30 4
F5
256
4 9 5
9 8 5
8 11 5
11 12 5
12 47 5
47 46 5
F6
256
97 76 6
76 77 6
77 63 6
63 49 6
49 48 6
48 16 6
16 14 6
F7
512
83 82 7
82 68 7
68 54 7
54 34 7
F8
512
45 42 8
42 39 8
39 40 8
40 36 8
36 37 8
37 33 8
33 98 8
F9
512
69 68 9
68 82 9
82 81 9
81 80 9
F10
512
23 20 10
20 17 10
17 14 10
14 11 10
11 12 10
12 16 10
F11
512
4 9 11
9 8 11
8 11 11
11 12 11
12 47 11
47 46 11
F12
512
52 51 12
51 50 12
50 49 12
49 63 12
63 64 12
64 65 12
F13
1024
69 68 13
68 82 13
82 81 13
81 80 13
F14
1024
51 50 14
50 49 14
49 63 14
63 64 14
F15
1024
2 15 15
15 14 15
14 11 15
11 12 15
12 47 15
47 61 15
61 75 15
F16
1024
74 75 16
75 76 16
76 77 16
77 63 16
63 64 16
64 78 16
78 77 16
77 94 16
F17
1024
4 9 17
9 8 17
8 11 17
11 12 17
12 47 17
47 46 17
F18
1024
70 69 18
69 68 18
68 82 18
82 81 18
F19
1024
87 84 19
84 83 19
83 82 19
82 89 19
F20
1024
21 19 20
19 17 20
17 14 20
14 11 20
11 8 20
8 5 20
