F1
256
44 19 1
19 15 1
15 14 1
14 11 1
11 12 1
12 47 1
47 48 1
48 49 1
F2
256
85 84 2
84 83 2
83 82 2
82 81 2
81 80 2
80 91 2
F3
256
22 50 3
50 49 3
49 63 3
63 62 3
62 61 3
F4
512
69 68 4
68 82 4
82 81 4
81 80 4
F5
512
57 56 5
56 55 5
55 35 5
35 36 5
36 32 5
32 29 5
29 30 5
F6
512
72 20 6
20 17 6
17 14 6
14 11 6
11 8 6
8 9 6
9 6 6
F7
512
84 83 7
83 82 7
82 81 7
81 90 7
F8
1024
9 8 8
8 11 8
11 14 8
14 15 8
F9
1024
74 75 9
75 76 9
76 77 9
77 63 9
63 64 9
64 78 9
78 77 9
77 94 9
F10
1024
3 6 10
6 9 10
9 13 10
13 11 10
11 14 10
14 16 10
16 48 10
48 62 10
F11
1024
19 15 11
15 13 11
13 11 11
11 12 11
12 10 11
F12
1024
42 41 12
41 40 12
40 36 12
36 37 12
37 73 12
73 98 12
98 100 12
F13
1024
93 78 13
78 64 13
64 63 13
63 49 13
49 18 13
18 16 13
16 12 13
F14
1024
51 50 14
50 49 14
49 63 14
63 64 14
F15
1024
87 84 15
84 83 15
83 82 15
82 89 15
F16
1024
57 56 16
56 55 16
55 35 16
35 36 16
36 32 16
32 29 16
29 30 16
F17
1024
1 13 17
13 11 17
11 12 17
12 47 17
47 61 17
61 60 17
F18
1024
51 50 18
50 49 18
49 63 18
63 64 18
F19
1024
69 68 19
68 82 19
82 81 19
81 80 19
F20
1024
84 83 20
83 82 20
82 81 20
81 90 20
