F1
256
54 68 1
68 82 1
82 81 1
81 80 1
80 79 1
F2
256
19 15 2
15 13 2
13 11 2
11 12 2
12 10 2
F3
256
9 8 3
8 11 3
11 14 3
14 15 3
F4
256
42 41 4
41 40 4
40 36 4
36 37 4
37 73 4
73 98 4
98 100 4
F5
256
45 42 5
42 39 5
39 40 5
40 36 5
36 37 5
37 33 5
33 98 5
F6
256
84 83 6
83 82 6
82 81 6
81 90 6
F7
256
83 82 7
82 68 7
68 54 7
54 34 7
F8
512
84 83 8
83 82 8
82 81 8
81 90 8
F9
512
44 19 9
19 15 9
15 14 9
14 11 9
11 12 9
12 47 9
47 48 9
48 49 9
F10
512
17 18 10
18 49 10
49 63 10
63 77 10
F11
512
84 83 11
83 82 11
82 81 11
81 90 11
F12
512
4 9 12
9 8 12
8 11 12
11 12 12
12 47 12
47 46 12
F13
512
97 76 13
76 77 13
77 63 13
63 49 13
49 48 13
48 16 13
16 14 13
F14
512
59 39 14
39 40 14
40 36 14
36 37 14
37 33 14
33 98 14
F15
1024
22 50 15
50 49 15
49 63 15
63 62 15
62 61 15
F16
1024
72 20 16
20 17 16
17 14 16
14 11 16
11 8 16
8 9 16
9 6 16
F17
1024
3 6 17
6 9 17
9 13 17
13 11 17
11 14 17
14 16 17
16 48 17
48 62 17
F18
1024
1 13 18
13 11 18
11 12 18
12 47 18
47 61 18
61 60 18
F19
1024
86 87 19
87 88 19
88 83 19
83 82 19
82 81 19
81 80 19
80 79 19
79 92 19
F20
1024
3 6 20
6 9 20
9 13 20
13 11 20
11 14 20
14 16 20
16 48 20
48 62 20
