F1
256
41 40 1
40 36 1
36 37 1
37 73 1
F2
256
71 56 2
56 38 2
38 40 2
40 36 2
36 32 2
32 34 2
34 31 2
31 28 2
F3
256
66 80 3
80 81 3
81 82 3
82 68 3
F4
256
71 56 4
56 38 4
38 40 4
40 36 4
36 32 4
32 34 4
34 31 4
31 28 4
F5
256
9 8 5
8 11 5
11 14 5
14 15 5
F6
256
84 83 6
83 82 6
82 81 6
81 90 6
F7
256
52 51 7
51 50 7
50 49 7
49 63 7
63 64 7
64 65 7
F8
512
45 42 8
42 39 8
39 40 8
40 36 8
36 37 8
37 33 8
33 98 8
F9
512
3 6 9
6 9 9
9 13 9
13 11 9
11 14 9
14 16 9
16 48 9
48 62 9
F10
512
58 19 10
19 15 10
15 13 10
13 11 10
11 8 10
8 10 10
10 7 10
F11
512
4 9 11
9 8 11
8 11 11
11 12 11
12 47 11
47 46 11
F12
512
3 6 12
6 9 12
9 13 12
13 11 12
11 14 12
14 16 12
16 48 12
48 62 12
F13
512
59 39 13
39 40 13
40 36 13
36 37 13
37 33 13
33 98 13
F14
1024
87 84 14
84 83 14
83 82 14
82 89 14
F15
1024
97 76 15
76 77 15
77 63 15
63 49 15
49 48 15
48 16 15
16 14 15
F16
1024
95 76 16
76 77 16
77 63 16
63 49 16
49 50 16
50 22 16
22 18 16
F17
1024
74 75 17
75 76 17
76 77 17
77 63 17
63 64 17
64 78 17
78 77 17
77 94 17
F18
1024
45 42 18
42 39 18
39 40 18
40 36 18
36 37 18
37 33 18
33 98 18
F19
1024
72 20 19
20 17 19
17 14 19
14 11 19
11 8 19
8 9 19
9 6 19
F20
1024
42 41 20
41 40 20
40 36 20
36 37 20
37 73 20
73 98 20
98 100 20
