F1
256
58 19 1
19 15 1
15 13 1
13 11 1
11 8 1
8 10 1
10 7 1
F2
256
42 41 2
41 40 2
40 36 2
36 37 2
37 73 2
73 98 2
98 100 2
F3
256
42 41 3
41 40 3
40 36 3
36 37 3
37 73 3
73 98 3
98 100 3
F4
256
21 19 4
19 17 4
17 14 4
14 11 4
11 8 4
8 5 4
F5
512
3 6 5
6 9 5
9 13 5
13 11 5
11 14 5
14 16 5
16 48 5
48 62 5
F6
512
83 82 6
82 68 6
68 54 6
54 34 6
F7
512
66 80 7
80 81 7
81 82 7
82 68 7
F8
512
58 19 8
19 15 8
15 13 8
13 11 8
11 8 8
8 10 8
10 7 8
F9
512
56 55 9
55 54 9
54 68 9
68 82 9
82 81 9
81 67 9
F10
512
54 68 10
68 82 10
82 81 10
81 80 10
80 79 10
F11
512
41 40 11
40 36 11
36 37 11
37 73 11
F12
512
41 40 12
40 36 12
36 37 12
37 73 12
F13
512
86 87 13
87 88 13
88 83 13
83 82 13
82 81 13
81 80 13
80 79 13
79 92 13
F14
512
86 87 14
87 88 14
88 83 14
83 82 14
82 81 14
81 80 14
80 79 14
79 92 14
F15
1024
59 39 15
39 40 15
40 36 15
36 37 15
37 33 15
33 98 15
F16
1024
57 56 16
56 55 16
55 35 16
35 36 16
36 32 16
32 29 16
29 30 16
F17
1024
85 84 17
84 83 17
83 82 17
82 81 17
81 80 17
80 91 17
F18
1024
41 40 18
40 36 18
36 37 18
37 73 18
F19
1024
84 83 19
83 82 19
82 81 19
81 90 19
F20
1024
50 64 20
64 63 20
63 77 20
77 76 20
