F1
256
57 56 1
56 55 1
55 35 1
35 36 1
36 32 1
32 29 1
29 30 1
F2
256
52 51 2
51 50 2
50 49 2
49 63 2
63 64 2
64 65 2
F3
256
22 50 3
50 49 3
49 63 3
63 62 3
62 61 3
F4
256
97 76 4
76 77 4
77 63 4
63 49 4
49 48 4
48 16 4
16 14 4
F5
256
83 82 5
82 68 5
68 54 5
54 34 5
F6
256
17 18 6
18 49 6
49 63 6
63 77 6
F7
256
41 40 7
40 36 7
36 37 7
37 73 7
F8
256
96 95 8
95 76 8
75 77 8
77 63 8
63 49 8
49 18 8
18 17 8
17 20 8
F9
256
58 19 9
19 15 9
15 13 9
13 11 9
11 8 9
8 10 9
10 7 9
F10
512
41 40 10
40 36 10
36 37 10
37 73 10
F11
512
87 84 11
84 83 11
83 82 11
82 89 11
F12
512
87 84 12
84 83 12
83 82 12
82 89 12
F13
512
95 76 13
76 77 13
77 63 13
63 49 13
49 50 13
50 22 13
22 18 13
F14
512
4 9 14
9 8 14
8 11 14
11 12 14
12 47 14
47 46 14
F15
512
74 75 15
75 76 15
76 77 15
77 63 15
63 64 15
64 78 15
78 77 15
77 94 15
F16
512
93 78 16
78 64 16
64 63 16
63 49 16
49 18 16
18 16 16
16 12 16
F17
512
66 80 17
80 81 17
81 82 17
82 68 17
F18
1024
3 6 18
6 9 18
9 13 18
13 11 18
11 14 18
14 16 18
16 48 18
48 62 18
F19
1024
84 83 19
83 82 19
82 81 19
81 90 19
F20
1024
23 20 20
20 17 20
17 14 20
14 11 20
11 12 20
12 16 20
