F1
256
19 15 1
15 13 1
13 11 1
11 12 1
12 10 1
F2
256
22 50 2
50 49 2
49 63 2
63 62 2
62 61 2
F3
256
23 20 3
20 17 3
17 14 3
14 11 3
11 12 3
12 16 3
F4
256
69 68 4
68 82 4
82 81 4
81 80 4
F5
256
3 6 5
6 9 5
9 13 5
13 11 5
11 14 5
14 16 5
16 48 5
48 62 5
F6
256
96 95 6
95 76 6
75 77 6
77 63 6
63 49 6
49 18 6
18 17 6
17 20 6
F7
256
93 78 7
78 64 7
64 63 7
63 49 7
49 18 7
18 16 7
16 12 7
F8
512
74 75 8
75 76 8
76 77 8
77 63 8
63 64 8
64 78 8
78 77 8
77 94 8
F9
512
4 9 9
9 8 9
8 11 9
11 12 9
12 47 9
47 46 9
F10
512
56 55 10
55 54 10
54 68 10
68 82 10
82 81 10
81 67 10
F11
512
50 64 11
64 63 11
63 77 11
77 76 11
F12
512
66 80 12
80 81 12
81 82 12
82 68 12
F13
512
96 95 13
95 76 13
75 77 13
77 63 13
63 49 13
49 18 13
18 17 13
17 20 13
F14
512
59 39 14
39 40 14
40 36 14
36 37 14
37 33 14
33 98 14
F15
1024
93 78 15
78 64 15
64 63 15
63 49 15
49 18 15
18 16 15
16 12 15
F16
1024
4 9 16
9 8 16
8 11 16
11 12 16
12 47 16
47 46 16
F17
1024
51 50 17
50 49 17
49 63 17
63 64 17
F18
1024
9 8 18
8 11 18
11 14 18
14 15 18
F19
1024
96 95 19
95 76 19
75 77 19
77 63 19
63 49 19
49 18 19
18 17 19
17 20 19
F20
1024
57 56 20
56 55 20
55 35 20
35 36 20
36 32 20
32 29 20
29 30 20
