F1
256
72 20 1
20 17 1
17 14 1
14 11 1
11 8 1
8 9 1
9 6 1
F2
256
21 19 2
19 17 2
17 14 2
14 11 2
11 8 2
8 5 2
F3
256
2 15 3
15 14 3
14 11 3
11 12 3
12 47 3
47 61 3
61 75 3
F4
256
85 84 4
84 83 4
83 82 4
82 81 4
81 80 4
80 91 4
F5
512
87 84 5
84 83 5
83 82 5
82 89 5
F6
512
70 69 6
69 68 6
68 82 6
82 81 6
F7
512
22 50 7
50 49 7
49 63 7
63 62 7
62 61 7
F8
512
4 9 8
9 8 8
8 11 8
11 12 8
12 47 8
47 46 8
F9
512
17 18 9
18 49 9
49 63 9
63 77 9
F10
512
4 9 10
9 8 10
8 11 10
11 12 10
12 47 10
47 46 10
F11
512
2 15 11
15 14 11
14 11 11
11 12 11
12 47 11
47 61 11
61 75 11
F12
512
9 8 12
8 11 12
11 14 12
14 15 12
F13
512
19 15 13
15 13 13
13 11 13
11 12 13
12 10 13
F14
512
2 15 14
15 14 14
14 11 14
11 12 14
12 47 14
47 61 14
61 75 14
F15
1024
88 83 15
83 69 15
69 55 15
55 54 15
54 53 15
F16
1024
97 76 16
76 77 16
77 63 16
63 49 16
49 48 16
48 16 16
16 14 16
F17
1024
45 42 17
42 39 17
39 40 17
40 36 17
36 37 17
37 33 17
33 98 17
F18
1024
95 76 18
76 77 18
77 63 18
63 49 18
49 50 18
50 22 18
22 18 18
F19
1024
83 82 19
82 68 19
68 54 19
54 34 19
F20
1024
97 76 20
76 77 20
77 63 20
63 49 20
49 48 20
48 16 20
16 14 20
