F1
256
2 15 1
15 14 1
14 11 1
11 12 1
12 47 1
47 61 1
61 75 1
F2
256
44 19 2
19 15 2
15 14 2
14 11 2
11 12 2
12 47 2
47 48 2
48 49 2
F3
256
9 8 3
8 11 3
11 14 3
14 15 3
F4
256
87 84 4
84 83 4
83 82 4
82 89 4
F5
256
3 6 5
6 9 5
9 13 5
13 11 5
11 14 5
14 16 5
16 48 5
48 62 5
F6
256
93 78 6
78 64 6
64 63 6
63 49 6
49 18 6
18 16 6
16 12 6
F7
256
22 50 7
50 49 7
49 63 7
63 62 7
62 61 7
F8
512
66 80 8
80 81 8
81 82 8
82 68 8
F9
512
41 40 9
40 36 9
36 37 9
37 73 9
F10
512
97 76 10
76 77 10
77 63 10
63 49 10
49 48 10
48 16 10
16 14 10
F11
512
1 13 11
13 11 11
11 12 11
12 47 11
47 61 11
61 60 11
F12
512
85 84 12
84 83 12
83 82 12
82 81 12
81 80 12
80 91 12
F13
512
69 68 13
68 82 13
82 81 13
81 80 13
F14
512
95 76 14
76 77 14
77 63 14
63 49 14
49 50 14
50 22 14
22 18 14
F15
512
86 87 15
87 88 15
88 83 15
83 82 15
82 81 15
81 80 15
80 79 15
79 92 15
F16
512
21 19 16
19 17 16
17 14 16
14 11 16
11 8 16
8 5 16
F17
1024
58 19 17
19 15 17
15 13 17
13 11 17
11 8 17
8 10 17
10 7 17
F18
1024
56 55 18
55 54 18
54 68 18
68 82 18
82 81 18
81 67 18
F19
1024
21 19 19
19 17 19
17 14 19
14 11 19
11 8 19
8 5 19
F20
1024
59 39 20
39 40 20
40 36 20
36 37 20
37 33 20
33 98 20
