F1
256
96 95 1
95 76 1
75 77 1
77 63 1
63 49 1
49 18 1
18 17 1
17 20 1
F2
256
86 87 2
87 88 2
88 83 2
83 82 2
82 81 2
81 80 2
80 79 2
79 92 2
F3
256
42 41 3
41 40 3
40 36 3
36 37 3
37 73 3
73 98 3
98 100 3
F4
256
84 83 4
83 82 4
82 81 4
81 90 4
F5
256
66 80 5
80 81 5
81 82 5
82 68 5
F6
512
23 20 6
20 17 6
17 14 6
14 11 6
11 12 6
12 16 6
F7
512
71 56 7
56 38 7
38 40 7
40 36 7
36 32 7
32 34 7
34 31 7
31 28 7
F8
512
97 76 8
76 77 8
77 63 8
63 49 8
49 48 8
48 16 8
16 14 8
F9
512
50 64 9
64 63 9
63 77 9
77 76 9
F10
1024
88 83 10
83 69 10
69 55 10
55 54 10
54 53 10
F11
1024
44 19 11
19 15 11
15 14 11
14 11 11
11 12 11
12 47 11
47 48 11
48 49 11
F12
1024
56 55 12
55 54 12
54 68 12
68 82 12
82 81 12
81 67 12
F13
1024
97 76 13
76 77 13
77 63 13
63 49 13
49 48 13
48 16 13
16 14 13
F14
1024
85 84 14
84 83 14
83 82 14
82 81 14
81 80 14
80 91 14
F15
1024
50 64 15
64 63 15
63 77 15
77 76 15
F16
1024
85 84 16
84 83 16
83 82 16
82 81 16
81 80 16
80 91 16
F17
1024
85 84 17
84 83 17
83 82 17
82 81 17
81 80 17
80 91 17
F18
1024
66 80 18
80 81 18
81 82 18
82 68 18
F19
1024
27 29 19
29 32 19
32 36 19
36 35 19
35 55 19
F20
1024
4 9 20
9 8 20
8 11 20
11 12 20
12 47 20
47 46 20
