F1
256
86 87 1
87 88 1
88 83 1
83 82 1
82 81 1
81 80 1
80 79 1
79 92 1
F2
256
1 13 2
13 11 2
11 12 2
12 47 2
47 61 2
61 60 2
F3
256
85 84 3
84 83 3
83 82 3
82 81 3
81 80 3
80 91 3
F4
256
96 95 4
95 76 4
75 77 4
77 63 4
63 49 4
49 18 4
18 17 4
17 20 4
F5
256
97 76 5
76 77 5
77 63 5
63 49 5
49 48 5
48 16 5
16 14 5
F6
256
86 87 6
87 88 6
88 83 6
83 82 6
82 81 6
81 80 6
80 79 6
79 92 6
F7
256
4 9 7
9 8 7
8 11 7
11 12 7
12 47 7
47 46 7
F8
512
72 20 8
20 17 8
17 14 8
14 11 8
11 8 8
8 9 8
9 6 8
F9
512
22 50 9
50 49 9
49 63 9
63 62 9
62 61 9
F10
512
58 19 10
19 15 10
15 13 10
13 11 10
11 8 10
8 10 10
10 7 10
F11
512
86 87 11
87 88 11
88 83 11
83 82 11
82 81 11
81 80 11
80 79 11
79 92 11
F12
512
74 75 12
75 76 12
76 77 12
77 63 12
63 64 12
64 78 12
78 77 12
77 94 12
F13
512
93 78 13
78 64 13
64 63 13
63 49 13
49 18 13
18 16 13
16 12 13
F14
512
2 15 14
15 14 14
14 11 14
11 12 14
12 47 14
47 61 14
61 75 14
F15
512
71 56 15
56 38 15
38 40 15
40 36 15
36 32 15
32 34 15
34 31 15
31 28 15
F16
512
43 38 16
38 40 16
40 36 16
36 32 16
32 29 16
29 27 16
27 26 16
F17
1024
71 56 17
56 38 17
38 40 17
40 36 17
36 32 17
32 34 17
34 31 17
31 28 17
F18
1024
70 69 18
69 68 18
68 82 18
82 81 18
F19
1024
59 39 19
39 40 19
40 36 19
36 37 19
37 33 19
33 98 19
F20
1024
57 56 20
56 55 20
55 35 20
35 36 20
36 32 20
32 29 20
29 30 20
