F1
256
19 15 1
15 13 1
13 11 1
11 12 1
12 10 1
F2
256
27 29 2
29 32 2
32 36 2
36 35 2
35 55 2
F3
256
23 20 3
20 17 3
17 14 3
14 11 3
11 12 3
12 16 3
F4
256
86 87 4
87 88 4
88 83 4
83 82 4
82 81 4
81 80 4
80 79 4
79 92 4
F5
512
97 76 5
76 77 5
77 63 5
63 49 5
49 48 5
48 16 5
16 14 5
F6
512
95 76 6
76 77 6
77 63 6
63 49 6
49 50 6
50 22 6
22 18 6
F7
512
43 38 7
38 40 7
40 36 7
36 32 7
32 29 7
29 27 7
27 26 7
F8
512
3 6 8
6 9 8
9 13 8
13 11 8
11 14 8
14 16 8
16 48 8
48 62 8
F9
512
88 83 9
83 69 9
69 55 9
55 54 9
54 53 9
F10
512
17 18 10
18 49 10
49 63 10
63 77 10
F11
512
93 78 11
78 64 11
64 63 11
63 49 11
49 18 11
18 16 11
16 12 11
F12
512
4 9 12
9 8 12
8 11 12
11 12 12
12 47 12
47 46 12
F13
512
70 69 13
69 68 13
68 82 13
82 81 13
F14
512
97 76 14
76 77 14
77 63 14
63 49 14
49 48 14
48 16 14
16 14 14
F15
1024
56 55 15
55 54 15
54 68 15
68 82 15
82 81 15
81 67 15
F16
1024
95 76 16
76 77 16
77 63 16
63 49 16
49 50 16
50 22 16
22 18 16
F17
1024
84 83 17
83 82 17
82 81 17
81 90 17
F18
1024
43 38 18
38 40 18
40 36 18
36 32 18
32 29 18
29 27 18
27 26 18
F19
1024
43 38 19
38 40 19
40 36 19
36 32 19
32 29 19
29 27 19
27 26 19
F20
1024
59 39 20
39 40 20
40 36 20
36 37 20
37 33 20
33 98 20
