F1
256
21 19 1
19 17 1
17 14 1
14 11 1
11 8 1
8 5 1
F2
256
74 75 2
75 76 2
76 77 2
77 63 2
63 64 2
64 78 2
78 77 2
77 94 2
F3
256
88 83 3
83 69 3
69 55 3
55 54 3
54 53 3
F4
256
59 39 4
39 40 4
40 36 4
36 37 4
37 33 4
33 98 4
F5
256
50 64 5
64 63 5
63 77 5
77 76 5
F6
256
72 20 6
20 17 6
17 14 6
14 11 6
11 8 6
8 9 6
9 6 6
F7
256
42 41 7
41 40 7
40 36 7
36 37 7
37 73 7
73 98 7
98 100 7
F8
256
17 18 8
18 49 8
49 63 8
63 77 8
F9
256
85 84 9
84 83 9
83 82 9
82 81 9
81 80 9
80 91 9
F10
256
93 78 10
78 64 10
64 63 10
63 49 10
49 18 10
18 16 10
16 12 10
F11
256
42 41 11
41 40 11
40 36 11
36 37 11
37 73 11
73 98 11
98 100 11
F12
512
41 40 12
40 36 12
36 37 12
37 73 12
F13
512
96 95 13
95 76 13
75 77 13
77 63 13
63 49 13
49 18 13
18 17 13
17 20 13
F14
512
54 68 14
68 82 14
82 81 14
81 80 14
80 79 14
F15
512
56 55 15
55 54 15
54 68 15
68 82 15
82 81 15
81 67 15
F16
512
27 29 16
29 32 16
32 36 16
36 35 16
35 55 16
F17
512
21 19 17
19 17 17
17 14 17
14 11 17
11 8 17
8 5 17
F18
1024
51 50 18
50 49 18
49 63 18
63 64 18
F19
1024
22 50 19
50 49 19
49 63 19
63 62 19
62 61 19
F20
1024
52 51 20
51 50 20
50 49 20
49 63 20
63 64 20
64 65 20
