F1
256
95 76 1
76 77 1
77 63 1
63 49 1
49 50 1
50 22 1
22 18 1
F2
256
17 18 2
18 49 2
49 63 2
63 77 2
F3
256
74 75 3
75 76 3
76 77 3
77 63 3
63 64 3
64 78 3
78 77 3
77 94 3
F4
256
69 68 4
68 82 4
82 81 4
81 80 4
F5
256
41 40 5
40 36 5
36 37 5
37 73 5
F6
256
9 8 6
8 11 6
11 14 6
14 15 6
F7
512
57 56 7
56 55 7
55 35 7
35 36 7
36 32 7
32 29 7
29 30 7
F8
512
85 84 8
84 83 8
83 82 8
82 81 8
81 80 8
80 91 8
F9
512
4 9 9
9 8 9
8 11 9
11 12 9
12 47 9
47 46 9
F10
512
66 80 10
80 81 10
81 82 10
82 68 10
F11
512
27 29 11
29 32 11
32 36 11
36 35 11
35 55 11
F12
1024
96 95 12
95 76 12
75 77 12
77 63 12
63 49 12
49 18 12
18 17 12
17 20 12
F13
1024
93 78 13
78 64 13
64 63 13
63 49 13
49 18 13
18 16 13
16 12 13
F14
1024
45 42 14
42 39 14
39 40 14
40 36 14
36 37 14
37 33 14
33 98 14
F15
1024
74 75 15
75 76 15
76 77 15
77 63 15
63 64 15
64 78 15
78 77 15
77 94 15
F16
1024
23 20 16
20 17 16
17 14 16
14 11 16
11 12 16
12 16 16
F17
1024
93 78 17
78 64 17
64 63 17
63 49 17
49 18 17
18 16 17
16 12 17
F18
1024
95 76 18
76 77 18
77 63 18
63 49 18
49 50 18
50 22 18
22 18 18
F19
1024
72 20 19
20 17 19
17 14 19
14 11 19
11 8 19
8 9 19
9 6 19
F20
1024
1 13 20
13 11 20
11 12 20
12 47 20
47 61 20
61 60 20
