F1
256
42 41 1
41 40 1
40 36 1
36 37 1
37 73 1
73 98 1
98 100 1
F2
256
4 9 2
9 8 2
8 11 2
11 12 2
12 47 2
47 46 2
F3
256
19 15 3
15 13 3
13 11 3
11 12 3
12 10 3
F4
256
9 8 4
8 11 4
11 14 4
14 15 4
F5
256
41 40 5
40 36 5
36 37 5
37 73 5
F6
256
23 20 6
20 17 6
17 14 6
14 11 6
11 12 6
12 16 6
F7
256
22 50 7
50 49 7
49 63 7
63 62 7
62 61 7
F8
256
21 19 8
19 17 8
17 14 8
14 11 8
11 8 8
8 5 8
F9
256
72 20 9
20 17 9
17 14 9
14 11 9
11 8 9
8 9 9
9 6 9
F10
512
3 6 10
6 9 10
9 13 10
13 11 10
11 14 10
14 16 10
16 48 10
48 62 10
F11
512
19 15 11
15 13 11
13 11 11
11 12 11
12 10 11
F12
512
97 76 12
76 77 12
77 63 12
63 49 12
49 48 12
48 16 12
16 14 12
F13
512
17 18 13
18 49 13
49 63 13
63 77 13
F14
512
87 84 14
84 83 14
83 82 14
82 89 14
F15
512
45 42 15
42 39 15
39 40 15
40 36 15
36 37 15
37 33 15
33 98 15
F16
512
1 13 16
13 11 16
11 12 16
12 47 16
47 61 16
61 60 16
F17
1024
23 20 17
20 17 17
17 14 17
14 11 17
11 12 17
12 16 17
F18
1024
59 39 18
39 40 18
40 36 18
36 37 18
37 33 18
33 98 18
F19
1024
17 18 19
18 49 19
49 63 19
63 77 19
F20
1024
87 84 20
84 83 20
83 82 20
82 89 20
