F1
256
43 38 1
38 40 1
40 36 1
36 32 1
32 29 1
29 27 1
27 26 1
F2
256
96 95 2
95 76 2
75 77 2
77 63 2
63 49 2
49 18 2
18 17 2
17 20 2
F3
256
96 95 3
95 76 3
75 77 3
77 63 3
63 49 3
49 18 3
18 17 3
17 20 3
F4
256
84 83 4
83 82 4
82 81 4
81 90 4
F5
256
1 13 5
13 11 5
11 12 5
12 47 5
47 61 5
61 60 5
F6
256
96 95 6
95 76 6
75 77 6
77 63 6
63 49 6
49 18 6
18 17 6
17 20 6
F7
256
19 15 7
15 13 7
13 11 7
11 12 7
12 10 7
F8
512
59 39 8
39 40 8
40 36 8
36 37 8
37 33 8
33 98 8
F9
512
87 84 9
84 83 9
83 82 9
82 89 9
F10
512
57 56 10
56 55 10
55 35 10
35 36 10
36 32 10
32 29 10
29 30 10
F11
512
85 84 11
84 83 11
83 82 11
82 81 11
81 80 11
80 91 11
F12
512
69 68 12
68 82 12
82 81 12
81 80 12
F13
1024
87 84 13
84 83 13
83 82 13
82 89 13
F14
1024
88 83 14
83 69 14
69 55 14
55 54 14
54 53 14
F15
1024
69 68 15
68 82 15
82 81 15
81 80 15
F16
1024
43 38 16
38 40 16
40 36 16
36 32 16
32 29 16
29 27 16
27 26 16
F17
1024
84 83 17
83 82 17
82 81 17
81 90 17
F18
1024
1 13 18
13 11 18
11 12 18
12 47 18
47 61 18
61 60 18
F19
1024
97 76 19
76 77 19
77 63 19
63 49 19
49 48 19
48 16 19
16 14 19
F20
1024
27 29 20
29 32 20
32 36 20
36 35 20
35 55 20
