F1
256
71 56 1
56 38 1
38 40 1
40 36 1
36 32 1
32 34 1
34 31 1
31 28 1
F2
256
19 15 2
15 13 2
13 11 2
11 12 2
12 10 2
F3
256
72 20 3
20 17 3
17 14 3
14 11 3
11 8 3
8 9 3
9 6 3
F4
256
74 75 4
75 76 4
76 77 4
77 63 4
63 64 4
64 78 4
78 77 4
77 94 4
F5
256
58 19 5
19 15 5
15 13 5
13 11 5
11 8 5
8 10 5
10 7 5
F6
256
69 68 6
68 82 6
82 81 6
81 80 6
F7
256
22 50 7
50 49 7
49 63 7
63 62 7
62 61 7
F8
256
71 56 8
56 38 8
38 40 8
40 36 8
36 32 8
32 34 8
34 31 8
31 28 8
F9
256
45 42 9
42 39 9
39 40 9
40 36 9
36 37 9
37 33 9
33 98 9
F10
512
87 84 10
84 83 10
83 82 10
82 89 10
F11
512
44 19 11
19 15 11
15 14 11
14 11 11
11 12 11
12 47 11
47 48 11
48 49 11
F12
512
69 68 12
68 82 12
82 81 12
81 80 12
F13
512
72 20 13
20 17 13
17 14 13
14 11 13
11 8 13
8 9 13
9 6 13
F14
512
50 64 14
64 63 14
63 77 14
77 76 14
F15
1024
3 6 15
6 9 15
9 13 15
13 11 15
11 14 15
14 16 15
16 48 15
48 62 15
F16
1024
57 56 16
56 55 16
55 35 16
35 36 16
36 32 16
32 29 16
29 30 16
F17
1024
87 84 17
84 83 17
83 82 17
82 89 17
F18
1024
84 83 18
83 82 18
82 81 18
81 90 18
F19
1024
41 40 19
40 36 19
36 37 19
37 73 19
F20
1024
83 82 20
82 68 20
68 54 20
54 34 20
