F1
256
50 64 1
64 63 1
63 77 1
77 76 1
F2
256
44 19 2
19 15 2
15 14 2
14 11 2
11 12 2
12 47 2
47 48 2
48 49 2
F3
256
1 13 3
13 11 3
11 12 3
12 47 3
47 61 3
61 60 3
F4
256
97 76 4
76 77 4
77 63 4
63 49 4
49 48 4
48 16 4
16 14 4
F5
256
22 50 5
50 49 5
49 63 5
63 62 5
62 61 5
F6
512
2 15 6
15 14 6
14 11 6
11 12 6
12 47 6
47 61 6
61 75 6
F7
512
72 20 7
20 17 7
17 14 7
14 11 7
11 8 7
8 9 7
9 6 7
F8
512
83 82 8
82 68 8
68 54 8
54 34 8
F9
512
21 19 9
19 17 9
17 14 9
14 11 9
11 8 9
8 5 9
F10
512
93 78 10
78 64 10
64 63 10
63 49 10
49 18 10
18 16 10
16 12 10
F11
512
17 18 11
18 49 11
49 63 11
63 77 11
F12
512
9 8 12
8 11 12
11 14 12
14 15 12
F13
512
27 29 13
29 32 13
32 36 13
36 35 13
35 55 13
F14
512
74 75 14
75 76 14
76 77 14
77 63 14
63 64 14
64 78 14
78 77 14
77 94 14
F15
512
56 55 15
55 54 15
54 68 15
68 82 15
82 81 15
81 67 15
F16
512
97 76 16
76 77 16
77 63 16
63 49 16
49 48 16
48 16 16
16 14 16
F17
1024
84 83 17
83 82 17
82 81 17
81 90 17
F18
1024
97 76 18
76 77 18
77 63 18
63 49 18
49 48 18
48 16 18
16 14 18
F19
1024
58 19 19
19 15 19
15 13 19
13 11 19
11 8 19
8 10 19
10 7 19
F20
1024
3 6 20
6 9 20
9 13 20
13 11 20
11 14 20
14 16 20
16 48 20
48 62 20
