F1
256
58 19 1
19 15 1
15 13 1
13 11 1
11 8 1
8 10 1
10 7 1
F2
256
4 9 2
9 8 2
8 11 2
11 12 2
12 47 2
47 46 2
F3
256
19 15 3
15 13 3
13 11 3
11 12 3
12 10 3
F4
256
21 19 4
19 17 4
17 14 4
14 11 4
11 8 4
8 5 4
F5
256
3 6 5
6 9 5
9 13 5
13 11 5
11 14 5
14 16 5
16 48 5
48 62 5
F6
256
57 56 6
56 55 6
55 35 6
35 36 6
36 32 6
32 29 6
29 30 6
F7
256
69 68 7
68 82 7
82 81 7
81 80 7
F8
256
9 8 8
8 11 8
11 14 8
14 15 8
F9
256
58 19 9
19 15 9
15 13 9
13 11 9
11 8 9
8 10 9
10 7 9
F10
256
17 18 10
18 49 10
49 63 10
63 77 10
F11
256
74 75 11
75 76 11
76 77 11
77 63 11
63 64 11
64 78 11
78 77 11
77 94 11
F12
256
70 69 12
69 68 12
68 82 12
82 81 12
F13
256
52 51 13
51 50 13
50 49 13
49 63 13
63 64 13
64 65 13
F14
256
88 83 14
83 69 14
69 55 14
55 54 14
54 53 14
F15
512
69 68 15
68 82 15
82 81 15
81 80 15
F16
512
23 20 16
20 17 16
17 14 16
14 11 16
11 12 16
12 16 16
F17
512
22 50 17
50 49 17
49 63 17
63 62 17
62 61 17
F18
512
54 68 18
68 82 18
82 81 18
81 80 18
80 79 18
F19
512
86 87 19
87 88 19
88 83 19
83 82 19
82 81 19
81 80 19
80 79 19
79 92 19
F20
512
66 80 20
80 81 20
81 82 20
82 68 20
F21
512
51 50 21
50 49 21
49 63 21
63 64 21
F22
512
4 9 22
9 8 22
8 11 22
11 12 22
12 47 22
47 46 22
F23
512
88 83 23
83 69 23
69 55 23
55 54 23
54 53 23
F24
512
41 40 24
40 36 24
36 37 24
37 73 24
F25
1024
66 80 25
80 81 25
81 82 25
82 68 25
F26
1024
19 15 26
15 13 26
13 11 26
11 12 26
12 10 26
F27
1024
58 19 27
19 15 27
15 13 27
13 11 27
11 8 27
8 10 27
10 7 27
F28
1024
4 9 28
9 8 28
8 11 28
11 12 28
12 47 28
47 46 28
F29
1024
66 80 29
80 81 29
81 82 29
82 68 29
F30
1024
72 20 30
20 17 30
17 14 30
14 11 30
11 8 30
8 9 30
9 6 30
F31
1024
96 95 31
95 76 31
75 77 31
77 63 31
63 49 31
49 18 31
18 17 31
17 20 31
F32
1024
19 15 32
15 13 32
13 11 32
11 12 32
12 10 32
F33
1024
96 95 33
95 76 33
75 77 33
77 63 33
63 49 33
49 18 33
18 17 33
17 20 33
F34
1024
41 40 34
40 36 34
36 37 34
37 73 34
F35
1024
3 6 35
6 9 35
9 13 35
13 11 35
11 14 35
14 16 35
16 48 35
48 62 35
F36
1024
70 69 36
69 68 36
68 82 36
82 81 36
F37
1024
85 84 37
84 83 37
83 82 37
82 81 37
81 80 37
80 91 37
F38
1024
22 50 38
50 49 38
49 63 38
63 62 38
62 61 38
F39
1024
3 6 39
6 9 39
9 13 39
13 11 39
11 14 39
14 16 39
16 48 39
48 62 39
F40
1024
50 64 40
64 63 40
63 77 40
77 76 40
