F1
256
70 69 1
69 68 1
68 82 1
82 81 1
F2
256
9 8 2
8 11 2
11 14 2
14 15 2
F3
256
52 51 3
51 50 3
50 49 3
49 63 3
63 64 3
64 65 3
F4
256
74 75 4
75 76 4
76 77 4
77 63 4
63 64 4
64 78 4
78 77 4
77 94 4
F5
256
17 18 5
18 49 5
49 63 5
63 77 5
F6
256
21 19 6
19 17 6
17 14 6
14 11 6
11 8 6
8 5 6
F7
256
50 64 7
64 63 7
63 77 7
77 76 7
F8
256
71 56 8
56 38 8
38 40 8
40 36 8
36 32 8
32 34 8
34 31 8
31 28 8
F9
256
44 19 9
19 15 9
15 14 9
14 11 9
11 12 9
12 47 9
47 48 9
48 49 9
F10
256
42 41 10
41 40 10
40 36 10
36 37 10
37 73 10
73 98 10
98 100 10
F11
256
95 76 11
76 77 11
77 63 11
63 49 11
49 50 11
50 22 11
22 18 11
F12
256
72 20 12
20 17 12
17 14 12
14 11 12
11 8 12
8 9 12
9 6 12
F13
256
72 20 13
20 17 13
17 14 13
14 11 13
11 8 13
8 9 13
9 6 13
F14
256
71 56 14
56 38 14
38 40 14
40 36 14
36 32 14
32 34 14
34 31 14
31 28 14
F15
512
88 83 15
83 69 15
69 55 15
55 54 15
54 53 15
F16
512
85 84 16
84 83 16
83 82 16
82 81 16
81 80 16
80 91 16
F17
512
21 19 17
19 17 17
17 14 17
14 11 17
11 8 17
8 5 17
F18
512
71 56 18
56 38 18
38 40 18
40 36 18
36 32 18
32 34 18
34 31 18
31 28 18
F19
512
96 95 19
95 76 19
75 77 19
77 63 19
63 49 19
49 18 19
18 17 19
17 20 19
F20
512
1 13 20
13 11 20
11 12 20
12 47 20
47 61 20
61 60 20
F21
512
97 76 21
76 77 21
77 63 21
63 49 21
49 48 21
48 16 21
16 14 21
F22
512
23 20 22
20 17 22
17 14 22
14 11 22
11 12 22
12 16 22
F23
512
69 68 23
68 82 23
82 81 23
81 80 23
F24
512
56 55 24
55 54 24
54 68 24
68 82 24
82 81 24
81 67 24
F25
512
58 19 25
19 15 25
15 13 25
13 11 25
11 8 25
8 10 25
10 7 25
F26
1024
70 69 26
69 68 26
68 82 26
82 81 26
F27
1024
72 20 27
20 17 27
17 14 27
14 11 27
11 8 27
8 9 27
9 6 27
F28
1024
52 51 28
51 50 28
50 49 28
49 63 28
63 64 28
64 65 28
F29
1024
45 42 29
42 39 29
39 40 29
40 36 29
36 37 29
37 33 29
33 98 29
F30
1024
93 78 30
78 64 30
64 63 30
63 49 30
49 18 30
18 16 30
16 12 30
F31
1024
54 68 31
68 82 31
82 81 31
81 80 31
80 79 31
F32
1024
86 87 32
87 88 32
88 83 32
83 82 32
82 81 32
81 80 32
80 79 32
79 92 32
F33
1024
57 56 33
56 55 33
55 35 33
35 36 33
36 32 33
32 29 33
29 30 33
F34
1024
56 55 34
55 54 34
54 68 34
68 82 34
82 81 34
81 67 34
F35
1024
51 50 35
50 49 35
49 63 35
63 64 35
F36
1024
66 80 36
80 81 36
81 82 36
82 68 36
F37
1024
2 15 37
15 14 37
14 11 37
11 12 37
12 47 37
47 61 37
61 75 37
F38
1024
17 18 38
18 49 38
49 63 38
63 77 38
F39
1024
45 42 39
42 39 39
39 40 39
40 36 39
36 37 39
37 33 39
33 98 39
F40
1024
93 78 40
78 64 40
64 63 40
63 49 40
49 18 40
18 16 40
16 12 40
