F1
256
4 9 1
9 8 1
8 11 1
11 12 1
12 47 1
47 46 1
F2
256
19 15 2
15 13 2
13 11 2
11 12 2
12 10 2
F3
256
74 75 3
75 76 3
76 77 3
77 63 3
63 64 3
64 78 3
78 77 3
77 94 3
F4
256
85 84 4
84 83 4
83 82 4
82 81 4
81 80 4
80 91 4
F5
256
66 80 5
80 81 5
81 82 5
82 68 5
F6
256
84 83 6
83 82 6
82 81 6
81 90 6
F7
256
83 82 7
82 68 7
68 54 7
54 34 7
F8
256
17 18 8
18 49 8
49 63 8
63 77 8
F9
256
17 18 9
18 49 9
49 63 9
63 77 9
F10
512
4 9 10
9 8 10
8 11 10
11 12 10
12 47 10
47 46 10
F11
512
17 18 11
18 49 11
49 63 11
63 77 11
F12
512
86 87 12
87 88 12
88 83 12
83 82 12
82 81 12
81 80 12
80 79 12
79 92 12
F13
512
27 29 13
29 32 13
32 36 13
36 35 13
35 55 13
F14
512
42 41 14
41 40 14
40 36 14
36 37 14
37 73 14
73 98 14
98 100 14
F15
512
85 84 15
84 83 15
83 82 15
82 81 15
81 80 15
80 91 15
F16
512
59 39 16
39 40 16
40 36 16
36 37 16
37 33 16
33 98 16
F17
512
72 20 17
20 17 17
17 14 17
14 11 17
11 8 17
8 9 17
9 6 17
F18
512
95 76 18
76 77 18
77 63 18
63 49 18
49 50 18
50 22 18
22 18 18
F19
512
4 9 19
9 8 19
8 11 19
11 12 19
12 47 19
47 46 19
F20
512
71 56 20
56 38 20
38 40 20
40 36 20
36 32 20
32 34 20
34 31 20
31 28 20
F21
512
74 75 21
75 76 21
76 77 21
77 63 21
63 64 21
64 78 21
78 77 21
77 94 21
F22
512
57 56 22
56 55 22
55 35 22
35 36 22
36 32 22
32 29 22
29 30 22
F23
512
56 55 23
55 54 23
54 68 23
68 82 23
82 81 23
81 67 23
F24
512
23 20 24
20 17 24
17 14 24
14 11 24
11 12 24
12 16 24
F25
512
43 38 25
38 40 25
40 36 25
36 32 25
32 29 25
29 27 25
27 26 25
F26
512
17 18 26
18 49 26
49 63 26
63 77 26
F27
512
83 82 27
82 68 27
68 54 27
54 34 27
F28
512
51 50 28
50 49 28
49 63 28
63 64 28
F29
1024
21 19 29
19 17 29
17 14 29
14 11 29
11 8 29
8 5 29
F30
1024
1 13 30
13 11 30
11 12 30
12 47 30
47 61 30
61 60 30
F31
1024
85 84 31
84 83 31
83 82 31
82 81 31
81 80 31
80 91 31
F32
1024
88 83 32
83 69 32
69 55 32
55 54 32
54 53 32
F33
1024
54 68 33
68 82 33
82 81 33
81 80 33
80 79 33
F34
1024
83 82 34
82 68 34
68 54 34
54 34 34
F35
1024
97 76 35
76 77 35
77 63 35
63 49 35
49 48 35
48 16 35
16 14 35
F36
1024
66 80 36
80 81 36
81 82 36
82 68 36
F37
1024
87 84 37
84 83 37
83 82 37
82 89 37
F38
1024
83 82 38
82 68 38
68 54 38
54 34 38
F39
1024
56 55 39
55 54 39
54 68 39
68 82 39
82 81 39
81 67 39
F40
1024
72 20 40
20 17 40
17 14 40
14 11 40
11 8 40
8 9 40
9 6 40
