F1
256
72 20 1
20 17 1
17 14 1
14 11 1
11 8 1
8 9 1
9 6 1
F2
256
69 68 2
68 82 2
82 81 2
81 80 2
F3
256
72 20 3
20 17 3
17 14 3
14 11 3
11 8 3
8 9 3
9 6 3
F4
256
66 80 4
80 81 4
81 82 4
82 68 4
F5
256
21 19 5
19 17 5
17 14 5
14 11 5
11 8 5
8 5 5
F6
256
27 29 6
29 32 6
32 36 6
36 35 6
35 55 6
F7
256
71 56 7
56 38 7
38 40 7
40 36 7
36 32 7
32 34 7
34 31 7
31 28 7
F8
256
59 39 8
39 40 8
40 36 8
36 37 8
37 33 8
33 98 8
F9
256
27 29 9
29 32 9
32 36 9
36 35 9
35 55 9
F10
256
71 56 10
56 38 10
38 40 10
40 36 10
36 32 10
32 34 10
34 31 10
31 28 10
F11
512
69 68 11
68 82 11
82 81 11
81 80 11
F12
512
74 75 12
75 76 12
76 77 12
77 63 12
63 64 12
64 78 12
78 77 12
77 94 12
F13
512
57 56 13
56 55 13
55 35 13
35 36 13
36 32 13
32 29 13
29 30 13
F14
512
41 40 14
40 36 14
36 37 14
37 73 14
F15
512
85 84 15
84 83 15
83 82 15
82 81 15
81 80 15
80 91 15
F16
512
87 84 16
84 83 16
83 82 16
82 89 16
F17
512
86 87 17
87 88 17
88 83 17
83 82 17
82 81 17
81 80 17
80 79 17
79 92 17
F18
512
88 83 18
83 69 18
69 55 18
55 54 18
54 53 18
F19
512
84 83 19
83 82 19
82 81 19
81 90 19
F20
1024
9 8 20
8 11 20
11 14 20
14 15 20
F21
1024
1 13 21
13 11 21
11 12 21
12 47 21
47 61 21
61 60 21
F22
1024
59 39 22
39 40 22
40 36 22
36 37 22
37 33 22
33 98 22
F23
1024
71 56 23
56 38 23
38 40 23
40 36 23
36 32 23
32 34 23
34 31 23
31 28 23
F24
1024
87 84 24
84 83 24
83 82 24
82 89 24
F25
1024
4 9 25
9 8 25
8 11 25
11 12 25
12 47 25
47 46 25
F26
1024
1 13 26
13 11 26
11 12 26
12 47 26
47 61 26
61 60 26
F27
1024
2 15 27
15 14 27
14 11 27
11 12 27
12 47 27
47 61 27
61 75 27
F28
1024
88 83 28
83 69 28
69 55 28
55 54 28
54 53 28
F29
1024
83 82 29
82 68 29
68 54 29
54 34 29
F30
1024
86 87 30
87 88 30
88 83 30
83 82 30
82 81 30
81 80 30
80 79 30
79 92 30
F31
1024
19 15 31
15 13 31
13 11 31
11 12 31
12 10 31
F32
1024
45 42 32
42 39 32
39 40 32
40 36 32
36 37 32
37 33 32
33 98 32
F33
1024
43 38 33
38 40 33
40 36 33
36 32 33
32 29 33
29 27 33
27 26 33
F34
1024
4 9 34
9 8 34
8 11 34
11 12 34
12 47 34
47 46 34
F35
1024
59 39 35
39 40 35
40 36 35
36 37 35
37 33 35
33 98 35
F36
1024
45 42 36
42 39 36
39 40 36
40 36 36
36 37 36
37 33 36
33 98 36
F37
1024
69 68 37
68 82 37
82 81 37
81 80 37
F38
1024
84 83 38
83 82 38
82 81 38
81 90 38
F39
1024
71 56 39
56 38 39
38 40 39
40 36 39
36 32 39
32 34 39
34 31 39
31 28 39
F40
1024
42 41 40
41 40 40
40 36 40
36 37 40
37 73 40
73 98 40
98 100 40
