F1
256
84 83 1
83 82 1
82 81 1
81 90 1
F2
256
96 95 2
95 76 2
75 77 2
77 63 2
63 49 2
49 18 2
18 17 2
17 20 2
F3
256
50 64 3
64 63 3
63 77 3
77 76 3
F4
256
88 83 4
83 69 4
69 55 4
55 54 4
54 53 4
F5
256
71 56 5
56 38 5
38 40 5
40 36 5
36 32 5
32 34 5
34 31 5
31 28 5
F6
256
4 9 6
9 8 6
8 11 6
11 12 6
12 47 6
47 46 6
F7
256
9 8 7
8 11 7
11 14 7
14 15 7
F8
256
93 78 8
78 64 8
64 63 8
63 49 8
49 18 8
18 16 8
16 12 8
F9
256
86 87 9
87 88 9
88 83 9
83 82 9
82 81 9
81 80 9
80 79 9
79 92 9
F10
256
43 38 10
38 40 10
40 36 10
36 32 10
32 29 10
29 27 10
27 26 10
F11
256
41 40 11
40 36 11
36 37 11
37 73 11
F12
256
52 51 12
51 50 12
50 49 12
49 63 12
63 64 12
64 65 12
F13
256
41 40 13
40 36 13
36 37 13
37 73 13
F14
256
45 42 14
42 39 14
39 40 14
40 36 14
36 37 14
37 33 14
33 98 14
F15
512
74 75 15
75 76 15
76 77 15
77 63 15
63 64 15
64 78 15
78 77 15
77 94 15
F16
512
45 42 16
42 39 16
39 40 16
40 36 16
36 37 16
37 33 16
33 98 16
F17
512
59 39 17
39 40 17
40 36 17
36 37 17
37 33 17
33 98 17
F18
512
69 68 18
68 82 18
82 81 18
81 80 18
F19
512
70 69 19
69 68 19
68 82 19
82 81 19
F20
512
1 13 20
13 11 20
11 12 20
12 47 20
47 61 20
61 60 20
F21
512
17 18 21
18 49 21
49 63 21
63 77 21
F22
512
72 20 22
20 17 22
17 14 22
14 11 22
11 8 22
8 9 22
9 6 22
F23
512
52 51 23
51 50 23
50 49 23
49 63 23
63 64 23
64 65 23
F24
1024
69 68 24
68 82 24
82 81 24
81 80 24
F25
1024
23 20 25
20 17 25
17 14 25
14 11 25
11 12 25
12 16 25
F26
1024
2 15 26
15 14 26
14 11 26
11 12 26
12 47 26
47 61 26
61 75 26
F27
1024
54 68 27
68 82 27
82 81 27
81 80 27
80 79 27
F28
1024
56 55 28
55 54 28
54 68 28
68 82 28
82 81 28
81 67 28
F29
1024
59 39 29
39 40 29
40 36 29
36 37 29
37 33 29
33 98 29
F30
1024
9 8 30
8 11 30
11 14 30
14 15 30
F31
1024
88 83 31
83 69 31
69 55 31
55 54 31
54 53 31
F32
1024
1 13 32
13 11 32
11 12 32
12 47 32
47 61 32
61 60 32
F33
1024
88 83 33
83 69 33
69 55 33
55 54 33
54 53 33
F34
1024
50 64 34
64 63 34
63 77 34
77 76 34
F35
1024
86 87 35
87 88 35
88 83 35
83 82 35
82 81 35
81 80 35
80 79 35
79 92 35
F36
1024
71 56 36
56 38 36
38 40 36
40 36 36
36 32 36
32 34 36
34 31 36
31 28 36
F37
1024
54 68 37
68 82 37
82 81 37
81 80 37
80 79 37
F38
1024
86 87 38
87 88 38
88 83 38
83 82 38
82 81 38
81 80 38
80 79 38
79 92 38
F39
1024
56 55 39
55 54 39
54 68 39
68 82 39
82 81 39
81 67 39
F40
1024
42 41 40
41 40 40
40 36 40
36 37 40
37 73 40
73 98 40
98 100 40
