F1
256
56 55 1
55 54 1
54 68 1
68 82 1
82 81 1
81 67 1
F2
256
71 56 2
56 38 2
38 40 2
40 36 2
36 32 2
32 34 2
34 31 2
31 28 2
F3
256
57 56 3
56 55 3
55 35 3
35 36 3
36 32 3
32 29 3
29 30 3
F4
256
87 84 4
84 83 4
83 82 4
82 89 4
F5
256
58 19 5
19 15 5
15 13 5
13 11 5
11 8 5
8 10 5
10 7 5
F6
256
44 19 6
19 15 6
15 14 6
14 11 6
11 12 6
12 47 6
47 48 6
48 49 6
F7
256
72 20 7
20 17 7
17 14 7
14 11 7
11 8 7
8 9 7
9 6 7
F8
256
43 38 8
38 40 8
40 36 8
36 32 8
32 29 8
29 27 8
27 26 8
F9
256
54 68 9
68 82 9
82 81 9
81 80 9
80 79 9
F10
256
56 55 10
55 54 10
54 68 10
68 82 10
82 81 10
81 67 10
F11
256
2 15 11
15 14 11
14 11 11
11 12 11
12 47 11
47 61 11
61 75 11
F12
256
74 75 12
75 76 12
76 77 12
77 63 12
63 64 12
64 78 12
78 77 12
77 94 12
F13
256
1 13 13
13 11 13
11 12 13
12 47 13
47 61 13
61 60 13
F14
256
9 8 14
8 11 14
11 14 14
14 15 14
F15
256
86 87 15
87 88 15
88 83 15
83 82 15
82 81 15
81 80 15
80 79 15
79 92 15
F16
256
51 50 16
50 49 16
49 63 16
63 64 16
F17
512
57 56 17
56 55 17
55 35 17
35 36 17
36 32 17
32 29 17
29 30 17
F18
512
22 50 18
50 49 18
49 63 18
63 62 18
62 61 18
F19
512
70 69 19
69 68 19
68 82 19
82 81 19
F20
512
2 15 20
15 14 20
14 11 20
11 12 20
12 47 20
47 61 20
61 75 20
F21
512
9 8 21
8 11 21
11 14 21
14 15 21
F22
512
42 41 22
41 40 22
40 36 22
36 37 22
37 73 22
73 98 22
98 100 22
F23
512
22 50 23
50 49 23
49 63 23
63 62 23
62 61 23
F24
512
93 78 24
78 64 24
64 63 24
63 49 24
49 18 24
18 16 24
16 12 24
F25
512
87 84 25
84 83 25
83 82 25
82 89 25
F26
512
19 15 26
15 13 26
13 11 26
11 12 26
12 10 26
F27
1024
4 9 27
9 8 27
8 11 27
11 12 27
12 47 27
47 46 27
F28
1024
42 41 28
41 40 28
40 36 28
36 37 28
37 73 28
73 98 28
98 100 28
F29
1024
51 50 29
50 49 29
49 63 29
63 64 29
F30
1024
41 40 30
40 36 30
36 37 30
37 73 30
F31
1024
44 19 31
19 15 31
15 14 31
14 11 31
11 12 31
12 47 31
47 48 31
48 49 31
F32
1024
50 64 32
64 63 32
63 77 32
77 76 32
F33
1024
86 87 33
87 88 33
88 83 33
83 82 33
82 81 33
81 80 33
80 79 33
79 92 33
F34
1024
97 76 34
76 77 34
77 63 34
63 49 34
49 48 34
48 16 34
16 14 34
F35
1024
69 68 35
68 82 35
82 81 35
81 80 35
F36
1024
45 42 36
42 39 36
39 40 36
40 36 36
36 37 36
37 33 36
33 98 36
F37
1024
58 19 37
19 15 37
15 13 37
13 11 37
11 8 37
8 10 37
10 7 37
F38
1024
21 19 38
19 17 38
17 14 38
14 11 38
11 8 38
8 5 38
F39
1024
69 68 39
68 82 39
82 81 39
81 80 39
F40
1024
4 9 40
9 8 40
8 11 40
11 12 40
12 47 40
47 46 40
