F1
256
17 18 1
18 49 1
49 63 1
63 77 1
F2
256
51 50 2
50 49 2
49 63 2
63 64 2
F3
256
41 40 3
40 36 3
36 37 3
37 73 3
F4
256
19 15 4
15 13 4
13 11 4
11 12 4
12 10 4
F5
256
1 13 5
13 11 5
11 12 5
12 47 5
47 61 5
61 60 5
F6
256
71 56 6
56 38 6
38 40 6
40 36 6
36 32 6
32 34 6
34 31 6
31 28 6
F7
256
43 38 7
38 40 7
40 36 7
36 32 7
32 29 7
29 27 7
27 26 7
F8
256
95 76 8
76 77 8
77 63 8
63 49 8
49 50 8
50 22 8
22 18 8
F9
256
56 55 9
55 54 9
54 68 9
68 82 9
82 81 9
81 67 9
F10
512
23 20 10
20 17 10
17 14 10
14 11 10
11 12 10
12 16 10
F11
512
88 83 11
83 69 11
69 55 11
55 54 11
54 53 11
F12
512
23 20 12
20 17 12
17 14 12
14 11 12
11 12 12
12 16 12
F13
512
71 56 13
56 38 13
38 40 13
40 36 13
36 32 13
32 34 13
34 31 13
31 28 13
F14
512
69 68 14
68 82 14
82 81 14
81 80 14
F15
512
41 40 15
40 36 15
36 37 15
37 73 15
F16
512
42 41 16
41 40 16
40 36 16
36 37 16
37 73 16
73 98 16
98 100 16
F17
512
70 69 17
69 68 17
68 82 17
82 81 17
F18
512
17 18 18
18 49 18
49 63 18
63 77 18
F19
512
93 78 19
78 64 19
64 63 19
63 49 19
49 18 19
18 16 19
16 12 19
F20
512
85 84 20
84 83 20
83 82 20
82 81 20
81 80 20
80 91 20
F21
512
41 40 21
40 36 21
36 37 21
37 73 21
F22
512
4 9 22
9 8 22
8 11 22
11 12 22
12 47 22
47 46 22
F23
512
9 8 23
8 11 23
11 14 23
14 15 23
F24
512
9 8 24
8 11 24
11 14 24
14 15 24
F25
512
52 51 25
51 50 25
50 49 25
49 63 25
63 64 25
64 65 25
F26
1024
41 40 26
40 36 26
36 37 26
37 73 26
F27
1024
2 15 27
15 14 27
14 11 27
11 12 27
12 47 27
47 61 27
61 75 27
F28
1024
2 15 28
15 14 28
14 11 28
11 12 28
12 47 28
47 61 28
61 75 28
F29
1024
69 68 29
68 82 29
82 81 29
81 80 29
F30
1024
42 41 30
41 40 30
40 36 30
36 37 30
37 73 30
73 98 30
98 100 30
F31
1024
50 64 31
64 63 31
63 77 31
77 76 31
F32
1024
9 8 32
8 11 32
11 14 32
14 15 32
F33
1024
93 78 33
78 64 33
64 63 33
63 49 33
49 18 33
18 16 33
16 12 33
F34
1024
85 84 34
84 83 34
83 82 34
82 81 34
81 80 34
80 91 34
F35
1024
3 6 35
6 9 35
9 13 35
13 11 35
11 14 35
14 16 35
16 48 35
48 62 35
F36
1024
70 69 36
69 68 36
68 82 36
82 81 36
F37
1024
85 84 37
84 83 37
83 82 37
82 81 37
81 80 37
80 91 37
F38
1024
58 19 38
19 15 38
15 13 38
13 11 38
11 8 38
8 10 38
10 7 38
F39
1024
97 76 39
76 77 39
77 63 39
63 49 39
49 48 39
48 16 39
16 14 39
F40
1024
23 20 40
20 17 40
17 14 40
14 11 40
11 12 40
12 16 40
