F1
256
41 40 1
40 36 1
36 37 1
37 73 1
F2
256
93 78 2
78 64 2
64 63 2
63 49 2
49 18 2
18 16 2
16 12 2
F3
256
83 82 3
82 68 3
68 54 3
54 34 3
F4
256
59 39 4
39 40 4
40 36 4
36 37 4
37 33 4
33 98 4
F5
256
44 19 5
19 15 5
15 14 5
14 11 5
11 12 5
12 47 5
47 48 5
48 49 5
F6
256
70 69 6
69 68 6
68 82 6
82 81 6
F7
256
17 18 7
18 49 7
49 63 7
63 77 7
F8
256
1 13 8
13 11 8
11 12 8
12 47 8
47 61 8
61 60 8
F9
256
44 19 9
19 15 9
15 14 9
14 11 9
11 12 9
12 47 9
47 48 9
48 49 9
F10
256
51 50 10
50 49 10
49 63 10
63 64 10
F11
256
3 6 11
6 9 11
9 13 11
13 11 11
11 14 11
14 16 11
16 48 11
48 62 11
F12
512
51 50 12
50 49 12
49 63 12
63 64 12
F13
512
59 39 13
39 40 13
40 36 13
36 37 13
37 33 13
33 98 13
F14
512
44 19 14
19 15 14
15 14 14
14 11 14
11 12 14
12 47 14
47 48 14
48 49 14
F15
512
57 56 15
56 55 15
55 35 15
35 36 15
36 32 15
32 29 15
29 30 15
F16
512
97 76 16
76 77 16
77 63 16
63 49 16
49 48 16
48 16 16
16 14 16
F17
512
96 95 17
95 76 17
75 77 17
77 63 17
63 49 17
49 18 17
18 17 17
17 20 17
F18
512
51 50 18
50 49 18
49 63 18
63 64 18
F19
512
59 39 19
39 40 19
40 36 19
36 37 19
37 33 19
33 98 19
F20
512
22 50 20
50 49 20
49 63 20
63 62 20
62 61 20
F21
512
54 68 21
68 82 21
82 81 21
81 80 21
80 79 21
F22
512
72 20 22
20 17 22
17 14 22
14 11 22
11 8 22
8 9 22
9 6 22
F23
1024
83 82 23
82 68 23
68 54 23
54 34 23
F24
1024
27 29 24
29 32 24
32 36 24
36 35 24
35 55 24
F25
1024
69 68 25
68 82 25
82 81 25
81 80 25
F26
1024
58 19 26
19 15 26
15 13 26
13 11 26
11 8 26
8 10 26
10 7 26
F27
1024
3 6 27
6 9 27
9 13 27
13 11 27
11 14 27
14 16 27
16 48 27
48 62 27
F28
1024
52 51 28
51 50 28
50 49 28
49 63 28
63 64 28
64 65 28
F29
1024
44 19 29
19 15 29
15 14 29
14 11 29
11 12 29
12 47 29
47 48 29
48 49 29
F30
1024
52 51 30
51 50 30
50 49 30
49 63 30
63 64 30
64 65 30
F31
1024
3 6 31
6 9 31
9 13 31
13 11 31
11 14 31
14 16 31
16 48 31
48 62 31
F32
1024
1 13 32
13 11 32
11 12 32
12 47 32
47 61 32
61 60 32
F33
1024
70 69 33
69 68 33
68 82 33
82 81 33
F34
1024
88 83 34
83 69 34
69 55 34
55 54 34
54 53 34
F35
1024
69 68 35
68 82 35
82 81 35
81 80 35
F36
1024
9 8 36
8 11 36
11 14 36
14 15 36
F37
1024
88 83 37
83 69 37
69 55 37
55 54 37
54 53 37
F38
1024
58 19 38
19 15 38
15 13 38
13 11 38
11 8 38
8 10 38
10 7 38
F39
1024
69 68 39
68 82 39
82 81 39
81 80 39
F40
1024
57 56 40
56 55 40
55 35 40
35 36 40
36 32 40
32 29 40
29 30 40
