F1
256
87 84 1
84 83 1
83 82 1
82 89 1
F2
256
84 83 2
83 82 2
82 81 2
81 90 2
F3
256
21 19 3
19 17 3
17 14 3
14 11 3
11 8 3
8 5 3
F4
256
96 95 4
95 76 4
75 77 4
77 63 4
63 49 4
49 18 4
18 17 4
17 20 4
F5
256
85 84 5
84 83 5
83 82 5
82 81 5
81 80 5
80 91 5
F6
256
93 78 6
78 64 6
64 63 6
63 49 6
49 18 6
18 16 6
16 12 6
F7
256
57 56 7
56 55 7
55 35 7
35 36 7
36 32 7
32 29 7
29 30 7
F8
256
85 84 8
84 83 8
83 82 8
82 81 8
81 80 8
80 91 8
F9
256
83 82 9
82 68 9
68 54 9
54 34 9
F10
256
19 15 10
15 13 10
13 11 10
11 12 10
12 10 10
F11
256
45 42 11
42 39 11
39 40 11
40 36 11
36 37 11
37 33 11
33 98 11
F12
256
93 78 12
78 64 12
64 63 12
63 49 12
49 18 12
18 16 12
16 12 12
F13
256
87 84 13
84 83 13
83 82 13
82 89 13
F14
256
17 18 14
18 49 14
49 63 14
63 77 14
F15
256
71 56 15
56 38 15
38 40 15
40 36 15
36 32 15
32 34 15
34 31 15
31 28 15
F16
256
52 51 16
51 50 16
50 49 16
49 63 16
63 64 16
64 65 16
F17
512
54 68 17
68 82 17
82 81 17
81 80 17
80 79 17
F18
512
71 56 18
56 38 18
38 40 18
40 36 18
36 32 18
32 34 18
34 31 18
31 28 18
F19
512
54 68 19
68 82 19
82 81 19
81 80 19
80 79 19
F20
512
3 6 20
6 9 20
9 13 20
13 11 20
11 14 20
14 16 20
16 48 20
48 62 20
F21
512
9 8 21
8 11 21
11 14 21
14 15 21
F22
512
85 84 22
84 83 22
83 82 22
82 81 22
81 80 22
80 91 22
F23
512
57 56 23
56 55 23
55 35 23
35 36 23
36 32 23
32 29 23
29 30 23
F24
512
54 68 24
68 82 24
82 81 24
81 80 24
80 79 24
F25
1024
9 8 25
8 11 25
11 14 25
14 15 25
F26
1024
43 38 26
38 40 26
40 36 26
36 32 26
32 29 26
29 27 26
27 26 26
F27
1024
88 83 27
83 69 27
69 55 27
55 54 27
54 53 27
F28
1024
74 75 28
75 76 28
76 77 28
77 63 28
63 64 28
64 78 28
78 77 28
77 94 28
F29
1024
66 80 29
80 81 29
81 82 29
82 68 29
F30
1024
69 68 30
68 82 30
82 81 30
81 80 30
F31
1024
56 55 31
55 54 31
54 68 31
68 82 31
82 81 31
81 67 31
F32
1024
42 41 32
41 40 32
40 36 32
36 37 32
37 73 32
73 98 32
98 100 32
F33
1024
2 15 33
15 14 33
14 11 33
11 12 33
12 47 33
47 61 33
61 75 33
F34
1024
97 76 34
76 77 34
77 63 34
63 49 34
49 48 34
48 16 34
16 14 34
F35
1024
45 42 35
42 39 35
39 40 35
40 36 35
36 37 35
37 33 35
33 98 35
F36
1024
52 51 36
51 50 36
50 49 36
49 63 36
63 64 36
64 65 36
F37
1024
83 82 37
82 68 37
68 54 37
54 34 37
F38
1024
56 55 38
55 54 38
54 68 38
68 82 38
82 81 38
81 67 38
F39
1024
87 84 39
84 83 39
83 82 39
82 89 39
F40
1024
86 87 40
87 88 40
88 83 40
83 82 40
82 81 40
81 80 40
80 79 40
79 92 40
