F1
256
54 68 1
68 82 1
82 81 1
81 80 1
80 79 1
F2
256
84 83 2
83 82 2
82 81 2
81 90 2
F3
256
1 13 3
13 11 3
11 12 3
12 47 3
47 61 3
61 60 3
F4
256
1 13 4
13 11 4
11 12 4
12 47 4
47 61 4
61 60 4
F5
256
23 20 5
20 17 5
17 14 5
14 11 5
11 12 5
12 16 5
F6
256
54 68 6
68 82 6
82 81 6
81 80 6
80 79 6
F7
256
58 19 7
19 15 7
15 13 7
13 11 7
11 8 7
8 10 7
10 7 7
F8
256
27 29 8
29 32 8
32 36 8
36 35 8
35 55 8
F9
256
22 50 9
50 49 9
49 63 9
63 62 9
62 61 9
F10
256
71 56 10
56 38 10
38 40 10
40 36 10
36 32 10
32 34 10
34 31 10
31 28 10
F11
256
2 15 11
15 14 11
14 11 11
11 12 11
12 47 11
47 61 11
61 75 11
F12
256
59 39 12
39 40 12
40 36 12
36 37 12
37 33 12
33 98 12
F13
256
95 76 13
76 77 13
77 63 13
63 49 13
49 50 13
50 22 13
22 18 13
F14
256
54 68 14
68 82 14
82 81 14
81 80 14
80 79 14
F15
256
43 38 15
38 40 15
40 36 15
36 32 15
32 29 15
29 27 15
27 26 15
F16
256
66 80 16
80 81 16
81 82 16
82 68 16
F17
512
84 83 17
83 82 17
82 81 17
81 90 17
F18
512
45 42 18
42 39 18
39 40 18
40 36 18
36 37 18
37 33 18
33 98 18
F19
512
86 87 19
87 88 19
88 83 19
83 82 19
82 81 19
81 80 19
80 79 19
79 92 19
F20
512
17 18 20
18 49 20
49 63 20
63 77 20
F21
512
22 50 21
50 49 21
49 63 21
63 62 21
62 61 21
F22
512
50 64 22
64 63 22
63 77 22
77 76 22
F23
512
45 42 23
42 39 23
39 40 23
40 36 23
36 37 23
37 33 23
33 98 23
F24
512
41 40 24
40 36 24
36 37 24
37 73 24
F25
512
95 76 25
76 77 25
77 63 25
63 49 25
49 50 25
50 22 25
22 18 25
F26
512
50 64 26
64 63 26
63 77 26
77 76 26
F27
512
3 6 27
6 9 27
9 13 27
13 11 27
11 14 27
14 16 27
16 48 27
48 62 27
F28
512
88 83 28
83 69 28
69 55 28
55 54 28
54 53 28
F29
512
88 83 29
83 69 29
69 55 29
55 54 29
54 53 29
F30
1024
1 13 30
13 11 30
11 12 30
12 47 30
47 61 30
61 60 30
F31
1024
44 19 31
19 15 31
15 14 31
14 11 31
11 12 31
12 47 31
47 48 31
48 49 31
F32
1024
97 76 32
76 77 32
77 63 32
63 49 32
49 48 32
48 16 32
16 14 32
F33
1024
93 78 33
78 64 33
64 63 33
63 49 33
49 18 33
18 16 33
16 12 33
F34
1024
51 50 34
50 49 34
49 63 34
63 64 34
F35
1024
44 19 35
19 15 35
15 14 35
14 11 35
11 12 35
12 47 35
47 48 35
48 49 35
F36
1024
4 9 36
9 8 36
8 11 36
11 12 36
12 47 36
47 46 36
F37
1024
54 68 37
68 82 37
82 81 37
81 80 37
80 79 37
F38
1024
72 20 38
20 17 38
17 14 38
14 11 38
11 8 38
8 9 38
9 6 38
F39
1024
43 38 39
38 40 39
40 36 39
36 32 39
32 29 39
29 27 39
27 26 39
F40
1024
2 15 40
15 14 40
14 11 40
11 12 40
12 47 40
47 61 40
61 75 40
