F1
256
51 50 1
50 49 1
49 63 1
63 64 1
F2
256
84 83 2
83 82 2
82 81 2
81 90 2
F3
256
1 13 3
13 11 3
11 12 3
12 47 3
47 61 3
61 60 3
F4
256
69 68 4
68 82 4
82 81 4
81 80 4
F5
256
2 15 5
15 14 5
14 11 5
11 12 5
12 47 5
47 61 5
61 75 5
F6
256
58 19 6
19 15 6
15 13 6
13 11 6
11 8 6
8 10 6
10 7 6
F7
256
95 76 7
76 77 7
77 63 7
63 49 7
49 50 7
50 22 7
22 18 7
F8
256
4 9 8
9 8 8
8 11 8
11 12 8
12 47 8
47 46 8
F9
256
59 39 9
39 40 9
40 36 9
36 37 9
37 33 9
33 98 9
F10
256
93 78 10
78 64 10
64 63 10
63 49 10
49 18 10
18 16 10
16 12 10
F11
256
88 83 11
83 69 11
69 55 11
55 54 11
54 53 11
F12
256
1 13 12
13 11 12
11 12 12
12 47 12
47 61 12
61 60 12
F13
256
93 78 13
78 64 13
64 63 13
63 49 13
49 18 13
18 16 13
16 12 13
F14
256
71 56 14
56 38 14
38 40 14
40 36 14
36 32 14
32 34 14
34 31 14
31 28 14
F15
256
71 56 15
56 38 15
38 40 15
40 36 15
36 32 15
32 34 15
34 31 15
31 28 15
F16
256
88 83 16
83 69 16
69 55 16
55 54 16
54 53 16
F17
512
95 76 17
76 77 17
77 63 17
63 49 17
49 50 17
50 22 17
22 18 17
F18
512
27 29 18
29 32 18
32 36 18
36 35 18
35 55 18
F19
512
86 87 19
87 88 19
88 83 19
83 82 19
82 81 19
81 80 19
80 79 19
79 92 19
F20
512
27 29 20
29 32 20
32 36 20
36 35 20
35 55 20
F21
512
27 29 21
29 32 21
32 36 21
36 35 21
35 55 21
F22
512
44 19 22
19 15 22
15 14 22
14 11 22
11 12 22
12 47 22
47 48 22
48 49 22
F23
512
93 78 23
78 64 23
64 63 23
63 49 23
49 18 23
18 16 23
16 12 23
F24
512
4 9 24
9 8 24
8 11 24
11 12 24
12 47 24
47 46 24
F25
512
86 87 25
87 88 25
88 83 25
83 82 25
82 81 25
81 80 25
80 79 25
79 92 25
F26
512
74 75 26
75 76 26
76 77 26
77 63 26
63 64 26
64 78 26
78 77 26
77 94 26
F27
512
21 19 27
19 17 27
17 14 27
14 11 27
11 8 27
8 5 27
F28
512
50 64 28
64 63 28
63 77 28
77 76 28
F29
1024
45 42 29
42 39 29
39 40 29
40 36 29
36 37 29
37 33 29
33 98 29
F30
1024
43 38 30
38 40 30
40 36 30
36 32 30
32 29 30
29 27 30
27 26 30
F31
1024
54 68 31
68 82 31
82 81 31
81 80 31
80 79 31
F32
1024
84 83 32
83 82 32
82 81 32
81 90 32
F33
1024
50 64 33
64 63 33
63 77 33
77 76 33
F34
1024
69 68 34
68 82 34
82 81 34
81 80 34
F35
1024
72 20 35
20 17 35
17 14 35
14 11 35
11 8 35
8 9 35
9 6 35
F36
1024
74 75 36
75 76 36
76 77 36
77 63 36
63 64 36
64 78 36
78 77 36
77 94 36
F37
1024
93 78 37
78 64 37
64 63 37
63 49 37
49 18 37
18 16 37
16 12 37
F38
1024
70 69 38
69 68 38
68 82 38
82 81 38
F39
1024
85 84 39
84 83 39
83 82 39
82 81 39
81 80 39
80 91 39
F40
1024
83 82 40
82 68 40
68 54 40
54 34 40
