F1
256
86 87 1
87 88 1
88 83 1
83 82 1
82 81 1
81 80 1
80 79 1
79 92 1
F2
256
22 50 2
50 49 2
49 63 2
63 62 2
62 61 2
F3
256
87 84 3
84 83 3
83 82 3
82 89 3
F4
256
43 38 4
38 40 4
40 36 4
36 32 4
32 29 4
29 27 4
27 26 4
F5
256
97 76 5
76 77 5
77 63 5
63 49 5
49 48 5
48 16 5
16 14 5
F6
256
87 84 6
84 83 6
83 82 6
82 89 6
F7
256
23 20 7
20 17 7
17 14 7
14 11 7
11 12 7
12 16 7
F8
256
43 38 8
38 40 8
40 36 8
36 32 8
32 29 8
29 27 8
27 26 8
F9
256
27 29 9
29 32 9
32 36 9
36 35 9
35 55 9
F10
256
93 78 10
78 64 10
64 63 10
63 49 10
49 18 10
18 16 10
16 12 10
F11
512
86 87 11
87 88 11
88 83 11
83 82 11
82 81 11
81 80 11
80 79 11
79 92 11
F12
512
2 15 12
15 14 12
14 11 12
11 12 12
12 47 12
47 61 12
61 75 12
F13
512
56 55 13
55 54 13
54 68 13
68 82 13
82 81 13
81 67 13
F14
512
50 64 14
64 63 14
63 77 14
77 76 14
F15
512
27 29 15
29 32 15
32 36 15
36 35 15
35 55 15
F16
512
93 78 16
78 64 16
64 63 16
63 49 16
49 18 16
18 16 16
16 12 16
F17
512
52 51 17
51 50 17
50 49 17
49 63 17
63 64 17
64 65 17
F18
512
4 9 18
9 8 18
8 11 18
11 12 18
12 47 18
47 46 18
F19
512
95 76 19
76 77 19
77 63 19
63 49 19
49 50 19
50 22 19
22 18 19
F20
512
17 18 20
18 49 20
49 63 20
63 77 20
F21
512
3 6 21
6 9 21
9 13 21
13 11 21
11 14 21
14 16 21
16 48 21
48 62 21
F22
512
54 68 22
68 82 22
82 81 22
81 80 22
80 79 22
F23
512
41 40 23
40 36 23
36 37 23
37 73 23
F24
512
83 82 24
82 68 24
68 54 24
54 34 24
F25
512
87 84 25
84 83 25
83 82 25
82 89 25
F26
512
88 83 26
83 69 26
69 55 26
55 54 26
54 53 26
F27
1024
57 56 27
56 55 27
55 35 27
35 36 27
36 32 27
32 29 27
29 30 27
F28
1024
2 15 28
15 14 28
14 11 28
11 12 28
12 47 28
47 61 28
61 75 28
F29
1024
27 29 29
29 32 29
32 36 29
36 35 29
35 55 29
F30
1024
43 38 30
38 40 30
40 36 30
36 32 30
32 29 30
29 27 30
27 26 30
F31
1024
97 76 31
76 77 31
77 63 31
63 49 31
49 48 31
48 16 31
16 14 31
F32
1024
17 18 32
18 49 32
49 63 32
63 77 32
F33
1024
44 19 33
19 15 33
15 14 33
14 11 33
11 12 33
12 47 33
47 48 33
48 49 33
F34
1024
66 80 34
80 81 34
81 82 34
82 68 34
F35
1024
87 84 35
84 83 35
83 82 35
82 89 35
F36
1024
27 29 36
29 32 36
32 36 36
36 35 36
35 55 36
F37
1024
42 41 37
41 40 37
40 36 37
36 37 37
37 73 37
73 98 37
98 100 37
F38
1024
83 82 38
82 68 38
68 54 38
54 34 38
F39
1024
69 68 39
68 82 39
82 81 39
81 80 39
F40
1024
74 75 40
75 76 40
76 77 40
77 63 40
63 64 40
64 78 40
78 77 40
77 94 40
