F1
256
19 15 1
15 13 1
13 11 1
11 12 1
12 10 1
F2
256
50 64 2
64 63 2
63 77 2
77 76 2
F3
256
88 83 3
83 69 3
69 55 3
55 54 3
54 53 3
F4
256
57 56 4
56 55 4
55 35 4
35 36 4
36 32 4
32 29 4
29 30 4
F5
256
72 20 5
20 17 5
17 14 5
14 11 5
11 8 5
8 9 5
9 6 5
F6
256
41 40 6
40 36 6
36 37 6
37 73 6
F7
256
45 42 7
42 39 7
39 40 7
40 36 7
36 37 7
37 33 7
33 98 7
F8
256
83 82 8
82 68 8
68 54 8
54 34 8
F9
256
21 19 9
19 17 9
17 14 9
14 11 9
11 8 9
8 5 9
F10
256
95 76 10
76 77 10
77 63 10
63 49 10
49 50 10
50 22 10
22 18 10
F11
256
51 50 11
50 49 11
49 63 11
63 64 11
F12
256
50 64 12
64 63 12
63 77 12
77 76 12
F13
512
42 41 13
41 40 13
40 36 13
36 37 13
37 73 13
73 98 13
98 100 13
F14
512
19 15 14
15 13 14
13 11 14
11 12 14
12 10 14
F15
512
69 68 15
68 82 15
82 81 15
81 80 15
F16
512
42 41 16
41 40 16
40 36 16
36 37 16
37 73 16
73 98 16
98 100 16
F17
512
57 56 17
56 55 17
55 35 17
35 36 17
36 32 17
32 29 17
29 30 17
F18
512
19 15 18
15 13 18
13 11 18
11 12 18
12 10 18
F19
512
88 83 19
83 69 19
69 55 19
55 54 19
54 53 19
F20
512
66 80 20
80 81 20
81 82 20
82 68 20
F21
512
19 15 21
15 13 21
13 11 21
11 12 21
12 10 21
F22
512
23 20 22
20 17 22
17 14 22
14 11 22
11 12 22
12 16 22
F23
512
69 68 23
68 82 23
82 81 23
81 80 23
F24
512
42 41 24
41 40 24
40 36 24
36 37 24
37 73 24
73 98 24
98 100 24
F25
512
41 40 25
40 36 25
36 37 25
37 73 25
F26
512
88 83 26
83 69 26
69 55 26
55 54 26
54 53 26
F27
512
57 56 27
56 55 27
55 35 27
35 36 27
36 32 27
32 29 27
29 30 27
F28
512
71 56 28
56 38 28
38 40 28
40 36 28
36 32 28
32 34 28
34 31 28
31 28 28
F29
512
74 75 29
75 76 29
76 77 29
77 63 29
63 64 29
64 78 29
78 77 29
77 94 29
F30
512
83 82 30
82 68 30
68 54 30
54 34 30
F31
512
23 20 31
20 17 31
17 14 31
14 11 31
11 12 31
12 16 31
F32
1024
17 18 32
18 49 32
49 63 32
63 77 32
F33
1024
71 56 33
56 38 33
38 40 33
40 36 33
36 32 33
32 34 33
34 31 33
31 28 33
F34
1024
97 76 34
76 77 34
77 63 34
63 49 34
49 48 34
48 16 34
16 14 34
F35
1024
52 51 35
51 50 35
50 49 35
49 63 35
63 64 35
64 65 35
F36
1024
1 13 36
13 11 36
11 12 36
12 47 36
47 61 36
61 60 36
F37
1024
21 19 37
19 17 37
17 14 37
14 11 37
11 8 37
8 5 37
F38
1024
83 82 38
82 68 38
68 54 38
54 34 38
F39
1024
85 84 39
84 83 39
83 82 39
82 81 39
81 80 39
80 91 39
F40
1024
88 83 40
83 69 40
69 55 40
55 54 40
54 53 40
