F1
256
57 56 1
56 55 1
55 35 1
35 36 1
36 32 1
32 29 1
29 30 1
F2
256
96 95 2
95 76 2
75 77 2
77 63 2
63 49 2
49 18 2
18 17 2
17 20 2
F3
256
97 76 3
76 77 3
77 63 3
63 49 3
49 48 3
48 16 3
16 14 3
F4
256
87 84 4
84 83 4
83 82 4
82 89 4
F5
256
69 68 5
68 82 5
82 81 5
81 80 5
F6
256
21 19 6
19 17 6
17 14 6
14 11 6
11 8 6
8 5 6
F7
512
45 42 7
42 39 7
39 40 7
40 36 7
36 37 7
37 33 7
33 98 7
F8
512
87 84 8
84 83 8
83 82 8
82 89 8
F9
512
96 95 9
95 76 9
75 77 9
77 63 9
63 49 9
49 18 9
18 17 9
17 20 9
F10
512
84 83 10
83 82 10
82 81 10
81 90 10
F11
512
97 76 11
76 77 11
77 63 11
63 49 11
49 48 11
48 16 11
16 14 11
F12
512
84 83 12
83 82 12
82 81 12
81 90 12
F13
512
95 76 13
76 77 13
77 63 13
63 49 13
49 50 13
50 22 13
22 18 13
F14
512
86 87 14
87 88 14
88 83 14
83 82 14
82 81 14
81 80 14
80 79 14
79 92 14
F15
512
57 56 15
56 55 15
55 35 15
35 36 15
36 32 15
32 29 15
29 30 15
F16
512
56 55 16
55 54 16
54 68 16
68 82 16
82 81 16
81 67 16
F17
512
9 8 17
8 11 17
11 14 17
14 15 17
F18
512
83 82 18
82 68 18
68 54 18
54 34 18
F19
512
59 39 19
39 40 19
40 36 19
36 37 19
37 33 19
33 98 19
F20
512
43 38 20
38 40 20
40 36 20
36 32 20
32 29 20
29 27 20
27 26 20
F21
512
88 83 21
83 69 21
69 55 21
55 54 21
54 53 21
F22
512
70 69 22
69 68 22
68 82 22
82 81 22
F23
512
71 56 23
56 38 23
38 40 23
40 36 23
36 32 23
32 34 23
34 31 23
31 28 23
F24
1024
93 78 24
78 64 24
64 63 24
63 49 24
49 18 24
18 16 24
16 12 24
F25
1024
87 84 25
84 83 25
83 82 25
82 89 25
F26
1024
69 68 26
68 82 26
82 81 26
81 80 26
F27
1024
56 55 27
55 54 27
54 68 27
68 82 27
82 81 27
81 67 27
F28
1024
74 75 28
75 76 28
76 77 28
77 63 28
63 64 28
64 78 28
78 77 28
77 94 28
F29
1024
54 68 29
68 82 29
82 81 29
81 80 29
80 79 29
F30
1024
87 84 30
84 83 30
83 82 30
82 89 30
F31
1024
95 76 31
76 77 31
77 63 31
63 49 31
49 50 31
50 22 31
22 18 31
F32
1024
51 50 32
50 49 32
49 63 32
63 64 32
F33
1024
58 19 33
19 15 33
15 13 33
13 11 33
11 8 33
8 10 33
10 7 33
F34
1024
87 84 34
84 83 34
83 82 34
82 89 34
F35
1024
97 76 35
76 77 35
77 63 35
63 49 35
49 48 35
48 16 35
16 14 35
F36
1024
70 69 36
69 68 36
68 82 36
82 81 36
F37
1024
85 84 37
84 83 37
83 82 37
82 81 37
81 80 37
80 91 37
F38
1024
84 83 38
83 82 38
82 81 38
81 90 38
F39
1024
3 6 39
6 9 39
9 13 39
13 11 39
11 14 39
14 16 39
16 48 39
48 62 39
F40
1024
19 15 40
15 13 40
13 11 40
11 12 40
12 10 40
