F1
256
56 55 1
55 54 1
54 68 1
68 82 1
82 81 1
81 67 1
F2
256
51 50 2
50 49 2
49 63 2
63 64 2
F3
256
56 55 3
55 54 3
54 68 3
68 82 3
82 81 3
81 67 3
F4
256
84 83 4
83 82 4
82 81 4
81 90 4
F5
256
96 95 5
95 76 5
75 77 5
77 63 5
63 49 5
49 18 5
18 17 5
17 20 5
F6
256
2 15 6
15 14 6
14 11 6
11 12 6
12 47 6
47 61 6
61 75 6
F7
256
96 95 7
95 76 7
75 77 7
77 63 7
63 49 7
49 18 7
18 17 7
17 20 7
F8
256
88 83 8
83 69 8
69 55 8
55 54 8
54 53 8
F9
256
83 82 9
82 68 9
68 54 9
54 34 9
F10
256
54 68 10
68 82 10
82 81 10
81 80 10
80 79 10
F11
256
51 50 11
50 49 11
49 63 11
63 64 11
F12
256
17 18 12
18 49 12
49 63 12
63 77 12
F13
256
72 20 13
20 17 13
17 14 13
14 11 13
11 8 13
8 9 13
9 6 13
F14
256
1 13 14
13 11 14
11 12 14
12 47 14
47 61 14
61 60 14
F15
512
57 56 15
56 55 15
55 35 15
35 36 15
36 32 15
32 29 15
29 30 15
F16
512
74 75 16
75 76 16
76 77 16
77 63 16
63 64 16
64 78 16
78 77 16
77 94 16
F17
512
59 39 17
39 40 17
40 36 17
36 37 17
37 33 17
33 98 17
F18
512
50 64 18
64 63 18
63 77 18
77 76 18
F19
512
45 42 19
42 39 19
39 40 19
40 36 19
36 37 19
37 33 19
33 98 19
F20
512
74 75 20
75 76 20
76 77 20
77 63 20
63 64 20
64 78 20
78 77 20
77 94 20
F21
512
57 56 21
56 55 21
55 35 21
35 36 21
36 32 21
32 29 21
29 30 21
F22
512
97 76 22
76 77 22
77 63 22
63 49 22
49 48 22
48 16 22
16 14 22
F23
1024
41 40 23
40 36 23
36 37 23
37 73 23
F24
1024
88 83 24
83 69 24
69 55 24
55 54 24
54 53 24
F25
1024
44 19 25
19 15 25
15 14 25
14 11 25
11 12 25
12 47 25
47 48 25
48 49 25
F26
1024
22 50 26
50 49 26
49 63 26
63 62 26
62 61 26
F27
1024
56 55 27
55 54 27
54 68 27
68 82 27
82 81 27
81 67 27
F28
1024
71 56 28
56 38 28
38 40 28
40 36 28
36 32 28
32 34 28
34 31 28
31 28 28
F29
1024
56 55 29
55 54 29
54 68 29
68 82 29
82 81 29
81 67 29
F30
1024
97 76 30
76 77 30
77 63 30
63 49 30
49 48 30
48 16 30
16 14 30
F31
1024
85 84 31
84 83 31
83 82 31
82 81 31
81 80 31
80 91 31
F32
1024
52 51 32
51 50 32
50 49 32
49 63 32
63 64 32
64 65 32
F33
1024
70 69 33
69 68 33
68 82 33
82 81 33
F34
1024
41 40 34
40 36 34
36 37 34
37 73 34
F35
1024
87 84 35
84 83 35
83 82 35
82 89 35
F36
1024
9 8 36
8 11 36
11 14 36
14 15 36
F37
1024
96 95 37
95 76 37
75 77 37
77 63 37
63 49 37
49 18 37
18 17 37
17 20 37
F38
1024
4 9 38
9 8 38
8 11 38
11 12 38
12 47 38
47 46 38
F39
1024
44 19 39
19 15 39
15 14 39
14 11 39
11 12 39
12 47 39
47 48 39
48 49 39
F40
1024
72 20 40
20 17 40
17 14 40
14 11 40
11 8 40
8 9 40
9 6 40
