F1
256
45 42 1
42 39 1
39 40 1
40 36 1
36 37 1
37 33 1
33 98 1
F2
256
97 76 2
76 77 2
77 63 2
63 49 2
49 48 2
48 16 2
16 14 2
F3
256
19 15 3
15 13 3
13 11 3
11 12 3
12 10 3
F4
256
86 87 4
87 88 4
88 83 4
83 82 4
82 81 4
81 80 4
80 79 4
79 92 4
F5
256
93 78 5
78 64 5
64 63 5
63 49 5
49 18 5
18 16 5
16 12 5
F6
256
45 42 6
42 39 6
39 40 6
40 36 6
36 37 6
37 33 6
33 98 6
F7
256
51 50 7
50 49 7
49 63 7
63 64 7
F8
256
54 68 8
68 82 8
82 81 8
81 80 8
80 79 8
F9
256
50 64 9
64 63 9
63 77 9
77 76 9
F10
256
43 38 10
38 40 10
40 36 10
36 32 10
32 29 10
29 27 10
27 26 10
F11
256
93 78 11
78 64 11
64 63 11
63 49 11
49 18 11
18 16 11
16 12 11
F12
256
96 95 12
95 76 12
75 77 12
77 63 12
63 49 12
49 18 12
18 17 12
17 20 12
F13
256
72 20 13
20 17 13
17 14 13
14 11 13
11 8 13
8 9 13
9 6 13
F14
256
4 9 14
9 8 14
8 11 14
11 12 14
12 47 14
47 46 14
F15
256
22 50 15
50 49 15
49 63 15
63 62 15
62 61 15
F16
512
87 84 16
84 83 16
83 82 16
82 89 16
F17
512
21 19 17
19 17 17
17 14 17
14 11 17
11 8 17
8 5 17
F18
512
86 87 18
87 88 18
88 83 18
83 82 18
82 81 18
81 80 18
80 79 18
79 92 18
F19
512
21 19 19
19 17 19
17 14 19
14 11 19
11 8 19
8 5 19
F20
512
3 6 20
6 9 20
9 13 20
13 11 20
11 14 20
14 16 20
16 48 20
48 62 20
F21
512
43 38 21
38 40 21
40 36 21
36 32 21
32 29 21
29 27 21
27 26 21
F22
512
96 95 22
95 76 22
75 77 22
77 63 22
63 49 22
49 18 22
18 17 22
17 20 22
F23
512
58 19 23
19 15 23
15 13 23
13 11 23
11 8 23
8 10 23
10 7 23
F24
512
42 41 24
41 40 24
40 36 24
36 37 24
37 73 24
73 98 24
98 100 24
F25
512
51 50 25
50 49 25
49 63 25
63 64 25
F26
512
2 15 26
15 14 26
14 11 26
11 12 26
12 47 26
47 61 26
61 75 26
F27
512
22 50 27
50 49 27
49 63 27
63 62 27
62 61 27
F28
1024
71 56 28
56 38 28
38 40 28
40 36 28
36 32 28
32 34 28
34 31 28
31 28 28
F29
1024
22 50 29
50 49 29
49 63 29
63 62 29
62 61 29
F30
1024
95 76 30
76 77 30
77 63 30
63 49 30
49 50 30
50 22 30
22 18 30
F31
1024
17 18 31
18 49 31
49 63 31
63 77 31
F32
1024
96 95 32
95 76 32
75 77 32
77 63 32
63 49 32
49 18 32
18 17 32
17 20 32
F33
1024
3 6 33
6 9 33
9 13 33
13 11 33
11 14 33
14 16 33
16 48 33
48 62 33
F34
1024
50 64 34
64 63 34
63 77 34
77 76 34
F35
1024
4 9 35
9 8 35
8 11 35
11 12 35
12 47 35
47 46 35
F36
1024
1 13 36
13 11 36
11 12 36
12 47 36
47 61 36
61 60 36
F37
1024
43 38 37
38 40 37
40 36 37
36 32 37
32 29 37
29 27 37
27 26 37
F38
1024
52 51 38
51 50 38
50 49 38
49 63 38
63 64 38
64 65 38
F39
1024
56 55 39
55 54 39
54 68 39
68 82 39
82 81 39
81 67 39
F40
1024
95 76 40
76 77 40
77 63 40
63 49 40
49 50 40
50 22 40
22 18 40
