F1
256
1 13 1
13 11 1
11 12 1
12 47 1
47 61 1
61 60 1
F2
256
69 68 2
68 82 2
82 81 2
81 80 2
F3
256
21 19 3
19 17 3
17 14 3
14 11 3
11 8 3
8 5 3
F4
256
84 83 4
83 82 4
82 81 4
81 90 4
F5
256
42 41 5
41 40 5
40 36 5
36 37 5
37 73 5
73 98 5
98 100 5
F6
256
70 69 6
69 68 6
68 82 6
82 81 6
F7
256
9 8 7
8 11 7
11 14 7
14 15 7
F8
256
54 68 8
68 82 8
82 81 8
81 80 8
80 79 8
F9
256
66 80 9
80 81 9
81 82 9
82 68 9
F10
256
66 80 10
80 81 10
81 82 10
82 68 10
F11
256
4 9 11
9 8 11
8 11 11
11 12 11
12 47 11
47 46 11
F12
256
93 78 12
78 64 12
64 63 12
63 49 12
49 18 12
18 16 12
16 12 12
F13
256
83 82 13
82 68 13
68 54 13
54 34 13
F14
256
9 8 14
8 11 14
11 14 14
14 15 14
F15
256
19 15 15
15 13 15
13 11 15
11 12 15
12 10 15
F16
512
87 84 16
84 83 16
83 82 16
82 89 16
F17
512
59 39 17
39 40 17
40 36 17
36 37 17
37 33 17
33 98 17
F18
512
54 68 18
68 82 18
82 81 18
81 80 18
80 79 18
F19
512
17 18 19
18 49 19
49 63 19
63 77 19
F20
512
84 83 20
83 82 20
82 81 20
81 90 20
F21
512
70 69 21
69 68 21
68 82 21
82 81 21
F22
1024
71 56 22
56 38 22
38 40 22
40 36 22
36 32 22
32 34 22
34 31 22
31 28 22
F23
1024
45 42 23
42 39 23
39 40 23
40 36 23
36 37 23
37 33 23
33 98 23
F24
1024
58 19 24
19 15 24
15 13 24
13 11 24
11 8 24
8 10 24
10 7 24
F25
1024
21 19 25
19 17 25
17 14 25
14 11 25
11 8 25
8 5 25
F26
1024
52 51 26
51 50 26
50 49 26
49 63 26
63 64 26
64 65 26
F27
1024
27 29 27
29 32 27
32 36 27
36 35 27
35 55 27
F28
1024
95 76 28
76 77 28
77 63 28
63 49 28
49 50 28
50 22 28
22 18 28
F29
1024
58 19 29
19 15 29
15 13 29
13 11 29
11 8 29
8 10 29
10 7 29
F30
1024
22 50 30
50 49 30
49 63 30
63 62 30
62 61 30
F31
1024
41 40 31
40 36 31
36 37 31
37 73 31
F32
1024
27 29 32
29 32 32
32 36 32
36 35 32
35 55 32
F33
1024
4 9 33
9 8 33
8 11 33
11 12 33
12 47 33
47 46 33
F34
1024
85 84 34
84 83 34
83 82 34
82 81 34
81 80 34
80 91 34
F35
1024
22 50 35
50 49 35
49 63 35
63 62 35
62 61 35
F36
1024
56 55 36
55 54 36
54 68 36
68 82 36
82 81 36
81 67 36
F37
1024
21 19 37
19 17 37
17 14 37
14 11 37
11 8 37
8 5 37
F38
1024
93 78 38
78 64 38
64 63 38
63 49 38
49 18 38
18 16 38
16 12 38
F39
1024
54 68 39
68 82 39
82 81 39
81 80 39
80 79 39
F40
1024
71 56 40
56 38 40
38 40 40
40 36 40
36 32 40
32 34 40
34 31 40
31 28 40
