23 20 1
20 17 1
17 14 1
14 11 1
11 12 1
12 16 1
4 9 2
9 8 2
8 11 2
11 12 2
12 47 2
47 46 2
85 84 3
84 83 3
83 82 3
82 81 3
81 80 3
80 91 3
2 15 4
15 14 4
14 11 4
11 12 4
12 47 4
47 61 4
61 75 4
59 39 5
39 40 5
40 36 5
36 37 5
37 33 5
33 98 5
23 20 6
20 17 6
17 14 6
14 11 6
11 12 6
12 16 6
1 13 7
13 11 7
11 12 7
12 47 7
47 61 7
61 60 7
86 87 8
87 88 8
88 83 8
83 82 8
82 81 8
81 80 8
80 79 8
79 92 8
45 42 9
42 39 9
39 40 9
40 36 9
36 37 9
37 33 9
33 98 9
71 56 10
56 38 10
38 40 10
40 36 10
36 32 10
32 34 10
34 31 10
31 28 10
1 13 11
13 11 11
11 12 11
12 47 11
47 61 11
61 60 11
95 76 12
76 77 12
77 63 12
63 49 12
49 50 12
50 22 12
22 18 12
84 83 13
83 82 13
82 81 13
81 90 13
56 55 14
55 54 14
54 68 14
68 82 14
82 81 14
81 67 14
1 13 15
13 11 15
11 12 15
12 47 15
47 61 15
61 60 15
45 42 16
42 39 16
39 40 16
40 36 16
36 37 16
37 33 16
33 98 16
97 76 17
76 77 17
77 63 17
63 49 17
49 48 17
48 16 17
16 14 17
42 41 18
41 40 18
40 36 18
36 37 18
37 73 18
73 98 18
98 100 18
52 51 19
51 50 19
50 49 19
49 63 19
63 64 19
64 65 19
56 55 20
55 54 20
54 68 20
68 82 20
82 81 20
81 67 20
66 80 21
80 81 21
81 82 21
82 68 21
52 51 22
51 50 22
50 49 22
49 63 22
63 64 22
64 65 22
23 20 23
20 17 23
17 14 23
14 11 23
11 12 23
12 16 23
50 64 24
64 63 24
63 77 24
77 76 24
50 64 25
64 63 25
63 77 25
77 76 25
42 41 26
41 40 26
40 36 26
36 37 26
37 73 26
73 98 26
98 100 26
27 29 27
29 32 27
32 36 27
36 35 27
35 55 27
71 56 28
56 38 28
38 40 28
40 36 28
36 32 28
32 34 28
34 31 28
31 28 28
74 75 29
75 76 29
76 77 29
77 63 29
63 64 29
64 78 29
78 77 29
77 94 29
72 20 30
20 17 30
17 14 30
14 11 30
11 8 30
8 9 30
9 6 30
52 51 31
51 50 31
50 49 31
49 63 31
63 64 31
64 65 31
23 20 32
20 17 32
17 14 32
14 11 32
11 12 32
12 16 32
44 19 33
19 15 33
15 14 33
14 11 33
11 12 33
12 47 33
47 48 33
48 49 33
66 80 34
80 81 34
81 82 34
82 68 34
42 41 35
41 40 35
40 36 35
36 37 35
37 73 35
73 98 35
98 100 35
69 68 36
68 82 36
82 81 36
81 80 36
27 29 37
29 32 37
32 36 37
36 35 37
35 55 37
9 8 38
8 11 38
11 14 38
14 15 38
42 41 39
41 40 39
40 36 39
36 37 39
37 73 39
73 98 39
98 100 39
70 69 40
69 68 40
68 82 40
82 81 40
- - -
- - -
- - -
- - -
- - -
- - -
- - -
- - -
- - -
- - -
- - -
- - -
- - -
- - -
23 20 1
20 17 1
17 14 1
14 11 1
11 12 1
12 16 1
4 9 2
9 8 2
8 11 2
11 12 2
12 47 2
47 46 2
85 84 3
84 83 3
83 82 3
82 81 3
81 80 3
80 91 3
2 15 4
15 14 4
14 11 4
11 12 4
12 47 4
47 61 4
61 75 4
59 39 5
39 40 5
40 36 5
36 37 5
37 33 5
33 98 5
23 20 6
20 17 6
17 14 6
14 11 6
11 12 6
12 16 6
1 13 7
13 11 7
11 12 7
12 47 7
47 61 7
61 60 7
86 87 8
87 88 8
88 83 8
83 82 8
82 81 8
81 80 8
80 79 8
79 92 8
45 42 9
42 39 9
39 40 9
40 36 9
36 37 9
37 33 9
33 98 9
71 56 10
56 38 10
38 40 10
40 36 10
36 32 10
32 34 10
34 31 10
31 28 10
1 13 11
13 11 11
11 12 11
12 47 11
47 61 11
61 60 11
95 76 12
76 77 12
77 63 12
63 49 12
49 50 12
50 22 12
22 18 12
84 83 13
83 82 13
82 81 13
81 90 13
56 55 14
55 54 14
54 68 14
68 82 14
82 81 14
81 67 14
1 13 15
13 11 15
11 12 15
12 47 15
47 61 15
61 60 15
45 42 16
42 39 16
39 40 16
40 36 16
36 37 16
37 33 16
33 98 16
97 76 17
76 77 17
77 63 17
63 49 17
49 48 17
48 16 17
16 14 17
42 41 18
41 40 18
40 36 18
36 37 18
37 73 18
73 98 18
98 100 18
52 51 19
51 50 19
50 49 19
49 63 19
63 64 19
64 65 19
56 55 20
55 54 20
54 68 20
68 82 20
82 81 20
81 67 20
66 80 21
80 81 21
81 82 21
82 68 21
- - -
- - -
- - -
- - -
- - -
- - -
- - -
- - -
- - -
- - -
- - -
- - -
- - -
- - -
- - -
- - -
- - -
- - -
- - -
- - -
- - -
- - -
- - -
- - -
- - -
- - -
- - -
- - -
- - -
- - -
- - -
- - -
- - -
- - -
- - -
- - -
- - -
- - -
- - -
- - -
- - -
- - -
- - -
- - -
- - -
- - -
- - -
- - -
- - -
- - -
- - -
- - -
- - -
- - -
- - -
- - -
- - -
- - -
- - -
- - -
- - -
- - -
- - -
- - -
- - -
- - -
- - -
- - -
- - -
- - -
- - -
- - -
- - -
- - -
- - -
- - -
- - -
- - -
- - -
- - -
- - -
- - -
- - -
- - -
- - -
- - -
- - -
- - -
- - -
- - -
- - -
- - -
- - -
- - -
- - -
- - -
- - -
- - -
- - -
- - -
- - -
- - -
- - -
- - -
- - -
- - -
- - -
- - -
- - -
- - -
- - -
- - -
- - -
- - -
- - -
- - -
- - -
- - -
- - -
- - -
- - -
- - -
- - -
- - -
23 20 1
20 17 1
17 14 1
14 11 1
11 12 1
12 16 1
4 9 2
9 8 2
8 11 2
11 12 2
12 47 2
47 46 2
85 84 3
84 83 3
83 82 3
82 81 3
81 80 3
80 91 3
2 15 4
15 14 4
14 11 4
11 12 4
12 47 4
47 61 4
61 75 4
59 39 5
39 40 5
40 36 5
36 37 5
37 33 5
33 98 5
23 20 6
20 17 6
17 14 6
14 11 6
11 12 6
12 16 6
1 13 7
13 11 7
11 12 7
12 47 7
47 61 7
61 60 7
86 87 8
87 88 8
88 83 8
83 82 8
82 81 8
81 80 8
80 79 8
79 92 8
45 42 9
42 39 9
39 40 9
40 36 9
36 37 9
37 33 9
33 98 9
71 56 10
56 38 10
38 40 10
40 36 10
36 32 10
32 34 10
34 31 10
31 28 10
1 13 11
13 11 11
11 12 11
12 47 11
47 61 11
61 60 11
95 76 12
76 77 12
77 63 12
63 49 12
49 50 12
50 22 12
22 18 12
84 83 13
83 82 13
82 81 13
81 90 13
56 55 14
55 54 14
54 68 14
68 82 14
82 81 14
81 67 14
1 13 15
13 11 15
11 12 15
12 47 15
47 61 15
61 60 15
45 42 16
42 39 16
39 40 16
40 36 16
36 37 16
37 33 16
33 98 16
97 76 17
76 77 17
77 63 17
63 49 17
49 48 17
48 16 17
16 14 17
42 41 18
41 40 18
40 36 18
36 37 18
37 73 18
73 98 18
98 100 18
52 51 19
51 50 19
50 49 19
49 63 19
63 64 19
64 65 19
56 55 20
55 54 20
54 68 20
68 82 20
82 81 20
81 67 20
66 80 21
80 81 21
81 82 21
82 68 21
52 51 22
51 50 22
50 49 22
49 63 22
63 64 22
64 65 22
23 20 23
20 17 23
17 14 23
14 11 23
11 12 23
12 16 23
50 64 24
64 63 24
63 77 24
77 76 24
50 64 25
64 63 25
63 77 25
77 76 25
42 41 26
41 40 26
40 36 26
36 37 26
37 73 26
73 98 26
98 100 26
27 29 27
29 32 27
32 36 27
36 35 27
35 55 27
71 56 28
56 38 28
38 40 28
40 36 28
36 32 28
32 34 28
34 31 28
31 28 28
74 75 29
75 76 29
76 77 29
77 63 29
63 64 29
64 78 29
78 77 29
77 94 29
72 20 30
20 17 30
17 14 30
14 11 30
11 8 30
8 9 30
9 6 30
52 51 31
51 50 31
50 49 31
49 63 31
63 64 31
64 65 31
23 20 32
20 17 32
17 14 32
14 11 32
11 12 32
12 16 32
44 19 33
19 15 33
15 14 33
14 11 33
11 12 33
12 47 33
47 48 33
48 49 33
66 80 34
80 81 34
81 82 34
82 68 34
42 41 35
41 40 35
40 36 35
36 37 35
37 73 35
73 98 35
98 100 35
69 68 36
68 82 36
82 81 36
81 80 36
- - -
- - -
- - -
- - -
- - -
- - -
- - -
- - -
- - -
- - -
- - -
- - -
- - -
- - -
- - -
- - -
- - -
- - -
- - -
- - -
- - -
- - -
- - -
- - -
- - -
- - -
- - -
- - -
- - -
- - -
- - -
- - -
- - -
- - -
23 20 1
20 17 1
17 14 1
14 11 1
11 12 1
12 16 1
4 9 2
9 8 2
8 11 2
11 12 2
12 47 2
47 46 2
85 84 3
84 83 3
83 82 3
82 81 3
81 80 3
80 91 3
2 15 4
15 14 4
14 11 4
11 12 4
12 47 4
47 61 4
61 75 4
59 39 5
39 40 5
40 36 5
36 37 5
37 33 5
33 98 5
23 20 6
20 17 6
17 14 6
14 11 6
11 12 6
12 16 6
1 13 7
13 11 7
11 12 7
12 47 7
47 61 7
61 60 7
86 87 8
87 88 8
88 83 8
83 82 8
82 81 8
81 80 8
80 79 8
79 92 8
45 42 9
42 39 9
39 40 9
40 36 9
36 37 9
37 33 9
33 98 9
71 56 10
56 38 10
38 40 10
40 36 10
36 32 10
32 34 10
34 31 10
31 28 10
1 13 11
13 11 11
11 12 11
12 47 11
47 61 11
61 60 11
95 76 12
76 77 12
77 63 12
63 49 12
49 50 12
50 22 12
22 18 12
84 83 13
83 82 13
82 81 13
81 90 13
56 55 14
55 54 14
54 68 14
68 82 14
82 81 14
81 67 14
1 13 15
13 11 15
11 12 15
12 47 15
47 61 15
61 60 15
45 42 16
42 39 16
39 40 16
40 36 16
36 37 16
37 33 16
33 98 16
97 76 17
76 77 17
77 63 17
63 49 17
49 48 17
48 16 17
16 14 17
42 41 18
41 40 18
40 36 18
36 37 18
37 73 18
73 98 18
98 100 18
52 51 19
51 50 19
50 49 19
49 63 19
63 64 19
64 65 19
56 55 20
55 54 20
54 68 20
68 82 20
82 81 20
81 67 20
66 80 21
80 81 21
81 82 21
82 68 21
- - -
- - -
- - -
- - -
- - -
- - -
- - -
- - -
- - -
- - -
- - -
- - -
- - -
- - -
- - -
- - -
- - -
- - -
- - -
- - -
- - -
- - -
- - -
- - -
- - -
- - -
- - -
- - -
- - -
- - -
- - -
- - -
- - -
- - -
- - -
- - -
- - -
- - -
- - -
- - -
- - -
- - -
- - -
- - -
- - -
- - -
- - -
- - -
- - -
- - -
- - -
- - -
- - -
- - -
- - -
- - -
- - -
- - -
- - -
- - -
- - -
- - -
- - -
- - -
- - -
- - -
- - -
- - -
- - -
- - -
- - -
- - -
- - -
- - -
- - -
- - -
- - -
- - -
- - -
- - -
- - -
- - -
- - -
- - -
- - -
- - -
- - -
- - -
- - -
- - -
- - -
- - -
- - -
- - -
- - -
- - -
- - -
- - -
- - -
- - -
- - -
- - -
- - -
- - -
- - -
- - -
- - -
- - -
- - -
- - -
- - -
- - -
- - -
- - -
- - -
- - -
- - -
- - -
- - -
- - -
- - -
- - -
- - -
- - -
