F1
128
80 78 1
78 93 1
93 68 1
68 76 1
76 100 1
100 91 1
F2
128
42 77 2
77 70 2
70 98 2
98 76 2
76 68 2
68 87 2
F3
128
20 58 3
58 11 3
11 13 3
13 9 3
F4
128
47 33 4
33 50 4
50 39 4
F5
128
24 20 5
20 16 5
16 11 5
11 13 5
13 12 5
F6
128
5 7 6
7 9 6
9 13 6
13 11 6
11 16 6
16 21 6
21 26 6
26 19 6
F7
256
21 16 7
16 11 7
11 14 7
F8
256
18 14 8
14 11 8
11 56 8
56 83 8
83 49 8
49 69 8
F9
256
38 47 9
47 53 9
53 50 9
50 72 9
72 68 9
68 93 9
F10
256
33 50 10
50 57 10
F11
256
79 56 11
56 35 11
35 55 11
55 67 11
F12
256
79 56 12
56 35 12
35 55 12
55 67 12
F13
512
38 47 13
47 53 13
53 50 13
50 72 13
72 68 13
68 93 13
F14
512
37 32 14
32 39 14
39 50 14
50 28 14
28 23 14
23 40 14
F15
512
10 12 15
12 14 15
14 11 15
11 56 15
56 79 15
79 75 15
F16
1024
22 21 16
21 16 16
16 11 16
11 58 16
58 44 16
44 60 16
F17
1024
72 50 17
50 53 17
53 73 17
F18
1024
2 1 18
1 6 18
6 8 18
8 35 18
35 55 18
55 67 18
67 62 18
62 64 18
F19
1024
20 58 19
58 11 19
11 13 19
13 9 19
F20
1024
43 4 20
4 6 20
6 8 20
8 35 20
35 55 20
