F1
128
37 32 1
32 39 1
39 50 1
50 28 1
28 23 1
23 40 1
F2
128
80 78 2
78 93 2
93 68 2
68 76 2
76 100 2
100 91 2
F3
128
84 73 3
73 53 3
53 50 3
50 39 3
39 36 3
F4
128
84 73 4
73 53 4
53 50 4
50 39 4
39 36 4
F5
128
22 18 5
18 14 5
14 11 5
11 58 5
58 52 5
52 71 5
F6
128
17 14 6
14 11 6
11 56 6
56 79 6
79 88 6
F7
256
80 78 7
78 93 7
93 68 7
68 76 7
76 100 7
100 91 7
F8
256
7 9 8
9 13 8
13 11 8
11 58 8
58 52 8
F9
256
38 47 9
47 53 9
53 50 9
50 72 9
72 68 9
68 93 9
F10
256
43 4 10
4 6 10
6 8 10
8 35 10
35 55 10
F11
256
72 50 11
50 53 11
53 73 11
F12
256
18 14 12
14 11 12
11 56 12
56 83 12
83 49 12
49 69 12
F13
256
89 87 13
87 68 13
68 76 13
76 61 13
F14
256
66 49 14
49 83 14
83 35 14
35 56 14
F15
512
22 21 15
21 16 15
16 11 15
11 58 15
58 44 15
44 60 15
F16
512
24 20 16
20 16 16
16 11 16
11 13 16
13 12 16
F17
512
5 7 17
7 9 17
9 13 17
13 11 17
11 16 17
16 21 17
21 26 17
26 19 17
F18
512
22 21 18
21 16 18
16 11 18
11 58 18
58 44 18
44 60 18
F19
1024
46 52 19
52 58 19
58 11 19
11 16 19
16 21 19
21 24 19
24 15 19
F20
1024
22 18 20
18 14 20
14 11 20
11 58 20
58 52 20
52 71 20
