F1
128
66 49 1
49 83 1
83 35 1
35 56 1
F2
128
54 31 2
31 41 2
41 8 2
8 35 2
35 56 2
56 58 2
58 16 2
F3
128
21 16 3
16 11 3
11 14 3
F4
256
42 77 4
77 70 4
70 98 4
98 76 4
76 68 4
68 87 4
F5
256
25 28 5
28 61 5
61 76 5
76 98 5
98 63 5
63 65 5
F6
256
42 77 6
77 70 6
70 98 6
98 76 6
76 68 6
68 87 6
F7
256
94 97 7
97 86 7
86 68 7
68 76 7
76 82 7
82 74 7
F8
256
90 85 8
85 100 8
100 76 8
76 61 8
61 28 8
28 25 8
25 30 8
F9
256
85 91 9
91 100 9
100 76 9
76 82 9
82 74 9
74 81 9
F10
256
46 52 10
52 58 10
58 11 10
11 16 10
16 21 10
21 24 10
24 15 10
F11
256
2 1 11
1 6 11
6 8 11
8 35 11
35 55 11
55 67 11
67 62 11
62 64 11
F12
256
2 1 12
1 6 12
6 8 12
8 35 12
35 55 12
55 67 12
67 62 12
62 64 12
F13
512
38 47 13
47 53 13
53 50 13
50 72 13
72 68 13
68 93 13
F14
1024
22 21 14
21 16 14
16 11 14
11 58 14
58 44 14
44 60 14
F15
1024
25 28 15
28 61 15
61 76 15
76 98 15
98 63 15
63 65 15
F16
1024
42 77 16
77 70 16
70 98 16
98 76 16
76 68 16
68 87 16
F17
1024
5 7 17
7 9 17
9 13 17
13 11 17
11 16 17
16 21 17
21 26 17
26 19 17
F18
1024
85 91 18
91 100 18
100 76 18
76 82 18
82 74 18
74 81 18
F19
1024
42 77 19
77 70 19
70 98 19
98 76 19
76 68 19
68 87 19
F20
1024
18 14 20
14 11 20
11 56 20
56 83 20
83 49 20
49 69 20
