F1
128
79 56 1
56 35 1
35 55 1
55 67 1
F2
128
20 58 2
58 11 2
11 13 2
13 9 2
F3
128
25 28 3
28 61 3
61 76 3
76 98 3
98 63 3
63 65 3
F4
128
2 1 4
1 6 4
6 8 4
8 35 4
35 55 4
55 67 4
67 62 4
62 64 4
F5
128
18 14 5
14 11 5
11 56 5
56 83 5
83 49 5
49 69 5
F6
128
45 37 6
37 32 6
32 39 6
39 50 6
50 72 6
72 68 6
68 86 6
86 97 6
F7
128
25 28 7
28 61 7
61 76 7
76 98 7
98 63 7
63 65 7
F8
256
22 18 8
18 14 8
14 11 8
11 58 8
58 52 8
52 71 8
F9
256
47 33 9
33 50 9
50 39 9
F10
256
5 7 10
7 9 10
9 13 10
13 11 10
11 16 10
16 21 10
21 26 10
26 19 10
F11
256
22 21 11
21 16 11
16 11 11
11 58 11
58 44 11
44 60 11
F12
256
45 37 12
37 32 12
32 39 12
39 50 12
50 72 12
72 68 12
68 86 12
86 97 12
F13
256
25 28 13
28 61 13
61 76 13
76 98 13
98 63 13
63 65 13
F14
512
7 9 14
9 13 14
13 11 14
11 58 14
58 52 14
F15
512
100 76 15
76 98 15
98 63 15
F16
512
85 91 16
91 100 16
100 76 16
76 82 16
82 74 16
74 81 16
F17
1024
89 87 17
87 68 17
68 76 17
76 61 17
F18
1024
4 41 18
41 55 18
55 35 18
35 13 18
F19
1024
8 35 19
35 55 19
55 41 19
F20
1024
46 52 20
52 58 20
58 11 20
11 16 20
16 21 20
21 24 20
24 15 20
