F1
128
25 28 1
28 61 1
61 76 1
76 98 1
98 63 1
63 65 1
F2
128
99 89 2
89 87 2
87 53 2
53 50 2
50 33 2
33 32 2
32 29 2
F3
128
48 34 3
34 33 3
33 50 3
50 53 3
53 73 3
73 51 3
F4
128
1 6 4
6 8 4
8 35 4
35 56 4
56 44 4
44 60 4
F5
128
94 97 5
97 86 5
86 68 5
68 76 5
76 82 5
82 74 5
F6
128
66 49 6
49 83 6
83 35 6
35 56 6
F7
256
5 7 7
7 9 7
9 13 7
13 11 7
11 16 7
16 21 7
21 26 7
26 19 7
F8
256
1 6 8
6 8 8
8 35 8
35 56 8
56 44 8
44 60 8
F9
256
20 58 9
58 11 9
11 13 9
13 9 9
F10
256
43 4 10
4 6 10
6 8 10
8 35 10
35 55 10
F11
256
2 1 11
1 6 11
6 8 11
8 35 11
35 55 11
55 67 11
67 62 11
62 64 11
F12
512
4 41 12
41 55 12
55 35 12
35 13 12
F13
512
33 50 13
50 57 13
F14
512
38 47 14
47 53 14
53 50 14
50 72 14
72 68 14
68 93 14
F15
512
48 34 15
34 33 15
33 50 15
50 53 15
53 73 15
73 51 15
F16
1024
72 50 16
50 53 16
53 73 16
F17
1024
92 96 17
96 93 17
93 68 17
68 76 17
76 82 17
82 95 17
F18
1024
25 28 18
28 61 18
61 76 18
76 98 18
98 63 18
63 65 18
F19
1024
22 21 19
21 16 19
16 11 19
11 58 19
58 44 19
44 60 19
F20
1024
48 34 20
34 33 20
33 50 20
50 53 20
53 73 20
73 51 20
