F1
128
3 4 1
4 41 1
41 8 1
8 35 1
35 83 1
83 49 1
49 66 1
66 59 1
F2
128
43 4 2
4 6 2
6 8 2
8 35 2
35 55 2
F3
128
1 6 3
6 8 3
8 35 3
35 56 3
56 44 3
44 60 3
F4
128
48 34 4
34 33 4
33 50 4
50 53 4
53 73 4
73 51 4
F5
128
48 34 5
34 33 5
33 50 5
50 53 5
53 73 5
73 51 5
F6
128
2 1 6
1 6 6
6 8 6
8 35 6
35 55 6
55 67 6
67 62 6
62 64 6
F7
128
85 91 7
91 100 7
100 76 7
76 82 7
82 74 7
74 81 7
F8
128
8 35 8
35 55 8
55 41 8
F9
256
47 33 9
33 50 9
50 39 9
F10
256
38 47 10
47 53 10
53 50 10
50 72 10
72 68 10
68 93 10
F11
256
47 33 11
33 50 11
50 39 11
F12
256
48 34 12
34 33 12
33 50 12
50 53 12
53 73 12
73 51 12
F13
512
7 9 13
9 13 13
13 11 13
11 58 13
58 52 13
F14
512
27 63 14
63 98 14
98 76 14
76 61 14
61 28 14
F15
512
47 33 15
33 50 15
50 39 15
F16
512
79 56 16
56 35 16
35 55 16
55 67 16
F17
512
27 63 17
63 98 17
98 76 17
76 61 17
61 28 17
F18
1024
45 37 18
37 32 18
32 39 18
39 50 18
50 72 18
72 68 18
68 86 18
86 97 18
F19
1024
37 32 19
32 39 19
39 50 19
50 28 19
28 23 19
23 40 19
F20
1024
10 12 20
12 14 20
14 11 20
11 56 20
56 79 20
79 75 20
