F1
128
100 76 1
76 98 1
98 63 1
F2
128
8 35 2
35 55 2
55 41 2
F3
128
10 12 3
12 14 3
14 11 3
11 56 3
56 79 3
79 75 3
F4
128
100 76 4
76 98 4
98 63 4
F5
128
66 49 5
49 83 5
83 35 5
35 56 5
F6
256
37 32 6
32 39 6
39 50 6
50 28 6
28 23 6
23 40 6
F7
256
80 78 7
78 93 7
93 68 7
68 76 7
76 100 7
100 91 7
F8
256
46 52 8
52 58 8
58 11 8
11 16 8
16 21 8
21 24 8
24 15 8
F9
256
22 21 9
21 16 9
16 11 9
11 58 9
58 44 9
44 60 9
F10
256
17 14 10
14 11 10
11 56 10
56 79 10
79 88 10
F11
256
79 56 11
56 35 11
35 55 11
55 67 11
F12
512
66 49 12
49 83 12
83 35 12
35 56 12
F13
512
38 47 13
47 53 13
53 50 13
50 72 13
72 68 13
68 93 13
F14
512
66 49 14
49 83 14
83 35 14
35 56 14
F15
512
27 63 15
63 98 15
98 76 15
76 61 15
61 28 15
F16
1024
47 33 16
33 50 16
50 39 16
F17
1024
26 21 17
21 16 17
16 11 17
11 58 17
58 56 17
56 83 17
F18
1024
27 63 18
63 98 18
98 76 18
76 61 18
61 28 18
F19
1024
22 21 19
21 16 19
16 11 19
11 58 19
58 44 19
44 60 19
F20
1024
1 6 20
6 8 20
8 35 20
35 56 20
56 44 20
44 60 20
