F1
128
90 85 1
85 100 1
100 76 1
76 61 1
61 28 1
28 25 1
25 30 1
F2
128
25 28 2
28 61 2
61 76 2
76 98 2
98 63 2
63 65 2
F3
128
89 87 3
87 68 3
68 76 3
76 61 3
F4
128
20 58 4
58 11 4
11 13 4
13 9 4
F5
128
100 76 5
76 98 5
98 63 5
F6
128
94 97 6
97 86 6
86 68 6
68 76 6
76 82 6
82 74 6
F7
256
80 78 7
78 93 7
93 68 7
68 76 7
76 100 7
100 91 7
F8
256
25 28 8
28 61 8
61 76 8
76 98 8
98 63 8
63 65 8
F9
256
85 91 9
91 100 9
100 76 9
76 82 9
82 74 9
74 81 9
F10
256
47 33 10
33 50 10
50 39 10
F11
256
26 21 11
21 16 11
16 11 11
11 58 11
58 56 11
56 83 11
F12
512
54 31 12
31 41 12
41 8 12
8 35 12
35 56 12
56 58 12
58 16 12
F13
512
48 34 13
34 33 13
33 50 13
50 53 13
53 73 13
73 51 13
F14
512
90 85 14
85 100 14
100 76 14
76 61 14
61 28 14
28 25 14
25 30 14
F15
1024
7 9 15
9 13 15
13 11 15
11 58 15
58 52 15
F16
1024
38 47 16
47 53 16
53 50 16
50 72 16
72 68 16
68 93 16
F17
1024
84 73 17
73 53 17
53 50 17
50 39 17
39 36 17
F18
1024
18 14 18
14 11 18
11 56 18
56 83 18
83 49 18
49 69 18
F19
1024
47 33 19
33 50 19
50 39 19
F20
1024
22 18 20
18 14 20
14 11 20
11 58 20
58 52 20
52 71 20
