F1
128
100 76 1
76 98 1
98 63 1
F2
128
21 16 2
16 11 2
11 14 2
F3
128
25 28 3
28 61 3
61 76 3
76 98 3
98 63 3
63 65 3
F4
128
79 56 4
56 35 4
35 55 4
55 67 4
F5
128
18 14 5
14 11 5
11 56 5
56 83 5
83 49 5
49 69 5
F6
128
33 50 6
50 57 6
F7
256
5 7 7
7 9 7
9 13 7
13 11 7
11 16 7
16 21 7
21 26 7
26 19 7
F8
256
22 18 8
18 14 8
14 11 8
11 58 8
58 52 8
52 71 8
F9
256
99 89 9
89 87 9
87 53 9
53 50 9
50 33 9
33 32 9
32 29 9
F10
256
17 14 10
14 11 10
11 56 10
56 79 10
79 88 10
F11
512
54 31 11
31 41 11
41 8 11
8 35 11
35 56 11
56 58 11
58 16 11
F12
512
66 49 12
49 83 12
83 35 12
35 56 12
F13
512
33 50 13
50 57 13
F14
512
80 78 14
78 93 14
93 68 14
68 76 14
76 100 14
100 91 14
F15
512
79 56 15
56 35 15
35 55 15
55 67 15
F16
1024
90 85 16
85 100 16
100 76 16
76 61 16
61 28 16
28 25 16
25 30 16
F17
1024
5 7 17
7 9 17
9 13 17
13 11 17
11 16 17
16 21 17
21 26 17
26 19 17
F18
1024
20 58 18
58 11 18
11 13 18
13 9 18
F19
1024
90 85 19
85 100 19
100 76 19
76 61 19
61 28 19
28 25 19
25 30 19
F20
1024
100 76 20
76 98 20
98 63 20
