F1
128
47 33 1
33 50 1
50 39 1
F2
128
47 33 2
33 50 2
50 39 2
F3
128
4 41 3
41 55 3
55 35 3
35 13 3
F4
128
22 18 4
18 14 4
14 11 4
11 58 4
58 52 4
52 71 4
F5
128
24 20 5
20 16 5
16 11 5
11 13 5
13 12 5
F6
256
22 18 6
18 14 6
14 11 6
11 58 6
58 52 6
52 71 6
F7
256
54 31 7
31 41 7
41 8 7
8 35 7
35 56 7
56 58 7
58 16 7
F8
256
90 85 8
85 100 8
100 76 8
76 61 8
61 28 8
28 25 8
25 30 8
F9
256
99 89 9
89 87 9
87 53 9
53 50 9
50 33 9
33 32 9
32 29 9
F10
256
37 32 10
32 39 10
39 50 10
50 28 10
28 23 10
23 40 10
F11
256
20 58 11
58 11 11
11 13 11
13 9 11
F12
256
92 96 12
96 93 12
93 68 12
68 76 12
76 82 12
82 95 12
F13
512
20 58 13
58 11 13
11 13 13
13 9 13
F14
512
2 1 14
1 6 14
6 8 14
8 35 14
35 55 14
55 67 14
67 62 14
62 64 14
F15
512
26 21 15
21 16 15
16 11 15
11 58 15
58 56 15
56 83 15
F16
1024
8 35 16
35 55 16
55 41 16
F17
1024
79 56 17
56 35 17
35 55 17
55 67 17
F18
1024
100 76 18
76 98 18
98 63 18
F19
1024
1 6 19
6 8 19
8 35 19
35 56 19
56 44 19
44 60 19
F20
1024
22 21 20
21 16 20
16 11 20
11 58 20
58 44 20
44 60 20
