F1
128
48 34 1
34 33 1
33 50 1
50 53 1
53 73 1
73 51 1
F2
128
89 87 2
87 68 2
68 76 2
76 61 2
F3
128
80 78 3
78 93 3
93 68 3
68 76 3
76 100 3
100 91 3
F4
128
2 1 4
1 6 4
6 8 4
8 35 4
35 55 4
55 67 4
67 62 4
62 64 4
F5
128
80 78 5
78 93 5
93 68 5
68 76 5
76 100 5
100 91 5
F6
256
38 47 6
47 53 6
53 50 6
50 72 6
72 68 6
68 93 6
F7
256
79 56 7
56 35 7
35 55 7
55 67 7
F8
256
94 97 8
97 86 8
86 68 8
68 76 8
76 82 8
82 74 8
F9
256
99 89 9
89 87 9
87 53 9
53 50 9
50 33 9
33 32 9
32 29 9
F10
256
20 58 10
58 11 10
11 13 10
13 9 10
F11
256
42 77 11
77 70 11
70 98 11
98 76 11
76 68 11
68 87 11
F12
256
43 4 12
4 6 12
6 8 12
8 35 12
35 55 12
F13
512
79 56 13
56 35 13
35 55 13
55 67 13
F14
512
38 47 14
47 53 14
53 50 14
50 72 14
72 68 14
68 93 14
F15
512
20 58 15
58 11 15
11 13 15
13 9 15
F16
512
20 58 16
58 11 16
11 13 16
13 9 16
F17
1024
38 47 17
47 53 17
53 50 17
50 72 17
72 68 17
68 93 17
F18
1024
84 73 18
73 53 18
53 50 18
50 39 18
39 36 18
F19
1024
17 14 19
14 11 19
11 56 19
56 79 19
79 88 19
F20
1024
47 33 20
33 50 20
50 39 20
