F1
128
100 76 1
76 98 1
98 63 1
F2
128
43 4 2
4 6 2
6 8 2
8 35 2
35 55 2
F3
128
99 89 3
89 87 3
87 53 3
53 50 3
50 33 3
33 32 3
32 29 3
F4
128
92 96 4
96 93 4
93 68 4
68 76 4
76 82 4
82 95 4
F5
128
33 50 5
50 57 5
F6
128
38 47 6
47 53 6
53 50 6
50 72 6
72 68 6
68 93 6
F7
128
17 14 7
14 11 7
11 56 7
56 79 7
79 88 7
F8
256
46 52 8
52 58 8
58 11 8
11 16 8
16 21 8
21 24 8
24 15 8
F9
256
10 12 9
12 14 9
14 11 9
11 56 9
56 79 9
79 75 9
F10
512
37 32 10
32 39 10
39 50 10
50 28 10
28 23 10
23 40 10
F11
512
72 50 11
50 53 11
53 73 11
F12
512
42 77 12
77 70 12
70 98 12
98 76 12
76 68 12
68 87 12
F13
512
3 4 13
4 41 13
41 8 13
8 35 13
35 83 13
83 49 13
49 66 13
66 59 13
F14
512
48 34 14
34 33 14
33 50 14
50 53 14
53 73 14
73 51 14
F15
512
18 14 15
14 11 15
11 56 15
56 83 15
83 49 15
49 69 15
F16
512
7 9 16
9 13 16
13 11 16
11 58 16
58 52 16
F17
1024
92 96 17
96 93 17
93 68 17
68 76 17
76 82 17
82 95 17
F18
1024
72 50 18
50 53 18
53 73 18
F19
1024
17 14 19
14 11 19
11 56 19
56 79 19
79 88 19
F20
1024
33 50 20
50 57 20
