F1
128
38 47 1
47 53 1
53 50 1
50 72 1
72 68 1
68 93 1
F2
128
54 31 2
31 41 2
41 8 2
8 35 2
35 56 2
56 58 2
58 16 2
F3
128
25 28 3
28 61 3
61 76 3
76 98 3
98 63 3
63 65 3
F4
128
85 91 4
91 100 4
100 76 4
76 82 4
82 74 4
74 81 4
F5
128
42 77 5
77 70 5
70 98 5
98 76 5
76 68 5
68 87 5
F6
128
89 87 6
87 68 6
68 76 6
76 61 6
F7
128
66 49 7
49 83 7
83 35 7
35 56 7
F8
128
10 12 8
12 14 8
14 11 8
11 56 8
56 79 8
79 75 8
F9
128
48 34 9
34 33 9
33 50 9
50 53 9
53 73 9
73 51 9
F10
128
43 4 10
4 6 10
6 8 10
8 35 10
35 55 10
F11
256
20 58 11
58 11 11
11 13 11
13 9 11
F12
256
99 89 12
89 87 12
87 53 12
53 50 12
50 33 12
33 32 12
32 29 12
F13
256
79 56 13
56 35 13
35 55 13
55 67 13
F14
256
24 20 14
20 16 14
16 11 14
11 13 14
13 12 14
F15
512
21 16 15
16 11 15
11 14 15
F16
512
4 41 16
41 55 16
55 35 16
35 13 16
F17
512
22 21 17
21 16 17
16 11 17
11 58 17
58 44 17
44 60 17
F18
1024
37 32 18
32 39 18
39 50 18
50 28 18
28 23 18
23 40 18
F19
1024
99 89 19
89 87 19
87 53 19
53 50 19
50 33 19
33 32 19
32 29 19
F20
1024
66 49 20
49 83 20
83 35 20
35 56 20
