F1
128
46 52 1
52 58 1
58 11 1
11 16 1
16 21 1
21 24 1
24 15 1
F2
128
38 47 2
47 53 2
53 50 2
50 72 2
72 68 2
68 93 2
F3
128
94 97 3
97 86 3
86 68 3
68 76 3
76 82 3
82 74 3
F4
256
89 87 4
87 68 4
68 76 4
76 61 4
F5
256
2 1 5
1 6 5
6 8 5
8 35 5
35 55 5
55 67 5
67 62 5
62 64 5
F6
256
94 97 6
97 86 6
86 68 6
68 76 6
76 82 6
82 74 6
F7
256
1 6 7
6 8 7
8 35 7
35 56 7
56 44 7
44 60 7
F8
256
89 87 8
87 68 8
68 76 8
76 61 8
F9
512
54 31 9
31 41 9
41 8 9
8 35 9
35 56 9
56 58 9
58 16 9
F10
512
17 14 10
14 11 10
11 56 10
56 79 10
79 88 10
F11
512
84 73 11
73 53 11
53 50 11
50 39 11
39 36 11
F12
512
22 18 12
18 14 12
14 11 12
11 58 12
58 52 12
52 71 12
F13
512
27 63 13
63 98 13
98 76 13
76 61 13
61 28 13
F14
512
7 9 14
9 13 14
13 11 14
11 58 14
58 52 14
F15
512
20 58 15
58 11 15
11 13 15
13 9 15
F16
512
1 6 16
6 8 16
8 35 16
35 56 16
56 44 16
44 60 16
F17
1024
7 9 17
9 13 17
13 11 17
11 58 17
58 52 17
F18
1024
90 85 18
85 100 18
100 76 18
76 61 18
61 28 18
28 25 18
25 30 18
F19
1024
84 73 19
73 53 19
53 50 19
50 39 19
39 36 19
F20
1024
37 32 20
32 39 20
39 50 20
50 28 20
28 23 20
23 40 20
