F1
128
21 16 1
16 11 1
11 14 1
F2
128
7 9 2
9 13 2
13 11 2
11 58 2
58 52 2
F3
128
4 41 3
41 55 3
55 35 3
35 13 3
F4
256
37 32 4
32 39 4
39 50 4
50 28 4
28 23 4
23 40 4
F5
256
42 77 5
77 70 5
70 98 5
98 76 5
76 68 5
68 87 5
F6
256
7 9 6
9 13 6
13 11 6
11 58 6
58 52 6
F7
256
99 89 7
89 87 7
87 53 7
53 50 7
50 33 7
33 32 7
32 29 7
F8
256
79 56 8
56 35 8
35 55 8
55 67 8
F9
256
99 89 9
89 87 9
87 53 9
53 50 9
50 33 9
33 32 9
32 29 9
F10
256
47 33 10
33 50 10
50 39 10
F11
512
46 52 11
52 58 11
58 11 11
11 16 11
16 21 11
21 24 11
24 15 11
F12
512
2 1 12
1 6 12
6 8 12
8 35 12
35 55 12
55 67 12
67 62 12
62 64 12
F13
512
80 78 13
78 93 13
93 68 13
68 76 13
76 100 13
100 91 13
F14
1024
54 31 14
31 41 14
41 8 14
8 35 14
35 56 14
56 58 14
58 16 14
F15
1024
79 56 15
56 35 15
35 55 15
55 67 15
F16
1024
5 7 16
7 9 16
9 13 16
13 11 16
11 16 16
16 21 16
21 26 16
26 19 16
F17
1024
92 96 17
96 93 17
93 68 17
68 76 17
76 82 17
82 95 17
F18
1024
46 52 18
52 58 18
58 11 18
11 16 18
16 21 18
21 24 18
24 15 18
F19
1024
25 28 19
28 61 19
61 76 19
76 98 19
98 63 19
63 65 19
F20
1024
38 47 20
47 53 20
53 50 20
50 72 20
72 68 20
68 93 20
