F1
128
25 28 1
28 61 1
61 76 1
76 98 1
98 63 1
63 65 1
F2
128
45 37 2
37 32 2
32 39 2
39 50 2
50 72 2
72 68 2
68 86 2
86 97 2
F3
128
37 32 3
32 39 3
39 50 3
50 28 3
28 23 3
23 40 3
F4
128
85 91 4
91 100 4
100 76 4
76 82 4
82 74 4
74 81 4
F5
256
89 87 5
87 68 5
68 76 5
76 61 5
F6
256
24 20 6
20 16 6
16 11 6
11 13 6
13 12 6
F7
256
99 89 7
89 87 7
87 53 7
53 50 7
50 33 7
33 32 7
32 29 7
F8
256
84 73 8
73 53 8
53 50 8
50 39 8
39 36 8
F9
512
42 77 9
77 70 9
70 98 9
98 76 9
76 68 9
68 87 9
F10
512
79 56 10
56 35 10
35 55 10
55 67 10
F11
512
38 47 11
47 53 11
53 50 11
50 72 11
72 68 11
68 93 11
F12
512
38 47 12
47 53 12
53 50 12
50 72 12
72 68 12
68 93 12
F13
512
48 34 13
34 33 13
33 50 13
50 53 13
53 73 13
73 51 13
F14
1024
33 50 14
50 57 14
F15
1024
90 85 15
85 100 15
100 76 15
76 61 15
61 28 15
28 25 15
25 30 15
F16
1024
92 96 16
96 93 16
93 68 16
68 76 16
76 82 16
82 95 16
F17
1024
27 63 17
63 98 17
98 76 17
76 61 17
61 28 17
F18
1024
25 28 18
28 61 18
61 76 18
76 98 18
98 63 18
63 65 18
F19
1024
37 32 19
32 39 19
39 50 19
50 28 19
28 23 19
23 40 19
F20
1024
92 96 20
96 93 20
93 68 20
68 76 20
76 82 20
82 95 20
