F1
128
54 31 1
31 41 1
41 8 1
8 35 1
35 56 1
56 58 1
58 16 1
F2
128
46 52 2
52 58 2
58 11 2
11 16 2
16 21 2
21 24 2
24 15 2
F3
256
46 52 3
52 58 3
58 11 3
11 16 3
16 21 3
21 24 3
24 15 3
F4
256
99 89 4
89 87 4
87 53 4
53 50 4
50 33 4
33 32 4
32 29 4
F5
256
37 32 5
32 39 5
39 50 5
50 28 5
28 23 5
23 40 5
F6
256
10 12 6
12 14 6
14 11 6
11 56 6
56 79 6
79 75 6
F7
256
100 76 7
76 98 7
98 63 7
F8
256
25 28 8
28 61 8
61 76 8
76 98 8
98 63 8
63 65 8
F9
256
84 73 9
73 53 9
53 50 9
50 39 9
39 36 9
F10
512
17 14 10
14 11 10
11 56 10
56 79 10
79 88 10
F11
512
17 14 11
14 11 11
11 56 11
56 79 11
79 88 11
F12
512
45 37 12
37 32 12
32 39 12
39 50 12
50 72 12
72 68 12
68 86 12
86 97 12
F13
512
72 50 13
50 53 13
53 73 13
F14
512
27 63 14
63 98 14
98 76 14
76 61 14
61 28 14
F15
1024
100 76 15
76 98 15
98 63 15
F16
1024
17 14 16
14 11 16
11 56 16
56 79 16
79 88 16
F17
1024
84 73 17
73 53 17
53 50 17
50 39 17
39 36 17
F18
1024
3 4 18
4 41 18
41 8 18
8 35 18
35 83 18
83 49 18
49 66 18
66 59 18
F19
1024
20 58 19
58 11 19
11 13 19
13 9 19
F20
1024
46 52 20
52 58 20
58 11 20
11 16 20
16 21 20
21 24 20
24 15 20
