F1
128
17 14 1
14 11 1
11 56 1
56 79 1
79 88 1
F2
128
10 12 2
12 14 2
14 11 2
11 56 2
56 79 2
79 75 2
F3
128
27 63 3
63 98 3
98 76 3
76 61 3
61 28 3
F4
128
43 4 4
4 6 4
6 8 4
8 35 4
35 55 4
F5
128
43 4 5
4 6 5
6 8 5
8 35 5
35 55 5
F6
128
43 4 6
4 6 6
6 8 6
8 35 6
35 55 6
F7
256
27 63 7
63 98 7
98 76 7
76 61 7
61 28 7
F8
256
18 14 8
14 11 8
11 56 8
56 83 8
83 49 8
49 69 8
F9
512
25 28 9
28 61 9
61 76 9
76 98 9
98 63 9
63 65 9
F10
512
27 63 10
63 98 10
98 76 10
76 61 10
61 28 10
F11
512
45 37 11
37 32 11
32 39 11
39 50 11
50 72 11
72 68 11
68 86 11
86 97 11
F12
512
10 12 12
12 14 12
14 11 12
11 56 12
56 79 12
79 75 12
F13
512
85 91 13
91 100 13
100 76 13
76 82 13
82 74 13
74 81 13
F14
512
89 87 14
87 68 14
68 76 14
76 61 14
F15
1024
89 87 15
87 68 15
68 76 15
76 61 15
F16
1024
21 16 16
16 11 16
11 14 16
F17
1024
27 63 17
63 98 17
98 76 17
76 61 17
61 28 17
F18
1024
4 41 18
41 55 18
55 35 18
35 13 18
F19
1024
84 73 19
73 53 19
53 50 19
50 39 19
39 36 19
F20
1024
22 18 20
18 14 20
14 11 20
11 58 20
58 52 20
52 71 20
