F1
128
37 32 1
32 39 1
39 50 1
50 28 1
28 23 1
23 40 1
F2
128
33 50 2
50 57 2
F3
128
37 32 3
32 39 3
39 50 3
50 28 3
28 23 3
23 40 3
F4
128
21 16 4
16 11 4
11 14 4
F5
128
84 73 5
73 53 5
53 50 5
50 39 5
39 36 5
F6
128
37 32 6
32 39 6
39 50 6
50 28 6
28 23 6
23 40 6
F7
256
21 16 7
16 11 7
11 14 7
F8
256
47 33 8
33 50 8
50 39 8
F9
256
20 58 9
58 11 9
11 13 9
13 9 9
F10
256
72 50 10
50 53 10
53 73 10
F11
256
22 21 11
21 16 11
16 11 11
11 58 11
58 44 11
44 60 11
F12
256
18 14 12
14 11 12
11 56 12
56 83 12
83 49 12
49 69 12
F13
512
37 32 13
32 39 13
39 50 13
50 28 13
28 23 13
23 40 13
F14
512
17 14 14
14 11 14
11 56 14
56 79 14
79 88 14
F15
1024
92 96 15
96 93 15
93 68 15
68 76 15
76 82 15
82 95 15
F16
1024
90 85 16
85 100 16
100 76 16
76 61 16
61 28 16
28 25 16
25 30 16
F17
1024
25 28 17
28 61 17
61 76 17
76 98 17
98 63 17
63 65 17
F18
1024
21 16 18
16 11 18
11 14 18
F19
1024
46 52 19
52 58 19
58 11 19
11 16 19
16 21 19
21 24 19
24 15 19
F20
1024
3 4 20
4 41 20
41 8 20
8 35 20
35 83 20
83 49 20
49 66 20
66 59 20
