F1
128
45 37 1
37 32 1
32 39 1
39 50 1
50 72 1
72 68 1
68 86 1
86 97 1
F2
128
3 4 2
4 41 2
41 8 2
8 35 2
35 83 2
83 49 2
49 66 2
66 59 2
F3
256
38 47 3
47 53 3
53 50 3
50 72 3
72 68 3
68 93 3
F4
256
27 63 4
63 98 4
98 76 4
76 61 4
61 28 4
F5
256
10 12 5
12 14 5
14 11 5
11 56 5
56 79 5
79 75 5
F6
256
24 20 6
20 16 6
16 11 6
11 13 6
13 12 6
F7
256
5 7 7
7 9 7
9 13 7
13 11 7
11 16 7
16 21 7
21 26 7
26 19 7
F8
256
8 35 8
35 55 8
55 41 8
F9
256
54 31 9
31 41 9
41 8 9
8 35 9
35 56 9
56 58 9
58 16 9
F10
512
21 16 10
16 11 10
11 14 10
F11
512
22 18 11
18 14 11
14 11 11
11 58 11
58 52 11
52 71 11
F12
512
17 14 12
14 11 12
11 56 12
56 79 12
79 88 12
F13
512
24 20 13
20 16 13
16 11 13
11 13 13
13 12 13
F14
512
84 73 14
73 53 14
53 50 14
50 39 14
39 36 14
F15
512
22 18 15
18 14 15
14 11 15
11 58 15
58 52 15
52 71 15
F16
1024
21 16 16
16 11 16
11 14 16
F17
1024
24 20 17
20 16 17
16 11 17
11 13 17
13 12 17
F18
1024
20 58 18
58 11 18
11 13 18
13 9 18
F19
1024
42 77 19
77 70 19
70 98 19
98 76 19
76 68 19
68 87 19
F20
1024
99 89 20
89 87 20
87 53 20
53 50 20
50 33 20
33 32 20
32 29 20
