F1
128
17 14 1
14 11 1
11 56 1
56 79 1
79 88 1
F2
128
27 63 2
63 98 2
98 76 2
76 61 2
61 28 2
F3
128
27 63 3
63 98 3
98 76 3
76 61 3
61 28 3
F4
256
89 87 4
87 68 4
68 76 4
76 61 4
F5
256
1 6 5
6 8 5
8 35 5
35 56 5
56 44 5
44 60 5
F6
256
42 77 6
77 70 6
70 98 6
98 76 6
76 68 6
68 87 6
F7
256
79 56 7
56 35 7
35 55 7
55 67 7
F8
256
3 4 8
4 41 8
41 8 8
8 35 8
35 83 8
83 49 8
49 66 8
66 59 8
F9
256
72 50 9
50 53 9
53 73 9
F10
256
48 34 10
34 33 10
33 50 10
50 53 10
53 73 10
73 51 10
F11
256
17 14 11
14 11 11
11 56 11
56 79 11
79 88 11
F12
512
24 20 12
20 16 12
16 11 12
11 13 12
13 12 12
F13
512
72 50 13
50 53 13
53 73 13
F14
512
10 12 14
12 14 14
14 11 14
11 56 14
56 79 14
79 75 14
F15
512
24 20 15
20 16 15
16 11 15
11 13 15
13 12 15
F16
512
26 21 16
21 16 16
16 11 16
11 58 16
58 56 16
56 83 16
F17
512
89 87 17
87 68 17
68 76 17
76 61 17
F18
512
90 85 18
85 100 18
100 76 18
76 61 18
61 28 18
28 25 18
25 30 18
F19
1024
4 41 19
41 55 19
55 35 19
35 13 19
F20
1024
8 35 20
35 55 20
55 41 20
