F1
128
2 1 1
1 6 1
6 8 1
8 35 1
35 55 1
55 67 1
67 62 1
62 64 1
F2
128
54 31 2
31 41 2
41 8 2
8 35 2
35 56 2
56 58 2
58 16 2
F3
128
27 63 3
63 98 3
98 76 3
76 61 3
61 28 3
F4
256
89 87 4
87 68 4
68 76 4
76 61 4
F5
256
20 58 5
58 11 5
11 13 5
13 9 5
F6
256
47 33 6
33 50 6
50 39 6
F7
256
7 9 7
9 13 7
13 11 7
11 58 7
58 52 7
F8
256
33 50 8
50 57 8
F9
512
21 16 9
16 11 9
11 14 9
F10
512
10 12 10
12 14 10
14 11 10
11 56 10
56 79 10
79 75 10
F11
512
54 31 11
31 41 11
41 8 11
8 35 11
35 56 11
56 58 11
58 16 11
F12
512
1 6 12
6 8 12
8 35 12
35 56 12
56 44 12
44 60 12
F13
512
72 50 13
50 53 13
53 73 13
F14
512
22 18 14
18 14 14
14 11 14
11 58 14
58 52 14
52 71 14
F15
1024
42 77 15
77 70 15
70 98 15
98 76 15
76 68 15
68 87 15
F16
1024
38 47 16
47 53 16
53 50 16
50 72 16
72 68 16
68 93 16
F17
1024
8 35 17
35 55 17
55 41 17
F18
1024
7 9 18
9 13 18
13 11 18
11 58 18
58 52 18
F19
1024
80 78 19
78 93 19
93 68 19
68 76 19
76 100 19
100 91 19
F20
1024
99 89 20
89 87 20
87 53 20
53 50 20
50 33 20
33 32 20
32 29 20
