F1
128
21 16 1
16 11 1
11 14 1
F2
128
48 34 2
34 33 2
33 50 2
50 53 2
53 73 2
73 51 2
F3
128
10 12 3
12 14 3
14 11 3
11 56 3
56 79 3
79 75 3
F4
128
20 58 4
58 11 4
11 13 4
13 9 4
F5
128
27 63 5
63 98 5
98 76 5
76 61 5
61 28 5
F6
128
18 14 6
14 11 6
11 56 6
56 83 6
83 49 6
49 69 6
F7
128
47 33 7
33 50 7
50 39 7
F8
256
89 87 8
87 68 8
68 76 8
76 61 8
F9
256
54 31 9
31 41 9
41 8 9
8 35 9
35 56 9
56 58 9
58 16 9
F10
256
10 12 10
12 14 10
14 11 10
11 56 10
56 79 10
79 75 10
F11
256
24 20 11
20 16 11
16 11 11
11 13 11
13 12 11
F12
256
22 18 12
18 14 12
14 11 12
11 58 12
58 52 12
52 71 12
F13
256
85 91 13
91 100 13
100 76 13
76 82 13
82 74 13
74 81 13
F14
512
26 21 14
21 16 14
16 11 14
11 58 14
58 56 14
56 83 14
F15
512
38 47 15
47 53 15
53 50 15
50 72 15
72 68 15
68 93 15
F16
512
18 14 16
14 11 16
11 56 16
56 83 16
83 49 16
49 69 16
F17
1024
27 63 17
63 98 17
98 76 17
76 61 17
61 28 17
F18
1024
100 76 18
76 98 18
98 63 18
F19
1024
94 97 19
97 86 19
86 68 19
68 76 19
76 82 19
82 74 19
F20
1024
42 77 20
77 70 20
70 98 20
98 76 20
76 68 20
68 87 20
