0.150558602316
0.15843827542
0.143646792834
0.145883793043
0.145756790863
0.14648686451
0.144372926675
0.156129605358
0.155930312435
0.146822845509
0.148644264382
0.153858446528
0.158463931698
0.151141076197
0.144716519486
0.172930627555
0.15217452155
0.143471770747
0.140716306448
0.148879129413
0.139850724301
0.158549299913
0.132150898595
0.157399328497
0.148966684685
0.154196012685
0.161865894249
0.146449670883
0.146703355945
0.146617883386
0.167733708216
0.152020111496
0.139881427349
0.155501617794
0.158666950462
0.155907389238
0.148892972372
0.150038233208
0.147646088314
0.139143019178
0.155491016238
0.165295113411
0.137400419589
0.163660273189
0.137963294687
0.137880507774
0.154400020278
0.155764331121
0.145970811559
0.161728099248
0.151327042332
0.152061694043
0.154389387473
0.144946724103
0.155718767229
0.145876564121
0.160727137704
0.143216961131
0.160861451712
0.154357275118
0.146406347038
0.140184140156
0.153808912905
0.139847577174
0.137247092052
0.148082465746
0.144143264923
0.15453015974
0.154267301588
0.154903336008
0.165193532478
0.14268951845
0.141818243651
0.155150618322
0.156765267391
0.156723361097
0.146914215032
0.151566099879
0.152208948705
0.152580676579
0.142519996529
0.167062979607
0.164374013828
0.144343921305
0.146789318382
0.157006319427
0.146052648158
0.1614634746
0.147957740036
0.154594170188
0.160745075629
0.151883135034
0.133707841538
0.149226811643
0.142895649626
0.149873434904
0.140054776252
0.148550261654
0.153808784322
0.143239525351
