0.137741213269
0.144854525275
0.135388819386
0.154471309947
0.153392873007
0.149184109477
0.152475384832
0.124686679059
0.158639886618
0.176080107418
0.150225222732
0.146473746332
0.158550367603
0.135006066394
0.153509340989
0.141983080104
0.147566584531
0.153932009528
0.162347787771
0.154670410212
0.149117223223
0.155813303306
0.154335952607
0.149697005409
0.13838117282
0.136865799625
0.145972679394
0.141387300528
0.145655944601
0.150482224803
0.14032323348
0.152990822111
0.148545223597
0.149015884446
0.134235768891
0.154909563913
0.131756324665
0.130370022659
0.142748690051
0.145487615477
0.141361973755
0.145931842114
0.152068596262
0.161998488474
0.152343806436
0.132578651322
0.144811978052
0.149264484567
0.143359821019
0.150628758949
0.145644845234
0.139069190027
0.144312087876
0.13954273944
0.13754831395
0.1494246277
0.145526208337
0.145830564018
0.142193258094
0.138907091644
0.165740619374
0.143865504041
0.131091104074
0.139106824133
0.140829509178
0.134024389785
0.145780301907
0.149987580925
0.13580181441
0.148943750883
0.146811016599
0.149152893759
0.139253515597
0.149751032557
0.146293220458
0.1486635425
0.139132798417
0.14610163039
0.143205900932
0.152092745137
0.139325435975
0.149040605828
0.147907517035
0.140938493846
0.149262540763
0.165478359281
0.141155132911
0.155052017597
0.152080887099
0.143705435125
0.149939968056
0.154613981754
0.148744699678
0.140181850111
0.139102236567
0.145545946438
0.128548647893
0.146261945729
0.139410509252
0.158835517262
