0.102287023371
0.103468921784
0.106737399432
0.106085520024
0.0998101392353
0.105825516288
0.113641046067
0.10593669867
0.0963858514778
0.105424202383
0.0991276679624
0.110430881967
0.0999820482907
0.0963573796407
0.0933214776696
0.0939380515995
0.114352242085
0.103875179642
0.105223848462
0.100518549864
0.112464374694
0.0939878716399
0.114162430056
0.106455706701
0.0993396070175
0.0938084144949
0.0999031192477
0.109847178507
0.103665715774
0.100458741673
0.109643540948
0.101697376154
0.101917022905
0.0960695635683
0.103177543584
0.0879232352171
0.112658658892
0.113081369994
0.0970706272765
0.10027118085
0.101199969644
0.101679166678
0.100917161318
0.100318418245
0.102336252379
0.0980807801178
0.0907138640658
0.114492489875
0.0986966644813
0.0963922107278
0.0962174759192
0.105767088047
0.0926089307728
0.0945549979148
0.112977545203
0.0995689166438
0.100323810791
0.0969611870652
0.0992078400198
0.104075137268
0.0992978165865
0.105694148701
0.100543239553
0.105025753811
0.103060989451
0.103089595715
0.104098629712
0.104095873312
0.0951666450171
0.0988391139378
0.0989121153224
0.113736996177
0.096973421879
0.0880386842907
0.0854345021226
0.102932370481
0.104709788397
0.0954163311677
0.103328579113
0.0956705157876
0.103781700199
0.112924092639
0.0978674774244
0.088681185576
0.11009001035
0.101070408007
0.104501554636
0.102292202457
0.0940260594952
0.107007501991
0.113480230309
0.0995017934795
0.108045426612
0.0983781554611
0.109881351073
0.107022913147
0.0981917127279
0.101818958333
0.104337838823
0.0951278103801
