0.129039303023
0.134487394898
0.136899281657
0.136715405636
0.126950487744
0.123645616408
0.126540685581
0.130613868432
0.134856472878
0.129140131178
0.12521274403
0.131492780941
0.135166894105
0.132106219242
0.140863496406
0.136467607885
0.136699157632
0.120139679315
0.128098659819
0.1307829627
0.144719206696
0.116097040293
0.136506228587
0.122639212154
0.12247032433
0.112598905236
0.133398299988
0.113588155816
0.130388392588
0.128269957145
0.131550624109
0.123858208067
0.116224143549
0.141005700638
0.126974380847
0.120185993596
0.120791293939
0.125374861159
0.129845791934
0.141274086299
0.118450806171
0.132067356718
0.141696991268
0.135728150865
0.129486681851
0.130195165544
0.128585790062
0.137240749855
0.130632098499
0.12559451576
0.133289057594
0.136885397367
0.129696360603
0.136351697102
0.12462025143
0.129934021999
0.141536021535
0.125799047063
0.125899175994
0.128126358808
0.12820141912
0.131314313376
0.132097245159
0.135525126248
0.139192101059
0.133514477878
0.135562543379
0.134728016181
0.120218705097
0.128926754281
0.128595168936
0.127703810443
0.137955814325
0.139546432288
0.121015741192
0.121504969766
0.118928328001
0.119425040363
0.131491601403
0.134438916896
0.123172087583
0.124026173633
0.127316041708
0.115380994199
0.133266654118
0.119529924241
0.131101476049
0.135495972217
0.122499958666
0.132769745679
0.13337997263
0.120064100849
0.128498300106
0.119185368875
0.136844215799
0.121604466751
0.124264725393
0.128747750911
0.140035219326
0.134558111167
