F1
128
85 91 1
91 100 1
100 76 1
76 82 1
82 74 1
74 81 1
F2
128
80 78 2
78 93 2
93 68 2
68 76 2
76 100 2
100 91 2
F3
128
17 14 3
14 11 3
11 56 3
56 79 3
79 88 3
F4
128
80 78 4
78 93 4
93 68 4
68 76 4
76 100 4
100 91 4
F5
256
45 37 5
37 32 5
32 39 5
39 50 5
50 72 5
72 68 5
68 86 5
86 97 5
F6
256
38 47 6
47 53 6
53 50 6
50 72 6
72 68 6
68 93 6
F7
256
45 37 7
37 32 7
32 39 7
39 50 7
50 72 7
72 68 7
68 86 7
86 97 7
F8
512
18 14 8
14 11 8
11 56 8
56 83 8
83 49 8
49 69 8
F9
512
18 14 9
14 11 9
11 56 9
56 83 9
83 49 9
49 69 9
F10
1024
8 35 10
35 55 10
55 41 10
