F1
128
42 77 1
77 70 1
70 98 1
98 76 1
76 68 1
68 87 1
F2
128
80 78 2
78 93 2
93 68 2
68 76 2
76 100 2
100 91 2
F3
128
90 85 3
85 100 3
100 76 3
76 61 3
61 28 3
28 25 3
25 30 3
F4
128
66 49 4
49 83 4
83 35 4
35 56 4
F5
256
21 16 5
16 11 5
11 14 5
F6
256
7 9 6
9 13 6
13 11 6
11 58 6
58 52 6
F7
512
3 4 7
4 41 7
41 8 7
8 35 7
35 83 7
83 49 7
49 66 7
66 59 7
F8
512
79 56 8
56 35 8
35 55 8
55 67 8
F9
1024
85 91 9
91 100 9
100 76 9
76 82 9
82 74 9
74 81 9
F10
1024
45 37 10
37 32 10
32 39 10
39 50 10
50 72 10
72 68 10
68 86 10
86 97 10
