F1
128
38 47 1
47 53 1
53 50 1
50 72 1
72 68 1
68 93 1
F2
128
22 21 2
21 16 2
16 11 2
11 58 2
58 44 2
44 60 2
F3
256
99 89 3
89 87 3
87 53 3
53 50 3
50 33 3
33 32 3
32 29 3
F4
256
45 37 4
37 32 4
32 39 4
39 50 4
50 72 4
72 68 4
68 86 4
86 97 4
F5
512
43 4 5
4 6 5
6 8 5
8 35 5
35 55 5
F6
512
17 14 6
14 11 6
11 56 6
56 79 6
79 88 6
F7
512
22 18 7
18 14 7
14 11 7
11 58 7
58 52 7
52 71 7
F8
512
99 89 8
89 87 8
87 53 8
53 50 8
50 33 8
33 32 8
32 29 8
F9
512
100 76 9
76 98 9
98 63 9
F10
1024
21 16 10
16 11 10
11 14 10
