F1
256
72 50 1
50 53 1
53 73 1
F2
256
22 21 2
21 16 2
16 11 2
11 58 2
58 44 2
44 60 2
F3
256
27 63 3
63 98 3
98 76 3
76 61 3
61 28 3
F4
512
46 52 4
52 58 4
58 11 4
11 16 4
16 21 4
21 24 4
24 15 4
F5
512
100 76 5
76 98 5
98 63 5
F6
512
90 85 6
85 100 6
100 76 6
76 61 6
61 28 6
28 25 6
25 30 6
F7
512
38 47 7
47 53 7
53 50 7
50 72 7
72 68 7
68 93 7
F8
1024
5 7 8
7 9 8
9 13 8
13 11 8
11 16 8
16 21 8
21 26 8
26 19 8
F9
1024
48 34 9
34 33 9
33 50 9
50 53 9
53 73 9
73 51 9
F10
1024
79 56 10
56 35 10
35 55 10
55 67 10
