F1
128
89 87 1
87 68 1
68 76 1
76 61 1
F2
128
10 12 2
12 14 2
14 11 2
11 56 2
56 79 2
79 75 2
F3
256
85 91 3
91 100 3
100 76 3
76 82 3
82 74 3
74 81 3
F4
256
99 89 4
89 87 4
87 53 4
53 50 4
50 33 4
33 32 4
32 29 4
F5
256
72 50 5
50 53 5
53 73 5
F6
512
99 89 6
89 87 6
87 53 6
53 50 6
50 33 6
33 32 6
32 29 6
F7
512
7 9 7
9 13 7
13 11 7
11 58 7
58 52 7
F8
512
26 21 8
21 16 8
16 11 8
11 58 8
58 56 8
56 83 8
F9
512
27 63 9
63 98 9
98 76 9
76 61 9
61 28 9
F10
1024
38 47 10
47 53 10
53 50 10
50 72 10
72 68 10
68 93 10
