F1
128
37 32 1
32 39 1
39 50 1
50 28 1
28 23 1
23 40 1
F2
128
20 58 2
58 11 2
11 13 2
13 9 2
F3
256
99 89 3
89 87 3
87 53 3
53 50 3
50 33 3
33 32 3
32 29 3
F4
256
37 32 4
32 39 4
39 50 4
50 28 4
28 23 4
23 40 4
F5
256
22 18 5
18 14 5
14 11 5
11 58 5
58 52 5
52 71 5
F6
256
22 18 6
18 14 6
14 11 6
11 58 6
58 52 6
52 71 6
F7
512
47 33 7
33 50 7
50 39 7
F8
1024
48 34 8
34 33 8
33 50 8
50 53 8
53 73 8
73 51 8
F9
1024
1 6 9
6 8 9
8 35 9
35 56 9
56 44 9
44 60 9
F10
1024
4 41 10
41 55 10
55 35 10
35 13 10
