F1
128
4 41 1
41 55 1
55 35 1
35 13 1
F2
128
5 7 2
7 9 2
9 13 2
13 11 2
11 16 2
16 21 2
21 26 2
26 19 2
F3
128
38 47 3
47 53 3
53 50 3
50 72 3
72 68 3
68 93 3
F4
256
85 91 4
91 100 4
100 76 4
76 82 4
82 74 4
74 81 4
F5
256
21 16 5
16 11 5
11 14 5
F6
256
79 56 6
56 35 6
35 55 6
55 67 6
F7
256
37 32 7
32 39 7
39 50 7
50 28 7
28 23 7
23 40 7
F8
512
47 33 8
33 50 8
50 39 8
F9
1024
46 52 9
52 58 9
58 11 9
11 16 9
16 21 9
21 24 9
24 15 9
F10
1024
2 1 10
1 6 10
6 8 10
8 35 10
35 55 10
55 67 10
67 62 10
62 64 10
