F1
128
8 35 1
35 55 1
55 41 1
F2
256
48 34 2
34 33 2
33 50 2
50 53 2
53 73 2
73 51 2
F3
256
17 14 3
14 11 3
11 56 3
56 79 3
79 88 3
F4
256
54 31 4
31 41 4
41 8 4
8 35 4
35 56 4
56 58 4
58 16 4
F5
1024
21 16 5
16 11 5
11 14 5
F6
1024
42 77 6
77 70 6
70 98 6
98 76 6
76 68 6
68 87 6
F7
1024
42 77 7
77 70 7
70 98 7
98 76 7
76 68 7
68 87 7
F8
1024
3 4 8
4 41 8
41 8 8
8 35 8
35 83 8
83 49 8
49 66 8
66 59 8
F9
1024
5 7 9
7 9 9
9 13 9
13 11 9
11 16 9
16 21 9
21 26 9
26 19 9
F10
1024
90 85 10
85 100 10
100 76 10
76 61 10
61 28 10
28 25 10
25 30 10
