F1
128
17 14 1
14 11 1
11 56 1
56 79 1
79 88 1
F2
128
8 35 2
35 55 2
55 41 2
F3
128
18 14 3
14 11 3
11 56 3
56 83 3
83 49 3
49 69 3
F4
256
54 31 4
31 41 4
41 8 4
8 35 4
35 56 4
56 58 4
58 16 4
F5
256
48 34 5
34 33 5
33 50 5
50 53 5
53 73 5
73 51 5
F6
256
24 20 6
20 16 6
16 11 6
11 13 6
13 12 6
F7
512
38 47 7
47 53 7
53 50 7
50 72 7
72 68 7
68 93 7
F8
512
2 1 8
1 6 8
6 8 8
8 35 8
35 55 8
55 67 8
67 62 8
62 64 8
F9
1024
84 73 9
73 53 9
53 50 9
50 39 9
39 36 9
F10
1024
25 28 10
28 61 10
61 76 10
76 98 10
98 63 10
63 65 10
