F1
128
10 12 1
12 14 1
14 11 1
11 56 1
56 79 1
79 75 1
F2
128
25 28 2
28 61 2
61 76 2
76 98 2
98 63 2
63 65 2
F3
128
18 14 3
14 11 3
11 56 3
56 83 3
83 49 3
49 69 3
F4
128
7 9 4
9 13 4
13 11 4
11 58 4
58 52 4
F5
128
1 6 5
6 8 5
8 35 5
35 56 5
56 44 5
44 60 5
F6
512
22 18 6
18 14 6
14 11 6
11 58 6
58 52 6
52 71 6
F7
512
2 1 7
1 6 7
6 8 7
8 35 7
35 55 7
55 67 7
67 62 7
62 64 7
F8
512
89 87 8
87 68 8
68 76 8
76 61 8
F9
512
47 33 9
33 50 9
50 39 9
F10
512
26 21 10
21 16 10
16 11 10
11 58 10
58 56 10
56 83 10
