F1
128
2 1 1
1 6 1
6 8 1
8 35 1
35 55 1
55 67 1
67 62 1
62 64 1
F2
128
92 96 2
96 93 2
93 68 2
68 76 2
76 82 2
82 95 2
F3
128
10 12 3
12 14 3
14 11 3
11 56 3
56 79 3
79 75 3
F4
128
7 9 4
9 13 4
13 11 4
11 58 4
58 52 4
F5
256
66 49 5
49 83 5
83 35 5
35 56 5
F6
256
37 32 6
32 39 6
39 50 6
50 28 6
28 23 6
23 40 6
F7
256
22 21 7
21 16 7
16 11 7
11 58 7
58 44 7
44 60 7
F8
512
85 91 8
91 100 8
100 76 8
76 82 8
82 74 8
74 81 8
F9
1024
92 96 9
96 93 9
93 68 9
68 76 9
76 82 9
82 95 9
F10
1024
90 85 10
85 100 10
100 76 10
76 61 10
61 28 10
28 25 10
25 30 10
