F1
128
80 78 1
78 93 1
93 68 1
68 76 1
76 100 1
100 91 1
F2
128
47 33 2
33 50 2
50 39 2
F3
256
100 76 3
76 98 3
98 63 3
F4
256
7 9 4
9 13 4
13 11 4
11 58 4
58 52 4
F5
256
5 7 5
7 9 5
9 13 5
13 11 5
11 16 5
16 21 5
21 26 5
26 19 5
F6
256
27 63 6
63 98 6
98 76 6
76 61 6
61 28 6
F7
1024
48 34 7
34 33 7
33 50 7
50 53 7
53 73 7
73 51 7
F8
1024
18 14 8
14 11 8
11 56 8
56 83 8
83 49 8
49 69 8
F9
1024
3 4 9
4 41 9
41 8 9
8 35 9
35 83 9
83 49 9
49 66 9
66 59 9
F10
1024
18 14 10
14 11 10
11 56 10
56 83 10
83 49 10
49 69 10
