F1
128
10 12 1
12 14 1
14 11 1
11 56 1
56 79 1
79 75 1
F2
256
18 14 2
14 11 2
11 56 2
56 83 2
83 49 2
49 69 2
F3
512
46 52 3
52 58 3
58 11 3
11 16 3
16 21 3
21 24 3
24 15 3
F4
512
1 6 4
6 8 4
8 35 4
35 56 4
56 44 4
44 60 4
F5
512
17 14 5
14 11 5
11 56 5
56 79 5
79 88 5
F6
512
54 31 6
31 41 6
41 8 6
8 35 6
35 56 6
56 58 6
58 16 6
F7
512
79 56 7
56 35 7
35 55 7
55 67 7
F8
1024
72 50 8
50 53 8
53 73 8
F9
1024
94 97 9
97 86 9
86 68 9
68 76 9
76 82 9
82 74 9
F10
1024
22 21 10
21 16 10
16 11 10
11 58 10
58 44 10
44 60 10
