F1
128
20 58 1
58 11 1
11 13 1
13 9 1
F2
128
89 87 2
87 68 2
68 76 2
76 61 2
F3
128
22 21 3
21 16 3
16 11 3
11 58 3
58 44 3
44 60 3
F4
128
2 1 4
1 6 4
6 8 4
8 35 4
35 55 4
55 67 4
67 62 4
62 64 4
F5
128
94 97 5
97 86 5
86 68 5
68 76 5
76 82 5
82 74 5
F6
256
89 87 6
87 68 6
68 76 6
76 61 6
F7
256
17 14 7
14 11 7
11 56 7
56 79 7
79 88 7
F8
256
4 41 8
41 55 8
55 35 8
35 13 8
F9
1024
45 37 9
37 32 9
32 39 9
39 50 9
50 72 9
72 68 9
68 86 9
86 97 9
F10
1024
92 96 10
96 93 10
93 68 10
68 76 10
76 82 10
82 95 10
