F1
128
10 12 1
12 14 1
14 11 1
11 56 1
56 79 1
79 75 1
F2
256
10 12 2
12 14 2
14 11 2
11 56 2
56 79 2
79 75 2
F3
256
5 7 3
7 9 3
9 13 3
13 11 3
11 16 3
16 21 3
21 26 3
26 19 3
F4
256
84 73 4
73 53 4
53 50 4
50 39 4
39 36 4
F5
256
54 31 5
31 41 5
41 8 5
8 35 5
35 56 5
56 58 5
58 16 5
F6
512
85 91 6
91 100 6
100 76 6
76 82 6
82 74 6
74 81 6
F7
512
99 89 7
89 87 7
87 53 7
53 50 7
50 33 7
33 32 7
32 29 7
F8
1024
24 20 8
20 16 8
16 11 8
11 13 8
13 12 8
F9
1024
89 87 9
87 68 9
68 76 9
76 61 9
F10
1024
37 32 10
32 39 10
39 50 10
50 28 10
28 23 10
23 40 10
