F1
256
45 37 1
37 32 1
32 39 1
39 50 1
50 72 1
72 68 1
68 86 1
86 97 1
F2
256
22 21 2
21 16 2
16 11 2
11 58 2
58 44 2
44 60 2
F3
256
66 49 3
49 83 3
83 35 3
35 56 3
F4
256
46 52 4
52 58 4
58 11 4
11 16 4
16 21 4
21 24 4
24 15 4
F5
256
7 9 5
9 13 5
13 11 5
11 58 5
58 52 5
F6
256
84 73 6
73 53 6
53 50 6
50 39 6
39 36 6
F7
512
45 37 7
37 32 7
32 39 7
39 50 7
50 72 7
72 68 7
68 86 7
86 97 7
F8
512
45 37 8
37 32 8
32 39 8
39 50 8
50 72 8
72 68 8
68 86 8
86 97 8
F9
512
54 31 9
31 41 9
41 8 9
8 35 9
35 56 9
56 58 9
58 16 9
F10
512
25 28 10
28 61 10
61 76 10
76 98 10
98 63 10
63 65 10
F11
512
18 14 11
14 11 11
11 56 11
56 83 11
83 49 11
49 69 11
F12
512
25 28 12
28 61 12
61 76 12
76 98 12
98 63 12
63 65 12
F13
512
22 18 13
18 14 13
14 11 13
11 58 13
58 52 13
52 71 13
F14
1024
48 34 14
34 33 14
33 50 14
50 53 14
53 73 14
73 51 14
F15
1024
43 4 15
4 6 15
6 8 15
8 35 15
35 55 15
F16
1024
38 47 16
47 53 16
53 50 16
50 72 16
72 68 16
68 93 16
F17
1024
54 31 17
31 41 17
41 8 17
8 35 17
35 56 17
56 58 17
58 16 17
F18
1024
94 97 18
97 86 18
86 68 18
68 76 18
76 82 18
82 74 18
F19
1024
3 4 19
4 41 19
41 8 19
8 35 19
35 83 19
83 49 19
49 66 19
66 59 19
F20
1024
3 4 20
4 41 20
41 8 20
8 35 20
35 83 20
83 49 20
49 66 20
66 59 20
