F1
256
42 77 1
77 70 1
70 98 1
98 76 1
76 68 1
68 87 1
F2
256
90 85 2
85 100 2
100 76 2
76 61 2
61 28 2
28 25 2
25 30 2
F3
256
89 87 3
87 68 3
68 76 3
76 61 3
F4
256
94 97 4
97 86 4
86 68 4
68 76 4
76 82 4
82 74 4
F5
256
46 52 5
52 58 5
58 11 5
11 16 5
16 21 5
21 24 5
24 15 5
F6
256
79 56 6
56 35 6
35 55 6
55 67 6
F7
256
54 31 7
31 41 7
41 8 7
8 35 7
35 56 7
56 58 7
58 16 7
F8
512
84 73 8
73 53 8
53 50 8
50 39 8
39 36 8
F9
512
99 89 9
89 87 9
87 53 9
53 50 9
50 33 9
33 32 9
32 29 9
F10
512
17 14 10
14 11 10
11 56 10
56 79 10
79 88 10
F11
512
100 76 11
76 98 11
98 63 11
F12
512
17 14 12
14 11 12
11 56 12
56 79 12
79 88 12
F13
512
47 33 13
33 50 13
50 39 13
F14
1024
3 4 14
4 41 14
41 8 14
8 35 14
35 83 14
83 49 14
49 66 14
66 59 14
F15
1024
38 47 15
47 53 15
53 50 15
50 72 15
72 68 15
68 93 15
F16
1024
89 87 16
87 68 16
68 76 16
76 61 16
F17
1024
42 77 17
77 70 17
70 98 17
98 76 17
76 68 17
68 87 17
F18
1024
20 58 18
58 11 18
11 13 18
13 9 18
F19
1024
90 85 19
85 100 19
100 76 19
76 61 19
61 28 19
28 25 19
25 30 19
F20
1024
42 77 20
77 70 20
70 98 20
98 76 20
76 68 20
68 87 20
