F1
256
20 58 1
58 11 1
11 13 1
13 9 1
F2
256
33 50 2
50 57 2
F3
256
24 20 3
20 16 3
16 11 3
11 13 3
13 12 3
F4
256
72 50 4
50 53 4
53 73 4
F5
256
18 14 5
14 11 5
11 56 5
56 83 5
83 49 5
49 69 5
F6
256
66 49 6
49 83 6
83 35 6
35 56 6
F7
512
20 58 7
58 11 7
11 13 7
13 9 7
F8
512
4 41 8
41 55 8
55 35 8
35 13 8
F9
512
48 34 9
34 33 9
33 50 9
50 53 9
53 73 9
73 51 9
F10
512
18 14 10
14 11 10
11 56 10
56 83 10
83 49 10
49 69 10
F11
512
42 77 11
77 70 11
70 98 11
98 76 11
76 68 11
68 87 11
F12
512
79 56 12
56 35 12
35 55 12
55 67 12
F13
512
90 85 13
85 100 13
100 76 13
76 61 13
61 28 13
28 25 13
25 30 13
F14
512
37 32 14
32 39 14
39 50 14
50 28 14
28 23 14
23 40 14
F15
1024
33 50 15
50 57 15
F16
1024
72 50 16
50 53 16
53 73 16
F17
1024
47 33 17
33 50 17
50 39 17
F18
1024
42 77 18
77 70 18
70 98 18
98 76 18
76 68 18
68 87 18
F19
1024
22 18 19
18 14 19
14 11 19
11 58 19
58 52 19
52 71 19
F20
1024
54 31 20
31 41 20
41 8 20
8 35 20
35 56 20
56 58 20
58 16 20
