F1
256
10 12 1
12 14 1
14 11 1
11 56 1
56 79 1
79 75 1
F2
256
42 77 2
77 70 2
70 98 2
98 76 2
76 68 2
68 87 2
F3
256
79 56 3
56 35 3
35 55 3
55 67 3
F4
256
22 18 4
18 14 4
14 11 4
11 58 4
58 52 4
52 71 4
F5
256
94 97 5
97 86 5
86 68 5
68 76 5
76 82 5
82 74 5
F6
512
27 63 6
63 98 6
98 76 6
76 61 6
61 28 6
F7
512
22 21 7
21 16 7
16 11 7
11 58 7
58 44 7
44 60 7
F8
512
85 91 8
91 100 8
100 76 8
76 82 8
82 74 8
74 81 8
F9
512
4 41 9
41 55 9
55 35 9
35 13 9
F10
512
22 21 10
21 16 10
16 11 10
11 58 10
58 44 10
44 60 10
F11
512
84 73 11
73 53 11
53 50 11
50 39 11
39 36 11
F12
1024
47 33 12
33 50 12
50 39 12
F13
1024
22 21 13
21 16 13
16 11 13
11 58 13
58 44 13
44 60 13
F14
1024
25 28 14
28 61 14
61 76 14
76 98 14
98 63 14
63 65 14
F15
1024
47 33 15
33 50 15
50 39 15
F16
1024
85 91 16
91 100 16
100 76 16
76 82 16
82 74 16
74 81 16
F17
1024
21 16 17
16 11 17
11 14 17
F18
1024
79 56 18
56 35 18
35 55 18
55 67 18
F19
1024
84 73 19
73 53 19
53 50 19
50 39 19
39 36 19
F20
1024
90 85 20
85 100 20
100 76 20
76 61 20
61 28 20
28 25 20
25 30 20
