F1
256
33 50 1
50 57 1
F2
256
4 41 2
41 55 2
55 35 2
35 13 2
F3
256
45 37 3
37 32 3
32 39 3
39 50 3
50 72 3
72 68 3
68 86 3
86 97 3
F4
256
17 14 4
14 11 4
11 56 4
56 79 4
79 88 4
F5
256
7 9 5
9 13 5
13 11 5
11 58 5
58 52 5
F6
256
27 63 6
63 98 6
98 76 6
76 61 6
61 28 6
F7
256
21 16 7
16 11 7
11 14 7
F8
512
25 28 8
28 61 8
61 76 8
76 98 8
98 63 8
63 65 8
F9
512
2 1 9
1 6 9
6 8 9
8 35 9
35 55 9
55 67 9
67 62 9
62 64 9
F10
512
42 77 10
77 70 10
70 98 10
98 76 10
76 68 10
68 87 10
F11
512
21 16 11
16 11 11
11 14 11
F12
512
80 78 12
78 93 12
93 68 12
68 76 12
76 100 12
100 91 12
F13
1024
24 20 13
20 16 13
16 11 13
11 13 13
13 12 13
F14
1024
25 28 14
28 61 14
61 76 14
76 98 14
98 63 14
63 65 14
F15
1024
46 52 15
52 58 15
58 11 15
11 16 15
16 21 15
21 24 15
24 15 15
F16
1024
18 14 16
14 11 16
11 56 16
56 83 16
83 49 16
49 69 16
F17
1024
7 9 17
9 13 17
13 11 17
11 58 17
58 52 17
F18
1024
25 28 18
28 61 18
61 76 18
76 98 18
98 63 18
63 65 18
F19
1024
72 50 19
50 53 19
53 73 19
F20
1024
48 34 20
34 33 20
33 50 20
50 53 20
53 73 20
73 51 20
