F1
256
79 56 1
56 35 1
35 55 1
55 67 1
F2
256
38 47 2
47 53 2
53 50 2
50 72 2
72 68 2
68 93 2
F3
256
43 4 3
4 6 3
6 8 3
8 35 3
35 55 3
F4
256
45 37 4
37 32 4
32 39 4
39 50 4
50 72 4
72 68 4
68 86 4
86 97 4
F5
256
94 97 5
97 86 5
86 68 5
68 76 5
76 82 5
82 74 5
F6
256
1 6 6
6 8 6
8 35 6
35 56 6
56 44 6
44 60 6
F7
256
27 63 7
63 98 7
98 76 7
76 61 7
61 28 7
F8
256
27 63 8
63 98 8
98 76 8
76 61 8
61 28 8
F9
512
2 1 9
1 6 9
6 8 9
8 35 9
35 55 9
55 67 9
67 62 9
62 64 9
F10
512
27 63 10
63 98 10
98 76 10
76 61 10
61 28 10
F11
512
85 91 11
91 100 11
100 76 11
76 82 11
82 74 11
74 81 11
F12
512
37 32 12
32 39 12
39 50 12
50 28 12
28 23 12
23 40 12
F13
512
26 21 13
21 16 13
16 11 13
11 58 13
58 56 13
56 83 13
F14
512
90 85 14
85 100 14
100 76 14
76 61 14
61 28 14
28 25 14
25 30 14
F15
1024
94 97 15
97 86 15
86 68 15
68 76 15
76 82 15
82 74 15
F16
1024
20 58 16
58 11 16
11 13 16
13 9 16
F17
1024
80 78 17
78 93 17
93 68 17
68 76 17
76 100 17
100 91 17
F18
1024
18 14 18
14 11 18
11 56 18
56 83 18
83 49 18
49 69 18
F19
1024
84 73 19
73 53 19
53 50 19
50 39 19
39 36 19
F20
1024
20 58 20
58 11 20
11 13 20
13 9 20
