F1
256
43 4 1
4 6 1
6 8 1
8 35 1
35 55 1
F2
256
2 1 2
1 6 2
6 8 2
8 35 2
35 55 2
55 67 2
67 62 2
62 64 2
F3
256
24 20 3
20 16 3
16 11 3
11 13 3
13 12 3
F4
256
37 32 4
32 39 4
39 50 4
50 28 4
28 23 4
23 40 4
F5
256
80 78 5
78 93 5
93 68 5
68 76 5
76 100 5
100 91 5
F6
256
84 73 6
73 53 6
53 50 6
50 39 6
39 36 6
F7
256
45 37 7
37 32 7
32 39 7
39 50 7
50 72 7
72 68 7
68 86 7
86 97 7
F8
256
2 1 8
1 6 8
6 8 8
8 35 8
35 55 8
55 67 8
67 62 8
62 64 8
F9
512
72 50 9
50 53 9
53 73 9
F10
512
100 76 10
76 98 10
98 63 10
F11
512
89 87 11
87 68 11
68 76 11
76 61 11
F12
512
26 21 12
21 16 12
16 11 12
11 58 12
58 56 12
56 83 12
F13
512
5 7 13
7 9 13
9 13 13
13 11 13
11 16 13
16 21 13
21 26 13
26 19 13
F14
512
27 63 14
63 98 14
98 76 14
76 61 14
61 28 14
F15
512
17 14 15
14 11 15
11 56 15
56 79 15
79 88 15
F16
512
8 35 16
35 55 16
55 41 16
F17
512
99 89 17
89 87 17
87 53 17
53 50 17
50 33 17
33 32 17
32 29 17
F18
1024
92 96 18
96 93 18
93 68 18
68 76 18
76 82 18
82 95 18
F19
1024
1 6 19
6 8 19
8 35 19
35 56 19
56 44 19
44 60 19
F20
1024
17 14 20
14 11 20
11 56 20
56 79 20
79 88 20
