F1
256
26 21 1
21 16 1
16 11 1
11 58 1
58 56 1
56 83 1
F2
256
43 4 2
4 6 2
6 8 2
8 35 2
35 55 2
F3
512
43 4 3
4 6 3
6 8 3
8 35 3
35 55 3
F4
512
2 1 4
1 6 4
6 8 4
8 35 4
35 55 4
55 67 4
67 62 4
62 64 4
F5
512
22 18 5
18 14 5
14 11 5
11 58 5
58 52 5
52 71 5
F6
512
42 77 6
77 70 6
70 98 6
98 76 6
76 68 6
68 87 6
F7
512
22 18 7
18 14 7
14 11 7
11 58 7
58 52 7
52 71 7
F8
512
24 20 8
20 16 8
16 11 8
11 13 8
13 12 8
F9
512
94 97 9
97 86 9
86 68 9
68 76 9
76 82 9
82 74 9
F10
512
37 32 10
32 39 10
39 50 10
50 28 10
28 23 10
23 40 10
F11
512
22 21 11
21 16 11
16 11 11
11 58 11
58 44 11
44 60 11
F12
512
99 89 12
89 87 12
87 53 12
53 50 12
50 33 12
33 32 12
32 29 12
F13
512
20 58 13
58 11 13
11 13 13
13 9 13
F14
512
17 14 14
14 11 14
11 56 14
56 79 14
79 88 14
F15
1024
47 33 15
33 50 15
50 39 15
F16
1024
90 85 16
85 100 16
100 76 16
76 61 16
61 28 16
28 25 16
25 30 16
F17
1024
47 33 17
33 50 17
50 39 17
F18
1024
94 97 18
97 86 18
86 68 18
68 76 18
76 82 18
82 74 18
F19
1024
90 85 19
85 100 19
100 76 19
76 61 19
61 28 19
28 25 19
25 30 19
F20
1024
89 87 20
87 68 20
68 76 20
76 61 20
