F1
256
85 91 1
91 100 1
100 76 1
76 82 1
82 74 1
74 81 1
F2
256
2 1 2
1 6 2
6 8 2
8 35 2
35 55 2
55 67 2
67 62 2
62 64 2
F3
256
79 56 3
56 35 3
35 55 3
55 67 3
F4
256
54 31 4
31 41 4
41 8 4
8 35 4
35 56 4
56 58 4
58 16 4
F5
256
79 56 5
56 35 5
35 55 5
55 67 5
F6
256
10 12 6
12 14 6
14 11 6
11 56 6
56 79 6
79 75 6
F7
256
38 47 7
47 53 7
53 50 7
50 72 7
72 68 7
68 93 7
F8
256
4 41 8
41 55 8
55 35 8
35 13 8
F9
256
89 87 9
87 68 9
68 76 9
76 61 9
F10
256
17 14 10
14 11 10
11 56 10
56 79 10
79 88 10
F11
256
84 73 11
73 53 11
53 50 11
50 39 11
39 36 11
F12
512
27 63 12
63 98 12
98 76 12
76 61 12
61 28 12
F13
512
5 7 13
7 9 13
9 13 13
13 11 13
11 16 13
16 21 13
21 26 13
26 19 13
F14
1024
99 89 14
89 87 14
87 53 14
53 50 14
50 33 14
33 32 14
32 29 14
F15
1024
24 20 15
20 16 15
16 11 15
11 13 15
13 12 15
F16
1024
17 14 16
14 11 16
11 56 16
56 79 16
79 88 16
F17
1024
33 50 17
50 57 17
F18
1024
3 4 18
4 41 18
41 8 18
8 35 18
35 83 18
83 49 18
49 66 18
66 59 18
F19
1024
72 50 19
50 53 19
53 73 19
F20
1024
45 37 20
37 32 20
32 39 20
39 50 20
50 72 20
72 68 20
68 86 20
86 97 20
