F1
256
66 49 1
49 83 1
83 35 1
35 56 1
F2
256
92 96 2
96 93 2
93 68 2
68 76 2
76 82 2
82 95 2
F3
256
48 34 3
34 33 3
33 50 3
50 53 3
53 73 3
73 51 3
F4
256
10 12 4
12 14 4
14 11 4
11 56 4
56 79 4
79 75 4
F5
256
54 31 5
31 41 5
41 8 5
8 35 5
35 56 5
56 58 5
58 16 5
F6
256
100 76 6
76 98 6
98 63 6
F7
256
2 1 7
1 6 7
6 8 7
8 35 7
35 55 7
55 67 7
67 62 7
62 64 7
F8
512
54 31 8
31 41 8
41 8 8
8 35 8
35 56 8
56 58 8
58 16 8
F9
512
89 87 9
87 68 9
68 76 9
76 61 9
F10
512
99 89 10
89 87 10
87 53 10
53 50 10
50 33 10
33 32 10
32 29 10
F11
512
20 58 11
58 11 11
11 13 11
13 9 11
F12
512
8 35 12
35 55 12
55 41 12
F13
512
22 18 13
18 14 13
14 11 13
11 58 13
58 52 13
52 71 13
F14
512
33 50 14
50 57 14
F15
1024
100 76 15
76 98 15
98 63 15
F16
1024
84 73 16
73 53 16
53 50 16
50 39 16
39 36 16
F17
1024
8 35 17
35 55 17
55 41 17
F18
1024
100 76 18
76 98 18
98 63 18
F19
1024
10 12 19
12 14 19
14 11 19
11 56 19
56 79 19
79 75 19
F20
1024
100 76 20
76 98 20
98 63 20
