F1
256
45 37 1
37 32 1
32 39 1
39 50 1
50 72 1
72 68 1
68 86 1
86 97 1
F2
256
66 49 2
49 83 2
83 35 2
35 56 2
F3
256
37 32 3
32 39 3
39 50 3
50 28 3
28 23 3
23 40 3
F4
256
7 9 4
9 13 4
13 11 4
11 58 4
58 52 4
F5
256
99 89 5
89 87 5
87 53 5
53 50 5
50 33 5
33 32 5
32 29 5
F6
256
22 18 6
18 14 6
14 11 6
11 58 6
58 52 6
52 71 6
F7
256
4 41 7
41 55 7
55 35 7
35 13 7
F8
256
45 37 8
37 32 8
32 39 8
39 50 8
50 72 8
72 68 8
68 86 8
86 97 8
F9
256
5 7 9
7 9 9
9 13 9
13 11 9
11 16 9
16 21 9
21 26 9
26 19 9
F10
512
7 9 10
9 13 10
13 11 10
11 58 10
58 52 10
F11
512
92 96 11
96 93 11
93 68 11
68 76 11
76 82 11
82 95 11
F12
512
4 41 12
41 55 12
55 35 12
35 13 12
F13
512
99 89 13
89 87 13
87 53 13
53 50 13
50 33 13
33 32 13
32 29 13
F14
512
90 85 14
85 100 14
100 76 14
76 61 14
61 28 14
28 25 14
25 30 14
F15
1024
80 78 15
78 93 15
93 68 15
68 76 15
76 100 15
100 91 15
F16
1024
42 77 16
77 70 16
70 98 16
98 76 16
76 68 16
68 87 16
F17
1024
42 77 17
77 70 17
70 98 17
98 76 17
76 68 17
68 87 17
F18
1024
84 73 18
73 53 18
53 50 18
50 39 18
39 36 18
F19
1024
72 50 19
50 53 19
53 73 19
F20
1024
26 21 20
21 16 20
16 11 20
11 58 20
58 56 20
56 83 20
