F1
256
24 20 1
20 16 1
16 11 1
11 13 1
13 12 1
F2
256
46 52 2
52 58 2
58 11 2
11 16 2
16 21 2
21 24 2
24 15 2
F3
256
25 28 3
28 61 3
61 76 3
76 98 3
98 63 3
63 65 3
F4
256
85 91 4
91 100 4
100 76 4
76 82 4
82 74 4
74 81 4
F5
256
21 16 5
16 11 5
11 14 5
F6
256
42 77 6
77 70 6
70 98 6
98 76 6
76 68 6
68 87 6
F7
512
94 97 7
97 86 7
86 68 7
68 76 7
76 82 7
82 74 7
F8
512
84 73 8
73 53 8
53 50 8
50 39 8
39 36 8
F9
512
80 78 9
78 93 9
93 68 9
68 76 9
76 100 9
100 91 9
F10
512
7 9 10
9 13 10
13 11 10
11 58 10
58 52 10
F11
512
80 78 11
78 93 11
93 68 11
68 76 11
76 100 11
100 91 11
F12
512
100 76 12
76 98 12
98 63 12
F13
512
72 50 13
50 53 13
53 73 13
F14
512
48 34 14
34 33 14
33 50 14
50 53 14
53 73 14
73 51 14
F15
512
5 7 15
7 9 15
9 13 15
13 11 15
11 16 15
16 21 15
21 26 15
26 19 15
F16
512
25 28 16
28 61 16
61 76 16
76 98 16
98 63 16
63 65 16
F17
1024
72 50 17
50 53 17
53 73 17
F18
1024
18 14 18
14 11 18
11 56 18
56 83 18
83 49 18
49 69 18
F19
1024
90 85 19
85 100 19
100 76 19
76 61 19
61 28 19
28 25 19
25 30 19
F20
1024
46 52 20
52 58 20
58 11 20
11 16 20
16 21 20
21 24 20
24 15 20
