F1
256
54 31 1
31 41 1
41 8 1
8 35 1
35 56 1
56 58 1
58 16 1
F2
256
18 14 2
14 11 2
11 56 2
56 83 2
83 49 2
49 69 2
F3
256
66 49 3
49 83 3
83 35 3
35 56 3
F4
256
7 9 4
9 13 4
13 11 4
11 58 4
58 52 4
F5
256
4 41 5
41 55 5
55 35 5
35 13 5
F6
512
38 47 6
47 53 6
53 50 6
50 72 6
72 68 6
68 93 6
F7
512
43 4 7
4 6 7
6 8 7
8 35 7
35 55 7
F8
512
90 85 8
85 100 8
100 76 8
76 61 8
61 28 8
28 25 8
25 30 8
F9
512
24 20 9
20 16 9
16 11 9
11 13 9
13 12 9
F10
512
25 28 10
28 61 10
61 76 10
76 98 10
98 63 10
63 65 10
F11
512
66 49 11
49 83 11
83 35 11
35 56 11
F12
512
100 76 12
76 98 12
98 63 12
F13
512
4 41 13
41 55 13
55 35 13
35 13 13
F14
512
24 20 14
20 16 14
16 11 14
11 13 14
13 12 14
F15
1024
26 21 15
21 16 15
16 11 15
11 58 15
58 56 15
56 83 15
F16
1024
38 47 16
47 53 16
53 50 16
50 72 16
72 68 16
68 93 16
F17
1024
33 50 17
50 57 17
F18
1024
94 97 18
97 86 18
86 68 18
68 76 18
76 82 18
82 74 18
F19
1024
21 16 19
16 11 19
11 14 19
F20
1024
4 41 20
41 55 20
55 35 20
35 13 20
