F1
256
1 6 1
6 8 1
8 35 1
35 56 1
56 44 1
44 60 1
F2
256
37 32 2
32 39 2
39 50 2
50 28 2
28 23 2
23 40 2
F3
256
92 96 3
96 93 3
93 68 3
68 76 3
76 82 3
82 95 3
F4
256
42 77 4
77 70 4
70 98 4
98 76 4
76 68 4
68 87 4
F5
256
8 35 5
35 55 5
55 41 5
F6
256
22 21 6
21 16 6
16 11 6
11 58 6
58 44 6
44 60 6
F7
256
22 18 7
18 14 7
14 11 7
11 58 7
58 52 7
52 71 7
F8
256
45 37 8
37 32 8
32 39 8
39 50 8
50 72 8
72 68 8
68 86 8
86 97 8
F9
512
66 49 9
49 83 9
83 35 9
35 56 9
F10
512
79 56 10
56 35 10
35 55 10
55 67 10
F11
512
33 50 11
50 57 11
F12
512
99 89 12
89 87 12
87 53 12
53 50 12
50 33 12
33 32 12
32 29 12
F13
512
7 9 13
9 13 13
13 11 13
11 58 13
58 52 13
F14
512
7 9 14
9 13 14
13 11 14
11 58 14
58 52 14
F15
512
99 89 15
89 87 15
87 53 15
53 50 15
50 33 15
33 32 15
32 29 15
F16
512
18 14 16
14 11 16
11 56 16
56 83 16
83 49 16
49 69 16
F17
512
27 63 17
63 98 17
98 76 17
76 61 17
61 28 17
F18
512
1 6 18
6 8 18
8 35 18
35 56 18
56 44 18
44 60 18
F19
1024
79 56 19
56 35 19
35 55 19
55 67 19
F20
1024
33 50 20
50 57 20
