F1
256
37 32 1
32 39 1
39 50 1
50 28 1
28 23 1
23 40 1
F2
256
1 6 2
6 8 2
8 35 2
35 56 2
56 44 2
44 60 2
F3
256
22 21 3
21 16 3
16 11 3
11 58 3
58 44 3
44 60 3
F4
256
37 32 4
32 39 4
39 50 4
50 28 4
28 23 4
23 40 4
F5
256
54 31 5
31 41 5
41 8 5
8 35 5
35 56 5
56 58 5
58 16 5
F6
256
4 41 6
41 55 6
55 35 6
35 13 6
F7
256
46 52 7
52 58 7
58 11 7
11 16 7
16 21 7
21 24 7
24 15 7
F8
512
43 4 8
4 6 8
6 8 8
8 35 8
35 55 8
F9
512
84 73 9
73 53 9
53 50 9
50 39 9
39 36 9
F10
512
17 14 10
14 11 10
11 56 10
56 79 10
79 88 10
F11
512
47 33 11
33 50 11
50 39 11
F12
512
43 4 12
4 6 12
6 8 12
8 35 12
35 55 12
F13
512
100 76 13
76 98 13
98 63 13
F14
1024
25 28 14
28 61 14
61 76 14
76 98 14
98 63 14
63 65 14
F15
1024
47 33 15
33 50 15
50 39 15
F16
1024
45 37 16
37 32 16
32 39 16
39 50 16
50 72 16
72 68 16
68 86 16
86 97 16
F17
1024
85 91 17
91 100 17
100 76 17
76 82 17
82 74 17
74 81 17
F18
1024
47 33 18
33 50 18
50 39 18
F19
1024
27 63 19
63 98 19
98 76 19
76 61 19
61 28 19
F20
1024
22 18 20
18 14 20
14 11 20
11 58 20
58 52 20
52 71 20
