F1
256
72 50 1
50 53 1
53 73 1
F2
256
54 31 2
31 41 2
41 8 2
8 35 2
35 56 2
56 58 2
58 16 2
F3
256
79 56 3
56 35 3
35 55 3
55 67 3
F4
256
25 28 4
28 61 4
61 76 4
76 98 4
98 63 4
63 65 4
F5
256
79 56 5
56 35 5
35 55 5
55 67 5
F6
256
100 76 6
76 98 6
98 63 6
F7
512
80 78 7
78 93 7
93 68 7
68 76 7
76 100 7
100 91 7
F8
512
72 50 8
50 53 8
53 73 8
F9
512
24 20 9
20 16 9
16 11 9
11 13 9
13 12 9
F10
512
90 85 10
85 100 10
100 76 10
76 61 10
61 28 10
28 25 10
25 30 10
F11
512
8 35 11
35 55 11
55 41 11
F12
512
47 33 12
33 50 12
50 39 12
F13
512
46 52 13
52 58 13
58 11 13
11 16 13
16 21 13
21 24 13
24 15 13
F14
512
45 37 14
37 32 14
32 39 14
39 50 14
50 72 14
72 68 14
68 86 14
86 97 14
F15
1024
42 77 15
77 70 15
70 98 15
98 76 15
76 68 15
68 87 15
F16
1024
43 4 16
4 6 16
6 8 16
8 35 16
35 55 16
F17
1024
8 35 17
35 55 17
55 41 17
F18
1024
8 35 18
35 55 18
55 41 18
F19
1024
26 21 19
21 16 19
16 11 19
11 58 19
58 56 19
56 83 19
F20
1024
22 18 20
18 14 20
14 11 20
11 58 20
58 52 20
52 71 20
