F1
256
88 25 1
25 82 1
82 89 1
F2
256
60 85 2
85 27 2
27 25 2
25 88 2
88 61 2
F3
256
55 63 3
63 74 3
74 22 3
22 67 3
67 28 3
F4
256
7 46 4
46 25 4
25 26 4
26 97 4
F5
256
40 29 5
29 74 5
74 39 5
F6
256
55 63 6
63 74 6
74 22 6
22 67 6
67 28 6
F7
256
59 40 7
40 29 7
29 74 7
74 94 7
94 98 7
F8
256
15 24 8
24 96 8
96 9 8
F9
256
17 74 9
74 79 9
F10
256
87 61 10
61 90 10
90 25 10
25 69 10
F11
256
3 1 11
1 7 11
7 88 11
88 25 11
25 26 11
F12
512
50 39 12
39 74 12
74 63 12
F13
512
19 82 13
82 25 13
25 88 13
88 6 13
6 2 13
F14
512
81 70 14
70 58 14
58 86 14
86 11 14
F15
512
68 23 15
23 58 15
58 86 15
86 33 15
F16
512
14 70 16
70 58 16
58 86 16
86 11 16
11 48 16
F17
512
53 70 17
70 58 17
58 86 17
86 33 17
33 84 17
F18
512
55 63 18
63 74 18
74 22 18
22 67 18
67 28 18
F19
512
15 24 19
24 96 19
96 9 19
F20
1024
87 61 20
61 90 20
90 25 20
25 69 20
F21
1024
37 90 21
90 25 21
25 46 21
46 1 21
F22
1024
17 74 22
74 79 22
F23
1024
20 17 23
17 74 23
74 29 23
29 91 23
F24
1024
52 9 24
9 96 24
96 13 24
13 12 24
F25
1024
40 29 25
29 74 25
74 39 25
F26
1024
78 71 26
71 86 26
86 43 26
43 72 26
F27
1024
82 25 27
25 46 27
F28
1024
30 36 28
36 20 28
20 96 28
96 13 28
F29
1024
100 8 29
8 96 29
96 75 29
F30
1024
30 36 30
36 20 30
20 96 30
96 13 30
