F1
256
55 63 1
63 74 1
74 22 1
22 67 1
67 28 1
F2
256
60 85 2
85 27 2
27 25 2
25 88 2
88 61 2
F3
256
68 23 3
23 58 3
58 86 3
86 33 3
F4
256
14 70 4
70 58 4
58 86 4
86 11 4
11 48 4
F5
256
10 42 5
42 91 5
91 29 5
29 74 5
74 39 5
39 94 5
94 83 5
F6
256
10 42 6
42 91 6
91 29 6
29 74 6
74 39 6
39 94 6
94 83 6
F7
512
38 35 7
35 74 7
74 22 7
22 57 7
F8
512
20 17 8
17 74 8
74 29 8
29 91 8
F9
512
17 74 9
74 79 9
F10
512
55 63 10
63 74 10
74 22 10
22 67 10
67 28 10
F11
512
27 25 11
25 88 11
88 6 11
F12
512
60 85 12
85 27 12
27 25 12
25 88 12
88 61 12
F13
512
76 16 13
16 35 13
35 74 13
74 22 13
F14
512
17 74 14
74 79 14
F15
512
19 82 15
82 25 15
25 88 15
88 6 15
6 2 15
F16
512
40 29 16
29 74 16
74 39 16
F17
512
50 39 17
39 74 17
74 63 17
F18
512
100 8 18
8 96 18
96 75 18
F19
512
19 82 19
82 25 19
25 88 19
88 6 19
6 2 19
F20
512
15 24 20
24 96 20
96 9 20
F21
512
60 85 21
85 27 21
27 25 21
25 88 21
88 61 21
F22
512
4 3 22
3 1 22
1 46 22
46 25 22
25 26 22
26 34 22
F23
1024
15 24 23
24 96 23
96 9 23
F24
1024
82 25 24
25 46 24
F25
1024
24 96 25
96 20 25
20 80 25
F26
1024
17 74 26
74 79 26
F27
1024
81 70 27
70 58 27
58 86 27
86 11 27
F28
1024
82 25 28
25 46 28
F29
1024
100 8 29
8 96 29
96 75 29
F30
1024
66 86 30
86 58 30
