F1
256
45 39 1
39 74 1
74 35 1
35 16 1
F2
256
66 86 2
86 58 2
F3
256
31 52 3
52 66 3
66 86 3
86 71 3
F4
256
37 90 4
90 25 4
25 46 4
46 1 4
F5
256
19 82 5
82 25 5
25 88 5
88 6 5
6 2 5
F6
256
60 85 6
85 27 6
27 25 6
25 88 6
88 61 6
F7
256
59 40 7
40 29 7
29 74 7
74 94 7
94 98 7
F8
256
41 76 8
76 16 8
16 35 8
35 74 8
74 29 8
F9
256
76 16 9
16 35 9
35 74 9
74 22 9
F10
256
41 76 10
76 16 10
16 35 10
35 74 10
74 29 10
F11
256
30 36 11
36 20 11
20 96 11
96 13 11
F12
256
60 85 12
85 27 12
27 25 12
25 88 12
88 61 12
F13
256
19 82 13
82 25 13
25 88 13
88 6 13
6 2 13
F14
512
8 96 14
96 13 14
13 12 14
12 32 14
F15
512
92 16 15
16 35 15
35 74 15
74 22 15
22 67 15
F16
512
47 76 16
76 16 16
16 35 16
35 74 16
74 22 16
22 94 16
F17
512
52 9 17
9 96 17
96 13 17
13 12 17
F18
512
92 16 18
16 35 18
35 74 18
74 22 18
22 67 18
F19
512
30 36 19
36 20 19
20 96 19
96 13 19
F20
512
92 16 20
16 35 20
35 74 20
74 22 20
22 67 20
F21
512
87 61 21
61 90 21
90 25 21
25 69 21
F22
512
81 70 22
70 58 22
58 86 22
86 11 22
F23
512
52 9 23
9 96 23
96 13 23
13 12 23
F24
1024
4 3 24
3 1 24
1 46 24
46 25 24
25 26 24
26 34 24
F25
1024
51 2 25
2 7 25
7 46 25
46 25 25
25 69 25
69 54 25
F26
1024
81 70 26
70 58 26
58 86 26
86 11 26
F27
1024
24 96 27
96 20 27
20 80 27
F28
1024
7 46 28
46 25 28
25 26 28
26 97 28
F29
1024
7 46 29
46 25 29
25 26 29
26 97 29
F30
1024
88 25 30
25 82 30
82 89 30
