F1
256
87 61 1
61 90 1
90 25 1
25 69 1
F2
256
24 96 2
96 20 2
20 80 2
F3
256
4 3 3
3 1 3
1 46 3
46 25 3
25 26 3
26 34 3
F4
256
68 23 4
23 58 4
58 86 4
86 33 4
F5
256
76 16 5
16 35 5
35 74 5
74 22 5
F6
256
68 23 6
23 58 6
58 86 6
86 33 6
F7
512
38 35 7
35 74 7
74 22 7
22 57 7
F8
512
30 36 8
36 20 8
20 96 8
96 13 8
F9
512
53 70 9
70 58 9
58 86 9
86 33 9
33 84 9
F10
512
20 17 10
17 74 10
74 29 10
29 91 10
F11
512
27 25 11
25 88 11
88 6 11
F12
512
7 46 12
46 25 12
25 26 12
26 97 12
F13
512
88 25 13
25 82 13
82 89 13
F14
512
10 42 14
42 91 14
91 29 14
29 74 14
74 39 14
39 94 14
94 83 14
F15
512
92 16 15
16 35 15
35 74 15
74 22 15
22 67 15
F16
1024
37 90 16
90 25 16
25 46 16
46 1 16
F17
1024
59 40 17
40 29 17
29 74 17
74 94 17
94 98 17
F18
1024
4 3 18
3 1 18
1 46 18
46 25 18
25 26 18
26 34 18
F19
1024
59 40 19
40 29 19
29 74 19
74 94 19
94 98 19
F20
1024
45 39 20
39 74 20
74 35 20
35 16 20
F21
1024
51 2 21
2 7 21
7 46 21
46 25 21
25 69 21
69 54 21
F22
1024
7 46 22
46 25 22
25 26 22
26 97 22
F23
1024
41 76 23
76 16 23
16 35 23
35 74 23
74 29 23
F24
1024
60 85 24
85 27 24
27 25 24
25 88 24
88 61 24
F25
1024
30 36 25
36 20 25
20 96 25
96 13 25
F26
1024
66 86 26
86 58 26
F27
1024
14 70 27
70 58 27
58 86 27
86 11 27
11 48 27
F28
1024
8 96 28
96 13 28
13 12 28
12 32 28
F29
1024
76 16 29
16 35 29
35 74 29
74 22 29
F30
1024
66 86 30
86 58 30
