F1
256
78 71 1
71 86 1
86 43 1
43 72 1
F2
256
100 8 2
8 96 2
96 75 2
F3
256
78 71 3
71 86 3
86 43 3
43 72 3
F4
256
20 17 4
17 74 4
74 29 4
29 91 4
F5
256
60 85 5
85 27 5
27 25 5
25 88 5
88 61 5
F6
256
47 76 6
76 16 6
16 35 6
35 74 6
74 22 6
22 94 6
F7
256
78 71 7
71 86 7
86 43 7
43 72 7
F8
256
14 70 8
70 58 8
58 86 8
86 11 8
11 48 8
F9
256
53 70 9
70 58 9
58 86 9
86 33 9
33 84 9
F10
256
20 17 10
17 74 10
74 29 10
29 91 10
F11
256
37 90 11
90 25 11
25 46 11
46 1 11
F12
256
88 25 12
25 82 12
82 89 12
F13
512
5 18 13
18 6 13
6 88 13
88 25 13
25 69 13
69 54 13
F14
512
14 70 14
70 58 14
58 86 14
86 11 14
11 48 14
F15
512
10 42 15
42 91 15
91 29 15
29 74 15
74 39 15
39 94 15
94 83 15
F16
512
3 1 16
1 7 16
7 88 16
88 25 16
25 26 16
F17
512
68 23 17
23 58 17
58 86 17
86 33 17
F18
512
92 16 18
16 35 18
35 74 18
74 22 18
22 67 18
F19
512
59 40 19
40 29 19
29 74 19
74 94 19
94 98 19
F20
512
45 39 20
39 74 20
74 35 20
35 16 20
F21
1024
50 39 21
39 74 21
74 63 21
F22
1024
20 17 22
17 74 22
74 29 22
29 91 22
F23
1024
4 3 23
3 1 23
1 46 23
46 25 23
25 26 23
26 34 23
F24
1024
53 70 24
70 58 24
58 86 24
86 33 24
33 84 24
F25
1024
30 36 25
36 20 25
20 96 25
96 13 25
F26
1024
45 39 26
39 74 26
74 35 26
35 16 26
F27
1024
3 1 27
1 7 27
7 88 27
88 25 27
25 26 27
F28
1024
8 96 28
96 13 28
13 12 28
12 32 28
F29
1024
59 40 29
40 29 29
29 74 29
74 94 29
94 98 29
F30
1024
10 42 30
42 91 30
91 29 30
29 74 30
74 39 30
39 94 30
94 83 30
