F1
256
45 39 1
39 74 1
74 35 1
35 16 1
F2
256
52 9 2
9 96 2
96 13 2
13 12 2
F3
256
31 52 3
52 66 3
66 86 3
86 71 3
F4
256
92 16 4
16 35 4
35 74 4
74 22 4
22 67 4
F5
256
3 1 5
1 7 5
7 88 5
88 25 5
25 26 5
F6
256
15 24 6
24 96 6
96 9 6
F7
256
59 40 7
40 29 7
29 74 7
74 94 7
94 98 7
F8
256
51 2 8
2 7 8
7 46 8
46 25 8
25 69 8
69 54 8
F9
256
15 24 9
24 96 9
96 9 9
F10
256
100 8 10
8 96 10
96 75 10
F11
256
41 76 11
76 16 11
16 35 11
35 74 11
74 29 11
F12
256
20 17 12
17 74 12
74 29 12
29 91 12
F13
512
17 74 13
74 79 13
F14
512
10 42 14
42 91 14
91 29 14
29 74 14
74 39 14
39 94 14
94 83 14
F15
512
51 2 15
2 7 15
7 46 15
46 25 15
25 69 15
69 54 15
F16
512
82 25 16
25 46 16
F17
512
47 76 17
76 16 17
16 35 17
35 74 17
74 22 17
22 94 17
F18
512
30 36 18
36 20 18
20 96 18
96 13 18
F19
512
15 24 19
24 96 19
96 9 19
F20
512
47 76 20
76 16 20
16 35 20
35 74 20
74 22 20
22 94 20
F21
512
45 39 21
39 74 21
74 35 21
35 16 21
F22
1024
40 29 22
29 74 22
74 39 22
F23
1024
47 76 23
76 16 23
16 35 23
35 74 23
74 22 23
22 94 23
F24
1024
59 40 24
40 29 24
29 74 24
74 94 24
94 98 24
F25
1024
5 18 25
18 6 25
6 88 25
88 25 25
25 69 25
69 54 25
F26
1024
50 39 26
39 74 26
74 63 26
F27
1024
41 76 27
76 16 27
16 35 27
35 74 27
74 29 27
F28
1024
10 42 28
42 91 28
91 29 28
29 74 28
74 39 28
39 94 28
94 83 28
F29
1024
10 42 29
42 91 29
91 29 29
29 74 29
74 39 29
39 94 29
94 83 29
F30
1024
14 70 30
70 58 30
58 86 30
86 11 30
11 48 30
