F1
256
40 29 1
29 74 1
74 39 1
F2
256
87 61 2
61 90 2
90 25 2
25 69 2
F3
256
3 1 3
1 7 3
7 88 3
88 25 3
25 26 3
F4
256
81 70 4
70 58 4
58 86 4
86 11 4
F5
256
60 85 5
85 27 5
27 25 5
25 88 5
88 61 5
F6
256
20 17 6
17 74 6
74 29 6
29 91 6
F7
256
88 25 7
25 82 7
82 89 7
F8
512
87 61 8
61 90 8
90 25 8
25 69 8
F9
512
82 25 9
25 46 9
F10
512
50 39 10
39 74 10
74 63 10
F11
512
14 70 11
70 58 11
58 86 11
86 11 11
11 48 11
F12
512
15 24 12
24 96 12
96 9 12
F13
512
95 70 13
70 58 13
58 86 13
86 43 13
F14
512
31 52 14
52 66 14
66 86 14
86 71 14
F15
512
27 25 15
25 88 15
88 6 15
F16
512
41 76 16
76 16 16
16 35 16
35 74 16
74 29 16
F17
512
59 40 17
40 29 17
29 74 17
74 94 17
94 98 17
F18
512
76 16 18
16 35 18
35 74 18
74 22 18
F19
512
5 18 19
18 6 19
6 88 19
88 25 19
25 69 19
69 54 19
F20
512
66 86 20
86 58 20
F21
512
82 25 21
25 46 21
F22
1024
41 76 22
76 16 22
16 35 22
35 74 22
74 29 22
F23
1024
87 61 23
61 90 23
90 25 23
25 69 23
F24
1024
82 25 24
25 46 24
F25
1024
19 82 25
82 25 25
25 88 25
88 6 25
6 2 25
F26
1024
88 25 26
25 82 26
82 89 26
F27
1024
77 17 27
17 74 27
74 35 27
F28
1024
7 46 28
46 25 28
25 26 28
26 97 28
F29
1024
81 70 29
70 58 29
58 86 29
86 11 29
F30
1024
38 35 30
35 74 30
74 22 30
22 57 30
