F1
256
8 96 1
96 13 1
13 12 1
12 32 1
F2
256
3 1 2
1 7 2
7 88 2
88 25 2
25 26 2
F3
256
68 23 3
23 58 3
58 86 3
86 33 3
F4
256
95 70 4
70 58 4
58 86 4
86 43 4
F5
256
38 35 5
35 74 5
74 22 5
22 57 5
F6
256
81 70 6
70 58 6
58 86 6
86 11 6
F7
256
24 96 7
96 20 7
20 80 7
F8
256
38 35 8
35 74 8
74 22 8
22 57 8
F9
512
45 39 9
39 74 9
74 35 9
35 16 9
F10
512
41 76 10
76 16 10
16 35 10
35 74 10
74 29 10
F11
512
82 25 11
25 46 11
F12
512
60 85 12
85 27 12
27 25 12
25 88 12
88 61 12
F13
512
50 39 13
39 74 13
74 63 13
F14
512
53 70 14
70 58 14
58 86 14
86 33 14
33 84 14
F15
512
60 85 15
85 27 15
27 25 15
25 88 15
88 61 15
F16
512
15 24 16
24 96 16
96 9 16
F17
512
78 71 17
71 86 17
86 43 17
43 72 17
F18
512
24 96 18
96 20 18
20 80 18
F19
1024
55 63 19
63 74 19
74 22 19
22 67 19
67 28 19
F20
1024
3 1 20
1 7 20
7 88 20
88 25 20
25 26 20
F21
1024
100 8 21
8 96 21
96 75 21
F22
1024
52 9 22
9 96 22
96 13 22
13 12 22
F23
1024
3 1 23
1 7 23
7 88 23
88 25 23
25 26 23
F24
1024
40 29 24
29 74 24
74 39 24
F25
1024
68 23 25
23 58 25
58 86 25
86 33 25
F26
1024
55 63 26
63 74 26
74 22 26
22 67 26
67 28 26
F27
1024
38 35 27
35 74 27
74 22 27
22 57 27
F28
1024
95 70 28
70 58 28
58 86 28
86 43 28
F29
1024
3 1 29
1 7 29
7 88 29
88 25 29
25 26 29
F30
1024
88 25 30
25 82 30
82 89 30
