F1
256
45 39 1
39 74 1
74 35 1
35 16 1
F2
256
10 42 2
42 91 2
91 29 2
29 74 2
74 39 2
39 94 2
94 83 2
F3
256
3 1 3
1 7 3
7 88 3
88 25 3
25 26 3
F4
256
5 18 4
18 6 4
6 88 4
88 25 4
25 69 4
69 54 4
F5
256
19 82 5
82 25 5
25 88 5
88 6 5
6 2 5
F6
256
5 18 6
18 6 6
6 88 6
88 25 6
25 69 6
69 54 6
F7
256
81 70 7
70 58 7
58 86 7
86 11 7
F8
256
20 17 8
17 74 8
74 29 8
29 91 8
F9
256
59 40 9
40 29 9
29 74 9
74 94 9
94 98 9
F10
256
53 70 10
70 58 10
58 86 10
86 33 10
33 84 10
F11
512
37 90 11
90 25 11
25 46 11
46 1 11
F12
512
7 46 12
46 25 12
25 26 12
26 97 12
F13
512
78 71 13
71 86 13
86 43 13
43 72 13
F14
512
31 52 14
52 66 14
66 86 14
86 71 14
F15
512
30 36 15
36 20 15
20 96 15
96 13 15
F16
512
19 82 16
82 25 16
25 88 16
88 6 16
6 2 16
F17
512
14 70 17
70 58 17
58 86 17
86 11 17
11 48 17
F18
512
24 96 18
96 20 18
20 80 18
F19
512
88 25 19
25 82 19
82 89 19
F20
512
68 23 20
23 58 20
58 86 20
86 33 20
F21
512
45 39 21
39 74 21
74 35 21
35 16 21
F22
512
45 39 22
39 74 22
74 35 22
35 16 22
F23
1024
27 25 23
25 88 23
88 6 23
F24
1024
95 70 24
70 58 24
58 86 24
86 43 24
F25
1024
50 39 25
39 74 25
74 63 25
F26
1024
10 42 26
42 91 26
91 29 26
29 74 26
74 39 26
39 94 26
94 83 26
F27
1024
10 42 27
42 91 27
91 29 27
29 74 27
74 39 27
39 94 27
94 83 27
F28
1024
87 61 28
61 90 28
90 25 28
25 69 28
F29
1024
31 52 29
52 66 29
66 86 29
86 71 29
F30
1024
38 35 30
35 74 30
74 22 30
22 57 30
