F1
256
78 71 1
71 86 1
86 43 1
43 72 1
F2
256
40 29 2
29 74 2
74 39 2
F3
256
76 16 3
16 35 3
35 74 3
74 22 3
F4
256
77 17 4
17 74 4
74 35 4
F5
256
78 71 5
71 86 5
86 43 5
43 72 5
F6
256
30 36 6
36 20 6
20 96 6
96 13 6
F7
256
81 70 7
70 58 7
58 86 7
86 11 7
F8
256
19 82 8
82 25 8
25 88 8
88 6 8
6 2 8
F9
256
38 35 9
35 74 9
74 22 9
22 57 9
F10
256
78 71 10
71 86 10
86 43 10
43 72 10
F11
256
59 40 11
40 29 11
29 74 11
74 94 11
94 98 11
F12
256
76 16 12
16 35 12
35 74 12
74 22 12
F13
512
82 25 13
25 46 13
F14
512
95 70 14
70 58 14
58 86 14
86 43 14
F15
512
92 16 15
16 35 15
35 74 15
74 22 15
22 67 15
F16
512
78 71 16
71 86 16
86 43 16
43 72 16
F17
512
14 70 17
70 58 17
58 86 17
86 11 17
11 48 17
F18
512
5 18 18
18 6 18
6 88 18
88 25 18
25 69 18
69 54 18
F19
512
14 70 19
70 58 19
58 86 19
86 11 19
11 48 19
F20
512
55 63 20
63 74 20
74 22 20
22 67 20
67 28 20
F21
512
30 36 21
36 20 21
20 96 21
96 13 21
F22
512
88 25 22
25 82 22
82 89 22
F23
1024
92 16 23
16 35 23
35 74 23
74 22 23
22 67 23
F24
1024
5 18 24
18 6 24
6 88 24
88 25 24
25 69 24
69 54 24
F25
1024
3 1 25
1 7 25
7 88 25
88 25 25
25 26 25
F26
1024
37 90 26
90 25 26
25 46 26
46 1 26
F27
1024
31 52 27
52 66 27
66 86 27
86 71 27
F28
1024
92 16 28
16 35 28
35 74 28
74 22 28
22 67 28
F29
1024
87 61 29
61 90 29
90 25 29
25 69 29
F30
1024
19 82 30
82 25 30
25 88 30
88 6 30
6 2 30
