F1
256
45 39 1
39 74 1
74 35 1
35 16 1
F2
256
7 46 2
46 25 2
25 26 2
26 97 2
F3
256
100 8 3
8 96 3
96 75 3
F4
256
88 25 4
25 82 4
82 89 4
F5
256
8 96 5
96 13 5
13 12 5
12 32 5
F6
256
3 1 6
1 7 6
7 88 6
88 25 6
25 26 6
F7
256
77 17 7
17 74 7
74 35 7
F8
256
52 9 8
9 96 8
96 13 8
13 12 8
F9
512
17 74 9
74 79 9
F10
512
53 70 10
70 58 10
58 86 10
86 33 10
33 84 10
F11
512
4 3 11
3 1 11
1 46 11
46 25 11
25 26 11
26 34 11
F12
512
95 70 12
70 58 12
58 86 12
86 43 12
F13
512
45 39 13
39 74 13
74 35 13
35 16 13
F14
512
66 86 14
86 58 14
F15
512
17 74 15
74 79 15
F16
512
15 24 16
24 96 16
96 9 16
F17
512
50 39 17
39 74 17
74 63 17
F18
512
53 70 18
70 58 18
58 86 18
86 33 18
33 84 18
F19
512
66 86 19
86 58 19
F20
512
50 39 20
39 74 20
74 63 20
F21
512
53 70 21
70 58 21
58 86 21
86 33 21
33 84 21
F22
512
19 82 22
82 25 22
25 88 22
88 6 22
6 2 22
F23
1024
45 39 23
39 74 23
74 35 23
35 16 23
F24
1024
17 74 24
74 79 24
F25
1024
53 70 25
70 58 25
58 86 25
86 33 25
33 84 25
F26
1024
59 40 26
40 29 26
29 74 26
74 94 26
94 98 26
F27
1024
41 76 27
76 16 27
16 35 27
35 74 27
74 29 27
F28
1024
19 82 28
82 25 28
25 88 28
88 6 28
6 2 28
F29
1024
81 70 29
70 58 29
58 86 29
86 11 29
F30
1024
14 70 30
70 58 30
58 86 30
86 11 30
11 48 30
