F1
256
24 96 1
96 20 1
20 80 1
F2
256
100 8 2
8 96 2
96 75 2
F3
256
81 70 3
70 58 3
58 86 3
86 11 3
F4
256
59 40 4
40 29 4
29 74 4
74 94 4
94 98 4
F5
256
7 46 5
46 25 5
25 26 5
26 97 5
F6
256
7 46 6
46 25 6
25 26 6
26 97 6
F7
256
27 25 7
25 88 7
88 6 7
F8
256
17 74 8
74 79 8
F9
256
59 40 9
40 29 9
29 74 9
74 94 9
94 98 9
F10
256
66 86 10
86 58 10
F11
256
78 71 11
71 86 11
86 43 11
43 72 11
F12
256
100 8 12
8 96 12
96 75 12
F13
512
30 36 13
36 20 13
20 96 13
96 13 13
F14
512
87 61 14
61 90 14
90 25 14
25 69 14
F15
512
47 76 15
76 16 15
16 35 15
35 74 15
74 22 15
22 94 15
F16
512
52 9 16
9 96 16
96 13 16
13 12 16
F17
512
19 82 17
82 25 17
25 88 17
88 6 17
6 2 17
F18
512
87 61 18
61 90 18
90 25 18
25 69 18
F19
512
59 40 19
40 29 19
29 74 19
74 94 19
94 98 19
F20
512
95 70 20
70 58 20
58 86 20
86 43 20
F21
512
52 9 21
9 96 21
96 13 21
13 12 21
F22
512
37 90 22
90 25 22
25 46 22
46 1 22
F23
1024
30 36 23
36 20 23
20 96 23
96 13 23
F24
1024
60 85 24
85 27 24
27 25 24
25 88 24
88 61 24
F25
1024
66 86 25
86 58 25
F26
1024
66 86 26
86 58 26
F27
1024
7 46 27
46 25 27
25 26 27
26 97 27
F28
1024
41 76 28
76 16 28
16 35 28
35 74 28
74 29 28
F29
1024
77 17 29
17 74 29
74 35 29
F30
1024
24 96 30
96 20 30
20 80 30
