F1
256
38 35 1
35 74 1
74 22 1
22 57 1
F2
256
24 96 2
96 20 2
20 80 2
F3
256
60 85 3
85 27 3
27 25 3
25 88 3
88 61 3
F4
256
4 3 4
3 1 4
1 46 4
46 25 4
25 26 4
26 34 4
F5
256
66 86 5
86 58 5
F6
256
68 23 6
23 58 6
58 86 6
86 33 6
F7
256
17 74 7
74 79 7
F8
256
8 96 8
96 13 8
13 12 8
12 32 8
F9
256
82 25 9
25 46 9
F10
256
95 70 10
70 58 10
58 86 10
86 43 10
F11
256
92 16 11
16 35 11
35 74 11
74 22 11
22 67 11
F12
512
40 29 12
29 74 12
74 39 12
F13
512
60 85 13
85 27 13
27 25 13
25 88 13
88 61 13
F14
512
5 18 14
18 6 14
6 88 14
88 25 14
25 69 14
69 54 14
F15
512
14 70 15
70 58 15
58 86 15
86 11 15
11 48 15
F16
512
68 23 16
23 58 16
58 86 16
86 33 16
F17
512
45 39 17
39 74 17
74 35 17
35 16 17
F18
512
14 70 18
70 58 18
58 86 18
86 11 18
11 48 18
F19
512
40 29 19
29 74 19
74 39 19
F20
512
77 17 20
17 74 20
74 35 20
F21
512
7 46 21
46 25 21
25 26 21
26 97 21
F22
512
27 25 22
25 88 22
88 6 22
F23
1024
88 25 23
25 82 23
82 89 23
F24
1024
55 63 24
63 74 24
74 22 24
22 67 24
67 28 24
F25
1024
7 46 25
46 25 25
25 26 25
26 97 25
F26
1024
4 3 26
3 1 26
1 46 26
46 25 26
25 26 26
26 34 26
F27
1024
53 70 27
70 58 27
58 86 27
86 33 27
33 84 27
F28
1024
50 39 28
39 74 28
74 63 28
F29
1024
41 76 29
76 16 29
16 35 29
35 74 29
74 29 29
F30
1024
47 76 30
76 16 30
16 35 30
35 74 30
74 22 30
22 94 30
