F1
256
15 24 1
24 96 1
96 9 1
F2
256
10 42 2
42 91 2
91 29 2
29 74 2
74 39 2
39 94 2
94 83 2
F3
256
78 71 3
71 86 3
86 43 3
43 72 3
F4
256
14 70 4
70 58 4
58 86 4
86 11 4
11 48 4
F5
256
37 90 5
90 25 5
25 46 5
46 1 5
F6
256
55 63 6
63 74 6
74 22 6
22 67 6
67 28 6
F7
256
81 70 7
70 58 7
58 86 7
86 11 7
F8
256
45 39 8
39 74 8
74 35 8
35 16 8
F9
512
41 76 9
76 16 9
16 35 9
35 74 9
74 29 9
F10
512
59 40 10
40 29 10
29 74 10
74 94 10
94 98 10
F11
512
37 90 11
90 25 11
25 46 11
46 1 11
F12
512
14 70 12
70 58 12
58 86 12
86 11 12
11 48 12
F13
512
87 61 13
61 90 13
90 25 13
25 69 13
F14
512
17 74 14
74 79 14
F15
512
17 74 15
74 79 15
F16
512
30 36 16
36 20 16
20 96 16
96 13 16
F17
512
27 25 17
25 88 17
88 6 17
F18
512
53 70 18
70 58 18
58 86 18
86 33 18
33 84 18
F19
512
95 70 19
70 58 19
58 86 19
86 43 19
F20
1024
7 46 20
46 25 20
25 26 20
26 97 20
F21
1024
38 35 21
35 74 21
74 22 21
22 57 21
F22
1024
77 17 22
17 74 22
74 35 22
F23
1024
30 36 23
36 20 23
20 96 23
96 13 23
F24
1024
14 70 24
70 58 24
58 86 24
86 11 24
11 48 24
F25
1024
92 16 25
16 35 25
35 74 25
74 22 25
22 67 25
F26
1024
37 90 26
90 25 26
25 46 26
46 1 26
F27
1024
68 23 27
23 58 27
58 86 27
86 33 27
F28
1024
51 2 28
2 7 28
7 46 28
46 25 28
25 69 28
69 54 28
F29
1024
5 18 29
18 6 29
6 88 29
88 25 29
25 69 29
69 54 29
F30
1024
47 76 30
76 16 30
16 35 30
35 74 30
74 22 30
22 94 30
