F1
256
50 39 1
39 74 1
74 63 1
F2
256
20 17 2
17 74 2
74 29 2
29 91 2
F3
256
47 76 3
76 16 3
16 35 3
35 74 3
74 22 3
22 94 3
F4
256
30 36 4
36 20 4
20 96 4
96 13 4
F5
256
40 29 5
29 74 5
74 39 5
F6
256
76 16 6
16 35 6
35 74 6
74 22 6
F7
256
60 85 7
85 27 7
27 25 7
25 88 7
88 61 7
F8
256
68 23 8
23 58 8
58 86 8
86 33 8
F9
256
81 70 9
70 58 9
58 86 9
86 11 9
F10
512
7 46 10
46 25 10
25 26 10
26 97 10
F11
512
8 96 11
96 13 11
13 12 11
12 32 11
F12
512
100 8 12
8 96 12
96 75 12
F13
512
7 46 13
46 25 13
25 26 13
26 97 13
F14
512
15 24 14
24 96 14
96 9 14
F15
512
47 76 15
76 16 15
16 35 15
35 74 15
74 22 15
22 94 15
F16
1024
88 25 16
25 82 16
82 89 16
F17
1024
51 2 17
2 7 17
7 46 17
46 25 17
25 69 17
69 54 17
F18
1024
51 2 18
2 7 18
7 46 18
46 25 18
25 69 18
69 54 18
F19
1024
41 76 19
76 16 19
16 35 19
35 74 19
74 29 19
F20
1024
55 63 20
63 74 20
74 22 20
22 67 20
67 28 20
F21
1024
40 29 21
29 74 21
74 39 21
F22
1024
20 17 22
17 74 22
74 29 22
29 91 22
F23
1024
78 71 23
71 86 23
86 43 23
43 72 23
F24
1024
100 8 24
8 96 24
96 75 24
F25
1024
87 61 25
61 90 25
90 25 25
25 69 25
F26
1024
60 85 26
85 27 26
27 25 26
25 88 26
88 61 26
F27
1024
47 76 27
76 16 27
16 35 27
35 74 27
74 22 27
22 94 27
F28
1024
17 74 28
74 79 28
F29
1024
5 18 29
18 6 29
6 88 29
88 25 29
25 69 29
69 54 29
F30
1024
19 82 30
82 25 30
25 88 30
88 6 30
6 2 30
