F1
256
47 76 1
76 16 1
16 35 1
35 74 1
74 22 1
22 94 1
F2
256
76 16 2
16 35 2
35 74 2
74 22 2
F3
256
14 70 3
70 58 3
58 86 3
86 11 3
11 48 3
F4
256
31 52 4
52 66 4
66 86 4
86 71 4
F5
256
31 52 5
52 66 5
66 86 5
86 71 5
F6
256
82 25 6
25 46 6
F7
256
52 9 7
9 96 7
96 13 7
13 12 7
F8
256
8 96 8
96 13 8
13 12 8
12 32 8
F9
256
15 24 9
24 96 9
96 9 9
F10
256
38 35 10
35 74 10
74 22 10
22 57 10
F11
512
59 40 11
40 29 11
29 74 11
74 94 11
94 98 11
F12
512
10 42 12
42 91 12
91 29 12
29 74 12
74 39 12
39 94 12
94 83 12
F13
512
37 90 13
90 25 13
25 46 13
46 1 13
F14
512
95 70 14
70 58 14
58 86 14
86 43 14
F15
512
41 76 15
76 16 15
16 35 15
35 74 15
74 29 15
F16
512
87 61 16
61 90 16
90 25 16
25 69 16
F17
512
41 76 17
76 16 17
16 35 17
35 74 17
74 29 17
F18
512
47 76 18
76 16 18
16 35 18
35 74 18
74 22 18
22 94 18
F19
1024
4 3 19
3 1 19
1 46 19
46 25 19
25 26 19
26 34 19
F20
1024
31 52 20
52 66 20
66 86 20
86 71 20
F21
1024
3 1 21
1 7 21
7 88 21
88 25 21
25 26 21
F22
1024
24 96 22
96 20 22
20 80 22
F23
1024
100 8 23
8 96 23
96 75 23
F24
1024
50 39 24
39 74 24
74 63 24
F25
1024
10 42 25
42 91 25
91 29 25
29 74 25
74 39 25
39 94 25
94 83 25
F26
1024
47 76 26
76 16 26
16 35 26
35 74 26
74 22 26
22 94 26
F27
1024
88 25 27
25 82 27
82 89 27
F28
1024
47 76 28
76 16 28
16 35 28
35 74 28
74 22 28
22 94 28
F29
1024
52 9 29
9 96 29
96 13 29
13 12 29
F30
1024
88 25 30
25 82 30
82 89 30
