F1
256
5 18 1
18 6 1
6 88 1
88 25 1
25 69 1
69 54 1
F2
256
87 61 2
61 90 2
90 25 2
25 69 2
F3
256
10 42 3
42 91 3
91 29 3
29 74 3
74 39 3
39 94 3
94 83 3
F4
256
88 25 4
25 82 4
82 89 4
F5
256
24 96 5
96 20 5
20 80 5
F6
512
81 70 6
70 58 6
58 86 6
86 11 6
F7
512
95 70 7
70 58 7
58 86 7
86 43 7
F8
512
51 2 8
2 7 8
7 46 8
46 25 8
25 69 8
69 54 8
F9
512
66 86 9
86 58 9
F10
512
76 16 10
16 35 10
35 74 10
74 22 10
F11
512
40 29 11
29 74 11
74 39 11
F12
512
76 16 12
16 35 12
35 74 12
74 22 12
F13
1024
60 85 13
85 27 13
27 25 13
25 88 13
88 61 13
F14
1024
100 8 14
8 96 14
96 75 14
F15
1024
38 35 15
35 74 15
74 22 15
22 57 15
F16
1024
8 96 16
96 13 16
13 12 16
12 32 16
F17
1024
60 85 17
85 27 17
27 25 17
25 88 17
88 61 17
F18
1024
82 25 18
25 46 18
F19
1024
68 23 19
23 58 19
58 86 19
86 33 19
F20
1024
3 1 20
1 7 20
7 88 20
88 25 20
25 26 20
F21
1024
40 29 21
29 74 21
74 39 21
F22
1024
15 24 22
24 96 22
96 9 22
F23
1024
55 63 23
63 74 23
74 22 23
22 67 23
67 28 23
F24
1024
7 46 24
46 25 24
25 26 24
26 97 24
F25
1024
76 16 25
16 35 25
35 74 25
74 22 25
F26
1024
76 16 26
16 35 26
35 74 26
74 22 26
F27
1024
7 46 27
46 25 27
25 26 27
26 97 27
F28
1024
15 24 28
24 96 28
96 9 28
F29
1024
88 25 29
25 82 29
82 89 29
F30
1024
14 70 30
70 58 30
58 86 30
86 11 30
11 48 30
