F1
256
30 36 1
36 20 1
20 96 1
96 13 1
F2
256
51 2 2
2 7 2
7 46 2
46 25 2
25 69 2
69 54 2
F3
256
52 9 3
9 96 3
96 13 3
13 12 3
F4
256
88 25 4
25 82 4
82 89 4
F5
256
3 1 5
1 7 5
7 88 5
88 25 5
25 26 5
F6
256
59 40 6
40 29 6
29 74 6
74 94 6
94 98 6
F7
256
19 82 7
82 25 7
25 88 7
88 6 7
6 2 7
F8
512
81 70 8
70 58 8
58 86 8
86 11 8
F9
512
82 25 9
25 46 9
F10
512
47 76 10
76 16 10
16 35 10
35 74 10
74 22 10
22 94 10
F11
512
3 1 11
1 7 11
7 88 11
88 25 11
25 26 11
F12
512
27 25 12
25 88 12
88 6 12
F13
512
66 86 13
86 58 13
F14
512
38 35 14
35 74 14
74 22 14
22 57 14
F15
512
37 90 15
90 25 15
25 46 15
46 1 15
F16
512
76 16 16
16 35 16
35 74 16
74 22 16
F17
512
66 86 17
86 58 17
F18
512
8 96 18
96 13 18
13 12 18
12 32 18
F19
512
27 25 19
25 88 19
88 6 19
F20
512
60 85 20
85 27 20
27 25 20
25 88 20
88 61 20
F21
512
45 39 21
39 74 21
74 35 21
35 16 21
F22
1024
41 76 22
76 16 22
16 35 22
35 74 22
74 29 22
F23
1024
81 70 23
70 58 23
58 86 23
86 11 23
F24
1024
47 76 24
76 16 24
16 35 24
35 74 24
74 22 24
22 94 24
F25
1024
24 96 25
96 20 25
20 80 25
F26
1024
53 70 26
70 58 26
58 86 26
86 33 26
33 84 26
F27
1024
52 9 27
9 96 27
96 13 27
13 12 27
F28
1024
3 1 28
1 7 28
7 88 28
88 25 28
25 26 28
F29
1024
5 18 29
18 6 29
6 88 29
88 25 29
25 69 29
69 54 29
F30
1024
92 16 30
16 35 30
35 74 30
74 22 30
22 67 30
