F1
256
53 70 1
70 58 1
58 86 1
86 33 1
33 84 1
F2
256
68 23 2
23 58 2
58 86 2
86 33 2
F3
256
53 70 3
70 58 3
58 86 3
86 33 3
33 84 3
F4
256
87 61 4
61 90 4
90 25 4
25 69 4
F5
256
40 29 5
29 74 5
74 39 5
F6
256
3 1 6
1 7 6
7 88 6
88 25 6
25 26 6
F7
256
38 35 7
35 74 7
74 22 7
22 57 7
F8
256
78 71 8
71 86 8
86 43 8
43 72 8
F9
256
52 9 9
9 96 9
96 13 9
13 12 9
F10
256
76 16 10
16 35 10
35 74 10
74 22 10
F11
512
82 25 11
25 46 11
F12
512
30 36 12
36 20 12
20 96 12
96 13 12
F13
512
77 17 13
17 74 13
74 35 13
F14
512
31 52 14
52 66 14
66 86 14
86 71 14
F15
512
60 85 15
85 27 15
27 25 15
25 88 15
88 61 15
F16
512
30 36 16
36 20 16
20 96 16
96 13 16
F17
512
8 96 17
96 13 17
13 12 17
12 32 17
F18
512
19 82 18
82 25 18
25 88 18
88 6 18
6 2 18
F19
512
59 40 19
40 29 19
29 74 19
74 94 19
94 98 19
F20
512
24 96 20
96 20 20
20 80 20
F21
512
81 70 21
70 58 21
58 86 21
86 11 21
F22
512
81 70 22
70 58 22
58 86 22
86 11 22
F23
1024
78 71 23
71 86 23
86 43 23
43 72 23
F24
1024
37 90 24
90 25 24
25 46 24
46 1 24
F25
1024
30 36 25
36 20 25
20 96 25
96 13 25
F26
1024
30 36 26
36 20 26
20 96 26
96 13 26
F27
1024
53 70 27
70 58 27
58 86 27
86 33 27
33 84 27
F28
1024
68 23 28
23 58 28
58 86 28
86 33 28
F29
1024
88 25 29
25 82 29
82 89 29
F30
1024
55 63 30
63 74 30
74 22 30
22 67 30
67 28 30
