F1
256
68 23 1
23 58 1
58 86 1
86 33 1
F2
256
38 35 2
35 74 2
74 22 2
22 57 2
F3
256
47 76 3
76 16 3
16 35 3
35 74 3
74 22 3
22 94 3
F4
256
27 25 4
25 88 4
88 6 4
F5
256
27 25 5
25 88 5
88 6 5
F6
256
4 3 6
3 1 6
1 46 6
46 25 6
25 26 6
26 34 6
F7
256
68 23 7
23 58 7
58 86 7
86 33 7
F8
256
24 96 8
96 20 8
20 80 8
F9
256
55 63 9
63 74 9
74 22 9
22 67 9
67 28 9
F10
256
53 70 10
70 58 10
58 86 10
86 33 10
33 84 10
F11
512
78 71 11
71 86 11
86 43 11
43 72 11
F12
512
7 46 12
46 25 12
25 26 12
26 97 12
F13
512
87 61 13
61 90 13
90 25 13
25 69 13
F14
512
55 63 14
63 74 14
74 22 14
22 67 14
67 28 14
F15
512
5 18 15
18 6 15
6 88 15
88 25 15
25 69 15
69 54 15
F16
512
30 36 16
36 20 16
20 96 16
96 13 16
F17
512
92 16 17
16 35 17
35 74 17
74 22 17
22 67 17
F18
1024
3 1 18
1 7 18
7 88 18
88 25 18
25 26 18
F19
1024
30 36 19
36 20 19
20 96 19
96 13 19
F20
1024
10 42 20
42 91 20
91 29 20
29 74 20
74 39 20
39 94 20
94 83 20
F21
1024
95 70 21
70 58 21
58 86 21
86 43 21
F22
1024
95 70 22
70 58 22
58 86 22
86 43 22
F23
1024
81 70 23
70 58 23
58 86 23
86 11 23
F24
1024
7 46 24
46 25 24
25 26 24
26 97 24
F25
1024
3 1 25
1 7 25
7 88 25
88 25 25
25 26 25
F26
1024
53 70 26
70 58 26
58 86 26
86 33 26
33 84 26
F27
1024
88 25 27
25 82 27
82 89 27
F28
1024
51 2 28
2 7 28
7 46 28
46 25 28
25 69 28
69 54 28
F29
1024
53 70 29
70 58 29
58 86 29
86 33 29
33 84 29
F30
1024
82 25 30
25 46 30
