F1
256
88 25 1
25 82 1
82 89 1
F2
256
52 9 2
9 96 2
96 13 2
13 12 2
F3
256
60 85 3
85 27 3
27 25 3
25 88 3
88 61 3
F4
256
20 17 4
17 74 4
74 29 4
29 91 4
F5
256
51 2 5
2 7 5
7 46 5
46 25 5
25 69 5
69 54 5
F6
256
41 76 6
76 16 6
16 35 6
35 74 6
74 29 6
F7
256
51 2 7
2 7 7
7 46 7
46 25 7
25 69 7
69 54 7
F8
256
8 96 8
96 13 8
13 12 8
12 32 8
F9
256
51 2 9
2 7 9
7 46 9
46 25 9
25 69 9
69 54 9
F10
256
82 25 10
25 46 10
F11
256
82 25 11
25 46 11
F12
256
5 18 12
18 6 12
6 88 12
88 25 12
25 69 12
69 54 12
F13
256
76 16 13
16 35 13
35 74 13
74 22 13
F14
512
51 2 14
2 7 14
7 46 14
46 25 14
25 69 14
69 54 14
F15
512
20 17 15
17 74 15
74 29 15
29 91 15
F16
512
55 63 16
63 74 16
74 22 16
22 67 16
67 28 16
F17
512
4 3 17
3 1 17
1 46 17
46 25 17
25 26 17
26 34 17
F18
512
92 16 18
16 35 18
35 74 18
74 22 18
22 67 18
F19
512
60 85 19
85 27 19
27 25 19
25 88 19
88 61 19
F20
512
88 25 20
25 82 20
82 89 20
F21
512
30 36 21
36 20 21
20 96 21
96 13 21
F22
512
27 25 22
25 88 22
88 6 22
F23
512
20 17 23
17 74 23
74 29 23
29 91 23
F24
1024
4 3 24
3 1 24
1 46 24
46 25 24
25 26 24
26 34 24
F25
1024
60 85 25
85 27 25
27 25 25
25 88 25
88 61 25
F26
1024
10 42 26
42 91 26
91 29 26
29 74 26
74 39 26
39 94 26
94 83 26
F27
1024
30 36 27
36 20 27
20 96 27
96 13 27
F28
1024
53 70 28
70 58 28
58 86 28
86 33 28
33 84 28
F29
1024
14 70 29
70 58 29
58 86 29
86 11 29
11 48 29
F30
1024
30 36 30
36 20 30
20 96 30
96 13 30
