F1
256
82 25 1
25 46 1
F2
256
81 70 2
70 58 2
58 86 2
86 11 2
F3
256
51 2 3
2 7 3
7 46 3
46 25 3
25 69 3
69 54 3
F4
256
51 2 4
2 7 4
7 46 4
46 25 4
25 69 4
69 54 4
F5
256
78 71 5
71 86 5
86 43 5
43 72 5
F6
256
15 24 6
24 96 6
96 9 6
F7
256
55 63 7
63 74 7
74 22 7
22 67 7
67 28 7
F8
256
8 96 8
96 13 8
13 12 8
12 32 8
F9
256
17 74 9
74 79 9
F10
256
78 71 10
71 86 10
86 43 10
43 72 10
F11
256
31 52 11
52 66 11
66 86 11
86 71 11
F12
512
40 29 12
29 74 12
74 39 12
F13
512
59 40 13
40 29 13
29 74 13
74 94 13
94 98 13
F14
512
14 70 14
70 58 14
58 86 14
86 11 14
11 48 14
F15
512
37 90 15
90 25 15
25 46 15
46 1 15
F16
512
78 71 16
71 86 16
86 43 16
43 72 16
F17
512
52 9 17
9 96 17
96 13 17
13 12 17
F18
512
77 17 18
17 74 18
74 35 18
F19
512
82 25 19
25 46 19
F20
512
47 76 20
76 16 20
16 35 20
35 74 20
74 22 20
22 94 20
F21
512
3 1 21
1 7 21
7 88 21
88 25 21
25 26 21
F22
1024
15 24 22
24 96 22
96 9 22
F23
1024
31 52 23
52 66 23
66 86 23
86 71 23
F24
1024
77 17 24
17 74 24
74 35 24
F25
1024
38 35 25
35 74 25
74 22 25
22 57 25
F26
1024
41 76 26
76 16 26
16 35 26
35 74 26
74 29 26
F27
1024
52 9 27
9 96 27
96 13 27
13 12 27
F28
1024
17 74 28
74 79 28
F29
1024
55 63 29
63 74 29
74 22 29
22 67 29
67 28 29
F30
1024
55 63 30
63 74 30
74 22 30
22 67 30
67 28 30
