F1
256
7 46 1
46 25 1
25 26 1
26 97 1
F2
256
88 25 2
25 82 2
82 89 2
F3
256
52 9 3
9 96 3
96 13 3
13 12 3
F4
256
4 3 4
3 1 4
1 46 4
46 25 4
25 26 4
26 34 4
F5
256
5 18 5
18 6 5
6 88 5
88 25 5
25 69 5
69 54 5
F6
256
81 70 6
70 58 6
58 86 6
86 11 6
F7
256
37 90 7
90 25 7
25 46 7
46 1 7
F8
256
19 82 8
82 25 8
25 88 8
88 6 8
6 2 8
F9
256
20 17 9
17 74 9
74 29 9
29 91 9
F10
512
3 1 10
1 7 10
7 88 10
88 25 10
25 26 10
F11
512
78 71 11
71 86 11
86 43 11
43 72 11
F12
512
95 70 12
70 58 12
58 86 12
86 43 12
F13
512
55 63 13
63 74 13
74 22 13
22 67 13
67 28 13
F14
512
78 71 14
71 86 14
86 43 14
43 72 14
F15
512
50 39 15
39 74 15
74 63 15
F16
512
20 17 16
17 74 16
74 29 16
29 91 16
F17
512
3 1 17
1 7 17
7 88 17
88 25 17
25 26 17
F18
512
15 24 18
24 96 18
96 9 18
F19
512
92 16 19
16 35 19
35 74 19
74 22 19
22 67 19
F20
1024
8 96 20
96 13 20
13 12 20
12 32 20
F21
1024
41 76 21
76 16 21
16 35 21
35 74 21
74 29 21
F22
1024
55 63 22
63 74 22
74 22 22
22 67 22
67 28 22
F23
1024
76 16 23
16 35 23
35 74 23
74 22 23
F24
1024
82 25 24
25 46 24
F25
1024
60 85 25
85 27 25
27 25 25
25 88 25
88 61 25
F26
1024
52 9 26
9 96 26
96 13 26
13 12 26
F27
1024
52 9 27
9 96 27
96 13 27
13 12 27
F28
1024
10 42 28
42 91 28
91 29 28
29 74 28
74 39 28
39 94 28
94 83 28
F29
1024
8 96 29
96 13 29
13 12 29
12 32 29
F30
1024
51 2 30
2 7 30
7 46 30
46 25 30
25 69 30
69 54 30
