F1
256
37 90 1
90 25 1
25 46 1
46 1 1
F2
256
66 86 2
86 58 2
F3
256
15 24 3
24 96 3
96 9 3
F4
256
76 16 4
16 35 4
35 74 4
74 22 4
F5
256
87 61 5
61 90 5
90 25 5
25 69 5
F6
256
92 16 6
16 35 6
35 74 6
74 22 6
22 67 6
F7
256
50 39 7
39 74 7
74 63 7
F8
256
31 52 8
52 66 8
66 86 8
86 71 8
F9
256
92 16 9
16 35 9
35 74 9
74 22 9
22 67 9
F10
256
88 25 10
25 82 10
82 89 10
F11
256
100 8 11
8 96 11
96 75 11
F12
256
95 70 12
70 58 12
58 86 12
86 43 12
F13
512
3 1 13
1 7 13
7 88 13
88 25 13
25 26 13
F14
512
59 40 14
40 29 14
29 74 14
74 94 14
94 98 14
F15
512
66 86 15
86 58 15
F16
512
30 36 16
36 20 16
20 96 16
96 13 16
F17
512
50 39 17
39 74 17
74 63 17
F18
512
81 70 18
70 58 18
58 86 18
86 11 18
F19
512
82 25 19
25 46 19
F20
512
60 85 20
85 27 20
27 25 20
25 88 20
88 61 20
F21
512
59 40 21
40 29 21
29 74 21
74 94 21
94 98 21
F22
1024
60 85 22
85 27 22
27 25 22
25 88 22
88 61 22
F23
1024
52 9 23
9 96 23
96 13 23
13 12 23
F24
1024
87 61 24
61 90 24
90 25 24
25 69 24
F25
1024
50 39 25
39 74 25
74 63 25
F26
1024
4 3 26
3 1 26
1 46 26
46 25 26
25 26 26
26 34 26
F27
1024
55 63 27
63 74 27
74 22 27
22 67 27
67 28 27
F28
1024
81 70 28
70 58 28
58 86 28
86 11 28
F29
1024
24 96 29
96 20 29
20 80 29
F30
1024
51 2 30
2 7 30
7 46 30
46 25 30
25 69 30
69 54 30
