F1
256
95 70 1
70 58 1
58 86 1
86 43 1
F2
256
37 90 2
90 25 2
25 46 2
46 1 2
F3
256
37 90 3
90 25 3
25 46 3
46 1 3
F4
256
30 36 4
36 20 4
20 96 4
96 13 4
F5
256
53 70 5
70 58 5
58 86 5
86 33 5
33 84 5
F6
256
5 18 6
18 6 6
6 88 6
88 25 6
25 69 6
69 54 6
F7
256
41 76 7
76 16 7
16 35 7
35 74 7
74 29 7
F8
256
27 25 8
25 88 8
88 6 8
F9
512
59 40 9
40 29 9
29 74 9
74 94 9
94 98 9
F10
512
3 1 10
1 7 10
7 88 10
88 25 10
25 26 10
F11
512
19 82 11
82 25 11
25 88 11
88 6 11
6 2 11
F12
512
10 42 12
42 91 12
91 29 12
29 74 12
74 39 12
39 94 12
94 83 12
F13
512
5 18 13
18 6 13
6 88 13
88 25 13
25 69 13
69 54 13
F14
512
7 46 14
46 25 14
25 26 14
26 97 14
F15
512
47 76 15
76 16 15
16 35 15
35 74 15
74 22 15
22 94 15
F16
512
100 8 16
8 96 16
96 75 16
F17
512
92 16 17
16 35 17
35 74 17
74 22 17
22 67 17
F18
512
14 70 18
70 58 18
58 86 18
86 11 18
11 48 18
F19
512
41 76 19
76 16 19
16 35 19
35 74 19
74 29 19
F20
512
3 1 20
1 7 20
7 88 20
88 25 20
25 26 20
F21
512
53 70 21
70 58 21
58 86 21
86 33 21
33 84 21
F22
512
17 74 22
74 79 22
F23
1024
47 76 23
76 16 23
16 35 23
35 74 23
74 22 23
22 94 23
F24
1024
81 70 24
70 58 24
58 86 24
86 11 24
F25
1024
88 25 25
25 82 25
82 89 25
F26
1024
20 17 26
17 74 26
74 29 26
29 91 26
F27
1024
66 86 27
86 58 27
F28
1024
15 24 28
24 96 28
96 9 28
F29
1024
78 71 29
71 86 29
86 43 29
43 72 29
F30
1024
47 76 30
76 16 30
16 35 30
35 74 30
74 22 30
22 94 30
