F1
256
3 1 1
1 7 1
7 88 1
88 25 1
25 26 1
F2
256
37 90 2
90 25 2
25 46 2
46 1 2
F3
256
51 2 3
2 7 3
7 46 3
46 25 3
25 69 3
69 54 3
F4
256
81 70 4
70 58 4
58 86 4
86 11 4
F5
256
7 46 5
46 25 5
25 26 5
26 97 5
F6
256
47 76 6
76 16 6
16 35 6
35 74 6
74 22 6
22 94 6
F7
256
82 25 7
25 46 7
F8
256
17 74 8
74 79 8
F9
256
8 96 9
96 13 9
13 12 9
12 32 9
F10
256
4 3 10
3 1 10
1 46 10
46 25 10
25 26 10
26 34 10
F11
256
10 42 11
42 91 11
91 29 11
29 74 11
74 39 11
39 94 11
94 83 11
F12
256
30 36 12
36 20 12
20 96 12
96 13 12
F13
256
15 24 13
24 96 13
96 9 13
F14
512
95 70 14
70 58 14
58 86 14
86 43 14
F15
512
53 70 15
70 58 15
58 86 15
86 33 15
33 84 15
F16
512
14 70 16
70 58 16
58 86 16
86 11 16
11 48 16
F17
512
8 96 17
96 13 17
13 12 17
12 32 17
F18
512
68 23 18
23 58 18
58 86 18
86 33 18
F19
512
53 70 19
70 58 19
58 86 19
86 33 19
33 84 19
F20
512
50 39 20
39 74 20
74 63 20
F21
512
78 71 21
71 86 21
86 43 21
43 72 21
F22
512
20 17 22
17 74 22
74 29 22
29 91 22
F23
512
52 9 23
9 96 23
96 13 23
13 12 23
F24
512
27 25 24
25 88 24
88 6 24
F25
512
78 71 25
71 86 25
86 43 25
43 72 25
F26
512
3 1 26
1 7 26
7 88 26
88 25 26
25 26 26
F27
512
27 25 27
25 88 27
88 6 27
F28
1024
66 86 28
86 58 28
F29
1024
7 46 29
46 25 29
25 26 29
26 97 29
F30
1024
87 61 30
61 90 30
90 25 30
25 69 30
F31
1024
77 17 31
17 74 31
74 35 31
F32
1024
100 8 32
8 96 32
96 75 32
F33
1024
50 39 33
39 74 33
74 63 33
F34
1024
53 70 34
70 58 34
58 86 34
86 33 34
33 84 34
F35
1024
53 70 35
70 58 35
58 86 35
86 33 35
33 84 35
F36
1024
87 61 36
61 90 36
90 25 36
25 69 36
F37
1024
81 70 37
70 58 37
58 86 37
86 11 37
F38
1024
78 71 38
71 86 38
86 43 38
43 72 38
F39
1024
3 1 39
1 7 39
7 88 39
88 25 39
25 26 39
F40
1024
30 36 40
36 20 40
20 96 40
96 13 40
