F1
256
31 52 1
52 66 1
66 86 1
86 71 1
F2
256
88 25 2
25 82 2
82 89 2
F3
256
19 82 3
82 25 3
25 88 3
88 6 3
6 2 3
F4
256
78 71 4
71 86 4
86 43 4
43 72 4
F5
256
77 17 5
17 74 5
74 35 5
F6
256
81 70 6
70 58 6
58 86 6
86 11 6
F7
256
52 9 7
9 96 7
96 13 7
13 12 7
F8
256
59 40 8
40 29 8
29 74 8
74 94 8
94 98 8
F9
256
51 2 9
2 7 9
7 46 9
46 25 9
25 69 9
69 54 9
F10
256
7 46 10
46 25 10
25 26 10
26 97 10
F11
256
55 63 11
63 74 11
74 22 11
22 67 11
67 28 11
F12
512
78 71 12
71 86 12
86 43 12
43 72 12
F13
512
92 16 13
16 35 13
35 74 13
74 22 13
22 67 13
F14
512
15 24 14
24 96 14
96 9 14
F15
512
68 23 15
23 58 15
58 86 15
86 33 15
F16
512
92 16 16
16 35 16
35 74 16
74 22 16
22 67 16
F17
512
66 86 17
86 58 17
F18
512
19 82 18
82 25 18
25 88 18
88 6 18
6 2 18
F19
512
41 76 19
76 16 19
16 35 19
35 74 19
74 29 19
F20
512
68 23 20
23 58 20
58 86 20
86 33 20
F21
512
37 90 21
90 25 21
25 46 21
46 1 21
F22
512
17 74 22
74 79 22
F23
512
95 70 23
70 58 23
58 86 23
86 43 23
F24
512
7 46 24
46 25 24
25 26 24
26 97 24
F25
512
31 52 25
52 66 25
66 86 25
86 71 25
F26
512
51 2 26
2 7 26
7 46 26
46 25 26
25 69 26
69 54 26
F27
1024
95 70 27
70 58 27
58 86 27
86 43 27
F28
1024
47 76 28
76 16 28
16 35 28
35 74 28
74 22 28
22 94 28
F29
1024
53 70 29
70 58 29
58 86 29
86 33 29
33 84 29
F30
1024
37 90 30
90 25 30
25 46 30
46 1 30
F31
1024
41 76 31
76 16 31
16 35 31
35 74 31
74 29 31
F32
1024
55 63 32
63 74 32
74 22 32
22 67 32
67 28 32
F33
1024
78 71 33
71 86 33
86 43 33
43 72 33
F34
1024
66 86 34
86 58 34
F35
1024
50 39 35
39 74 35
74 63 35
F36
1024
4 3 36
3 1 36
1 46 36
46 25 36
25 26 36
26 34 36
F37
1024
24 96 37
96 20 37
20 80 37
F38
1024
37 90 38
90 25 38
25 46 38
46 1 38
F39
1024
81 70 39
70 58 39
58 86 39
86 11 39
F40
1024
95 70 40
70 58 40
58 86 40
86 43 40
