F1
256
82 25 1
25 46 1
F2
256
19 82 2
82 25 2
25 88 2
88 6 2
6 2 2
F3
256
45 39 3
39 74 3
74 35 3
35 16 3
F4
256
77 17 4
17 74 4
74 35 4
F5
256
92 16 5
16 35 5
35 74 5
74 22 5
22 67 5
F6
256
30 36 6
36 20 6
20 96 6
96 13 6
F7
256
95 70 7
70 58 7
58 86 7
86 43 7
F8
256
100 8 8
8 96 8
96 75 8
F9
256
81 70 9
70 58 9
58 86 9
86 11 9
F10
256
37 90 10
90 25 10
25 46 10
46 1 10
F11
256
4 3 11
3 1 11
1 46 11
46 25 11
25 26 11
26 34 11
F12
512
41 76 12
76 16 12
16 35 12
35 74 12
74 29 12
F13
512
41 76 13
76 16 13
16 35 13
35 74 13
74 29 13
F14
512
87 61 14
61 90 14
90 25 14
25 69 14
F15
512
66 86 15
86 58 15
F16
512
60 85 16
85 27 16
27 25 16
25 88 16
88 61 16
F17
512
77 17 17
17 74 17
74 35 17
F18
512
3 1 18
1 7 18
7 88 18
88 25 18
25 26 18
F19
512
81 70 19
70 58 19
58 86 19
86 11 19
F20
512
45 39 20
39 74 20
74 35 20
35 16 20
F21
512
45 39 21
39 74 21
74 35 21
35 16 21
F22
512
3 1 22
1 7 22
7 88 22
88 25 22
25 26 22
F23
512
24 96 23
96 20 23
20 80 23
F24
512
10 42 24
42 91 24
91 29 24
29 74 24
74 39 24
39 94 24
94 83 24
F25
512
95 70 25
70 58 25
58 86 25
86 43 25
F26
1024
41 76 26
76 16 26
16 35 26
35 74 26
74 29 26
F27
1024
88 25 27
25 82 27
82 89 27
F28
1024
5 18 28
18 6 28
6 88 28
88 25 28
25 69 28
69 54 28
F29
1024
7 46 29
46 25 29
25 26 29
26 97 29
F30
1024
37 90 30
90 25 30
25 46 30
46 1 30
F31
1024
3 1 31
1 7 31
7 88 31
88 25 31
25 26 31
F32
1024
5 18 32
18 6 32
6 88 32
88 25 32
25 69 32
69 54 32
F33
1024
15 24 33
24 96 33
96 9 33
F34
1024
41 76 34
76 16 34
16 35 34
35 74 34
74 29 34
F35
1024
81 70 35
70 58 35
58 86 35
86 11 35
F36
1024
87 61 36
61 90 36
90 25 36
25 69 36
F37
1024
8 96 37
96 13 37
13 12 37
12 32 37
F38
1024
27 25 38
25 88 38
88 6 38
F39
1024
95 70 39
70 58 39
58 86 39
86 43 39
F40
1024
81 70 40
70 58 40
58 86 40
86 11 40
