F1
256
31 52 1
52 66 1
66 86 1
86 71 1
F2
256
41 76 2
76 16 2
16 35 2
35 74 2
74 29 2
F3
256
92 16 3
16 35 3
35 74 3
74 22 3
22 67 3
F4
256
14 70 4
70 58 4
58 86 4
86 11 4
11 48 4
F5
256
3 1 5
1 7 5
7 88 5
88 25 5
25 26 5
F6
256
5 18 6
18 6 6
6 88 6
88 25 6
25 69 6
69 54 6
F7
256
60 85 7
85 27 7
27 25 7
25 88 7
88 61 7
F8
256
17 74 8
74 79 8
F9
256
17 74 9
74 79 9
F10
256
20 17 10
17 74 10
74 29 10
29 91 10
F11
256
45 39 11
39 74 11
74 35 11
35 16 11
F12
512
41 76 12
76 16 12
16 35 12
35 74 12
74 29 12
F13
512
47 76 13
76 16 13
16 35 13
35 74 13
74 22 13
22 94 13
F14
512
24 96 14
96 20 14
20 80 14
F15
512
10 42 15
42 91 15
91 29 15
29 74 15
74 39 15
39 94 15
94 83 15
F16
512
8 96 16
96 13 16
13 12 16
12 32 16
F17
512
82 25 17
25 46 17
F18
512
15 24 18
24 96 18
96 9 18
F19
512
47 76 19
76 16 19
16 35 19
35 74 19
74 22 19
22 94 19
F20
512
68 23 20
23 58 20
58 86 20
86 33 20
F21
512
68 23 21
23 58 21
58 86 21
86 33 21
F22
512
41 76 22
76 16 22
16 35 22
35 74 22
74 29 22
F23
512
78 71 23
71 86 23
86 43 23
43 72 23
F24
512
68 23 24
23 58 24
58 86 24
86 33 24
F25
512
10 42 25
42 91 25
91 29 25
29 74 25
74 39 25
39 94 25
94 83 25
F26
512
41 76 26
76 16 26
16 35 26
35 74 26
74 29 26
F27
512
15 24 27
24 96 27
96 9 27
F28
1024
14 70 28
70 58 28
58 86 28
86 11 28
11 48 28
F29
1024
87 61 29
61 90 29
90 25 29
25 69 29
F30
1024
17 74 30
74 79 30
F31
1024
19 82 31
82 25 31
25 88 31
88 6 31
6 2 31
F32
1024
52 9 32
9 96 32
96 13 32
13 12 32
F33
1024
4 3 33
3 1 33
1 46 33
46 25 33
25 26 33
26 34 33
F34
1024
95 70 34
70 58 34
58 86 34
86 43 34
F35
1024
66 86 35
86 58 35
F36
1024
50 39 36
39 74 36
74 63 36
F37
1024
50 39 37
39 74 37
74 63 37
F38
1024
10 42 38
42 91 38
91 29 38
29 74 38
74 39 38
39 94 38
94 83 38
F39
1024
10 42 39
42 91 39
91 29 39
29 74 39
74 39 39
39 94 39
94 83 39
F40
1024
81 70 40
70 58 40
58 86 40
86 11 40
