F1
256
55 63 1
63 74 1
74 22 1
22 67 1
67 28 1
F2
256
41 76 2
76 16 2
16 35 2
35 74 2
74 29 2
F3
256
60 85 3
85 27 3
27 25 3
25 88 3
88 61 3
F4
256
31 52 4
52 66 4
66 86 4
86 71 4
F5
256
14 70 5
70 58 5
58 86 5
86 11 5
11 48 5
F6
256
3 1 6
1 7 6
7 88 6
88 25 6
25 26 6
F7
256
41 76 7
76 16 7
16 35 7
35 74 7
74 29 7
F8
256
81 70 8
70 58 8
58 86 8
86 11 8
F9
256
37 90 9
90 25 9
25 46 9
46 1 9
F10
256
17 74 10
74 79 10
F11
256
3 1 11
1 7 11
7 88 11
88 25 11
25 26 11
F12
256
100 8 12
8 96 12
96 75 12
F13
256
5 18 13
18 6 13
6 88 13
88 25 13
25 69 13
69 54 13
F14
256
17 74 14
74 79 14
F15
256
7 46 15
46 25 15
25 26 15
26 97 15
F16
256
50 39 16
39 74 16
74 63 16
F17
256
4 3 17
3 1 17
1 46 17
46 25 17
25 26 17
26 34 17
F18
512
10 42 18
42 91 18
91 29 18
29 74 18
74 39 18
39 94 18
94 83 18
F19
512
41 76 19
76 16 19
16 35 19
35 74 19
74 29 19
F20
512
88 25 20
25 82 20
82 89 20
F21
512
40 29 21
29 74 21
74 39 21
F22
512
78 71 22
71 86 22
86 43 22
43 72 22
F23
512
52 9 23
9 96 23
96 13 23
13 12 23
F24
512
24 96 24
96 20 24
20 80 24
F25
512
53 70 25
70 58 25
58 86 25
86 33 25
33 84 25
F26
512
31 52 26
52 66 26
66 86 26
86 71 26
F27
512
87 61 27
61 90 27
90 25 27
25 69 27
F28
512
24 96 28
96 20 28
20 80 28
F29
1024
5 18 29
18 6 29
6 88 29
88 25 29
25 69 29
69 54 29
F30
1024
51 2 30
2 7 30
7 46 30
46 25 30
25 69 30
69 54 30
F31
1024
59 40 31
40 29 31
29 74 31
74 94 31
94 98 31
F32
1024
19 82 32
82 25 32
25 88 32
88 6 32
6 2 32
F33
1024
19 82 33
82 25 33
25 88 33
88 6 33
6 2 33
F34
1024
40 29 34
29 74 34
74 39 34
F35
1024
41 76 35
76 16 35
16 35 35
35 74 35
74 29 35
F36
1024
45 39 36
39 74 36
74 35 36
35 16 36
F37
1024
38 35 37
35 74 37
74 22 37
22 57 37
F38
1024
19 82 38
82 25 38
25 88 38
88 6 38
6 2 38
F39
1024
68 23 39
23 58 39
58 86 39
86 33 39
F40
1024
8 96 40
96 13 40
13 12 40
12 32 40
