F1
256
50 39 1
39 74 1
74 63 1
F2
256
53 70 2
70 58 2
58 86 2
86 33 2
33 84 2
F3
256
20 17 3
17 74 3
74 29 3
29 91 3
F4
256
50 39 4
39 74 4
74 63 4
F5
256
68 23 5
23 58 5
58 86 5
86 33 5
F6
256
50 39 6
39 74 6
74 63 6
F7
256
78 71 7
71 86 7
86 43 7
43 72 7
F8
256
59 40 8
40 29 8
29 74 8
74 94 8
94 98 8
F9
256
59 40 9
40 29 9
29 74 9
74 94 9
94 98 9
F10
256
14 70 10
70 58 10
58 86 10
86 11 10
11 48 10
F11
256
27 25 11
25 88 11
88 6 11
F12
256
19 82 12
82 25 12
25 88 12
88 6 12
6 2 12
F13
256
95 70 13
70 58 13
58 86 13
86 43 13
F14
256
81 70 14
70 58 14
58 86 14
86 11 14
F15
256
47 76 15
76 16 15
16 35 15
35 74 15
74 22 15
22 94 15
F16
256
78 71 16
71 86 16
86 43 16
43 72 16
F17
512
60 85 17
85 27 17
27 25 17
25 88 17
88 61 17
F18
512
87 61 18
61 90 18
90 25 18
25 69 18
F19
512
30 36 19
36 20 19
20 96 19
96 13 19
F20
512
15 24 20
24 96 20
96 9 20
F21
512
41 76 21
76 16 21
16 35 21
35 74 21
74 29 21
F22
512
3 1 22
1 7 22
7 88 22
88 25 22
25 26 22
F23
512
30 36 23
36 20 23
20 96 23
96 13 23
F24
512
8 96 24
96 13 24
13 12 24
12 32 24
F25
512
10 42 25
42 91 25
91 29 25
29 74 25
74 39 25
39 94 25
94 83 25
F26
512
82 25 26
25 46 26
F27
512
30 36 27
36 20 27
20 96 27
96 13 27
F28
512
52 9 28
9 96 28
96 13 28
13 12 28
F29
1024
15 24 29
24 96 29
96 9 29
F30
1024
52 9 30
9 96 30
96 13 30
13 12 30
F31
1024
19 82 31
82 25 31
25 88 31
88 6 31
6 2 31
F32
1024
50 39 32
39 74 32
74 63 32
F33
1024
14 70 33
70 58 33
58 86 33
86 11 33
11 48 33
F34
1024
17 74 34
74 79 34
F35
1024
52 9 35
9 96 35
96 13 35
13 12 35
F36
1024
24 96 36
96 20 36
20 80 36
F37
1024
15 24 37
24 96 37
96 9 37
F38
1024
30 36 38
36 20 38
20 96 38
96 13 38
F39
1024
4 3 39
3 1 39
1 46 39
46 25 39
25 26 39
26 34 39
F40
1024
40 29 40
29 74 40
74 39 40
