F1
256
3 1 1
1 7 1
7 88 1
88 25 1
25 26 1
F2
256
19 82 2
82 25 2
25 88 2
88 6 2
6 2 2
F3
256
92 16 3
16 35 3
35 74 3
74 22 3
22 67 3
F4
256
50 39 4
39 74 4
74 63 4
F5
256
4 3 5
3 1 5
1 46 5
46 25 5
25 26 5
26 34 5
F6
256
38 35 6
35 74 6
74 22 6
22 57 6
F7
256
19 82 7
82 25 7
25 88 7
88 6 7
6 2 7
F8
256
87 61 8
61 90 8
90 25 8
25 69 8
F9
256
76 16 9
16 35 9
35 74 9
74 22 9
F10
256
77 17 10
17 74 10
74 35 10
F11
256
5 18 11
18 6 11
6 88 11
88 25 11
25 69 11
69 54 11
F12
256
66 86 12
86 58 12
F13
256
30 36 13
36 20 13
20 96 13
96 13 13
F14
256
50 39 14
39 74 14
74 63 14
F15
256
10 42 15
42 91 15
91 29 15
29 74 15
74 39 15
39 94 15
94 83 15
F16
512
92 16 16
16 35 16
35 74 16
74 22 16
22 67 16
F17
512
51 2 17
2 7 17
7 46 17
46 25 17
25 69 17
69 54 17
F18
512
55 63 18
63 74 18
74 22 18
22 67 18
67 28 18
F19
512
38 35 19
35 74 19
74 22 19
22 57 19
F20
512
50 39 20
39 74 20
74 63 20
F21
512
81 70 21
70 58 21
58 86 21
86 11 21
F22
512
37 90 22
90 25 22
25 46 22
46 1 22
F23
512
10 42 23
42 91 23
91 29 23
29 74 23
74 39 23
39 94 23
94 83 23
F24
512
55 63 24
63 74 24
74 22 24
22 67 24
67 28 24
F25
512
77 17 25
17 74 25
74 35 25
F26
512
52 9 26
9 96 26
96 13 26
13 12 26
F27
512
37 90 27
90 25 27
25 46 27
46 1 27
F28
512
41 76 28
76 16 28
16 35 28
35 74 28
74 29 28
F29
512
4 3 29
3 1 29
1 46 29
46 25 29
25 26 29
26 34 29
F30
512
52 9 30
9 96 30
96 13 30
13 12 30
F31
1024
68 23 31
23 58 31
58 86 31
86 33 31
F32
1024
27 25 32
25 88 32
88 6 32
F33
1024
95 70 33
70 58 33
58 86 33
86 43 33
F34
1024
95 70 34
70 58 34
58 86 34
86 43 34
F35
1024
14 70 35
70 58 35
58 86 35
86 11 35
11 48 35
F36
1024
88 25 36
25 82 36
82 89 36
F37
1024
38 35 37
35 74 37
74 22 37
22 57 37
F38
1024
92 16 38
16 35 38
35 74 38
74 22 38
22 67 38
F39
1024
14 70 39
70 58 39
58 86 39
86 11 39
11 48 39
F40
1024
5 18 40
18 6 40
6 88 40
88 25 40
25 69 40
69 54 40
