F1
256
41 76 1
76 16 1
16 35 1
35 74 1
74 29 1
F2
256
4 3 2
3 1 2
1 46 2
46 25 2
25 26 2
26 34 2
F3
256
47 76 3
76 16 3
16 35 3
35 74 3
74 22 3
22 94 3
F4
256
68 23 4
23 58 4
58 86 4
86 33 4
F5
256
27 25 5
25 88 5
88 6 5
F6
256
68 23 6
23 58 6
58 86 6
86 33 6
F7
256
77 17 7
17 74 7
74 35 7
F8
256
60 85 8
85 27 8
27 25 8
25 88 8
88 61 8
F9
256
52 9 9
9 96 9
96 13 9
13 12 9
F10
256
82 25 10
25 46 10
F11
256
10 42 11
42 91 11
91 29 11
29 74 11
74 39 11
39 94 11
94 83 11
F12
256
24 96 12
96 20 12
20 80 12
F13
256
45 39 13
39 74 13
74 35 13
35 16 13
F14
256
95 70 14
70 58 14
58 86 14
86 43 14
F15
256
38 35 15
35 74 15
74 22 15
22 57 15
F16
256
50 39 16
39 74 16
74 63 16
F17
512
17 74 17
74 79 17
F18
512
87 61 18
61 90 18
90 25 18
25 69 18
F19
512
95 70 19
70 58 19
58 86 19
86 43 19
F20
512
78 71 20
71 86 20
86 43 20
43 72 20
F21
512
30 36 21
36 20 21
20 96 21
96 13 21
F22
512
38 35 22
35 74 22
74 22 22
22 57 22
F23
512
78 71 23
71 86 23
86 43 23
43 72 23
F24
512
66 86 24
86 58 24
F25
512
27 25 25
25 88 25
88 6 25
F26
512
8 96 26
96 13 26
13 12 26
12 32 26
F27
512
4 3 27
3 1 27
1 46 27
46 25 27
25 26 27
26 34 27
F28
512
5 18 28
18 6 28
6 88 28
88 25 28
25 69 28
69 54 28
F29
512
51 2 29
2 7 29
7 46 29
46 25 29
25 69 29
69 54 29
F30
1024
95 70 30
70 58 30
58 86 30
86 43 30
F31
1024
87 61 31
61 90 31
90 25 31
25 69 31
F32
1024
82 25 32
25 46 32
F33
1024
82 25 33
25 46 33
F34
1024
66 86 34
86 58 34
F35
1024
38 35 35
35 74 35
74 22 35
22 57 35
F36
1024
27 25 36
25 88 36
88 6 36
F37
1024
31 52 37
52 66 37
66 86 37
86 71 37
F38
1024
37 90 38
90 25 38
25 46 38
46 1 38
F39
1024
19 82 39
82 25 39
25 88 39
88 6 39
6 2 39
F40
1024
4 3 40
3 1 40
1 46 40
46 25 40
25 26 40
26 34 40
