F1
256
27 25 1
25 88 1
88 6 1
F2
256
52 9 2
9 96 2
96 13 2
13 12 2
F3
256
92 16 3
16 35 3
35 74 3
74 22 3
22 67 3
F4
256
55 63 4
63 74 4
74 22 4
22 67 4
67 28 4
F5
256
81 70 5
70 58 5
58 86 5
86 11 5
F6
256
37 90 6
90 25 6
25 46 6
46 1 6
F7
256
87 61 7
61 90 7
90 25 7
25 69 7
F8
512
15 24 8
24 96 8
96 9 8
F9
512
40 29 9
29 74 9
74 39 9
F10
512
40 29 10
29 74 10
74 39 10
F11
512
77 17 11
17 74 11
74 35 11
F12
512
60 85 12
85 27 12
27 25 12
25 88 12
88 61 12
F13
512
3 1 13
1 7 13
7 88 13
88 25 13
25 26 13
F14
512
24 96 14
96 20 14
20 80 14
F15
512
82 25 15
25 46 15
F16
512
59 40 16
40 29 16
29 74 16
74 94 16
94 98 16
F17
512
52 9 17
9 96 17
96 13 17
13 12 17
F18
512
17 74 18
74 79 18
F19
512
5 18 19
18 6 19
6 88 19
88 25 19
25 69 19
69 54 19
F20
512
76 16 20
16 35 20
35 74 20
74 22 20
F21
512
51 2 21
2 7 21
7 46 21
46 25 21
25 69 21
69 54 21
F22
512
60 85 22
85 27 22
27 25 22
25 88 22
88 61 22
F23
512
40 29 23
29 74 23
74 39 23
F24
512
87 61 24
61 90 24
90 25 24
25 69 24
F25
512
53 70 25
70 58 25
58 86 25
86 33 25
33 84 25
F26
512
4 3 26
3 1 26
1 46 26
46 25 26
25 26 26
26 34 26
F27
1024
38 35 27
35 74 27
74 22 27
22 57 27
F28
1024
81 70 28
70 58 28
58 86 28
86 11 28
F29
1024
55 63 29
63 74 29
74 22 29
22 67 29
67 28 29
F30
1024
5 18 30
18 6 30
6 88 30
88 25 30
25 69 30
69 54 30
F31
1024
55 63 31
63 74 31
74 22 31
22 67 31
67 28 31
F32
1024
37 90 32
90 25 32
25 46 32
46 1 32
F33
1024
14 70 33
70 58 33
58 86 33
86 11 33
11 48 33
F34
1024
95 70 34
70 58 34
58 86 34
86 43 34
F35
1024
66 86 35
86 58 35
F36
1024
40 29 36
29 74 36
74 39 36
F37
1024
8 96 37
96 13 37
13 12 37
12 32 37
F38
1024
60 85 38
85 27 38
27 25 38
25 88 38
88 61 38
F39
1024
76 16 39
16 35 39
35 74 39
74 22 39
F40
1024
40 29 40
29 74 40
74 39 40
