F1
256
8 96 1
96 13 1
13 12 1
12 32 1
F2
256
81 70 2
70 58 2
58 86 2
86 11 2
F3
256
8 96 3
96 13 3
13 12 3
12 32 3
F4
256
10 42 4
42 91 4
91 29 4
29 74 4
74 39 4
39 94 4
94 83 4
F5
256
37 90 5
90 25 5
25 46 5
46 1 5
F6
256
76 16 6
16 35 6
35 74 6
74 22 6
F7
256
88 25 7
25 82 7
82 89 7
F8
256
77 17 8
17 74 8
74 35 8
F9
256
81 70 9
70 58 9
58 86 9
86 11 9
F10
256
55 63 10
63 74 10
74 22 10
22 67 10
67 28 10
F11
256
5 18 11
18 6 11
6 88 11
88 25 11
25 69 11
69 54 11
F12
256
20 17 12
17 74 12
74 29 12
29 91 12
F13
256
68 23 13
23 58 13
58 86 13
86 33 13
F14
256
68 23 14
23 58 14
58 86 14
86 33 14
F15
256
30 36 15
36 20 15
20 96 15
96 13 15
F16
256
55 63 16
63 74 16
74 22 16
22 67 16
67 28 16
F17
256
95 70 17
70 58 17
58 86 17
86 43 17
F18
256
92 16 18
16 35 18
35 74 18
74 22 18
22 67 18
F19
256
87 61 19
61 90 19
90 25 19
25 69 19
F20
256
31 52 20
52 66 20
66 86 20
86 71 20
F21
256
10 42 21
42 91 21
91 29 21
29 74 21
74 39 21
39 94 21
94 83 21
F22
512
14 70 22
70 58 22
58 86 22
86 11 22
11 48 22
F23
512
92 16 23
16 35 23
35 74 23
74 22 23
22 67 23
F24
512
50 39 24
39 74 24
74 63 24
F25
512
3 1 25
1 7 25
7 88 25
88 25 25
25 26 25
F26
512
53 70 26
70 58 26
58 86 26
86 33 26
33 84 26
F27
512
3 1 27
1 7 27
7 88 27
88 25 27
25 26 27
F28
512
59 40 28
40 29 28
29 74 28
74 94 28
94 98 28
F29
512
53 70 29
70 58 29
58 86 29
86 33 29
33 84 29
F30
512
15 24 30
24 96 30
96 9 30
F31
512
19 82 31
82 25 31
25 88 31
88 6 31
6 2 31
F32
1024
59 40 32
40 29 32
29 74 32
74 94 32
94 98 32
F33
1024
20 17 33
17 74 33
74 29 33
29 91 33
F34
1024
53 70 34
70 58 34
58 86 34
86 33 34
33 84 34
F35
1024
38 35 35
35 74 35
74 22 35
22 57 35
F36
1024
5 18 36
18 6 36
6 88 36
88 25 36
25 69 36
69 54 36
F37
1024
59 40 37
40 29 37
29 74 37
74 94 37
94 98 37
F38
1024
14 70 38
70 58 38
58 86 38
86 11 38
11 48 38
F39
1024
76 16 39
16 35 39
35 74 39
74 22 39
F40
1024
88 25 40
25 82 40
82 89 40
