F1
256
82 25 1
25 46 1
F2
256
51 2 2
2 7 2
7 46 2
46 25 2
25 69 2
69 54 2
F3
256
4 3 3
3 1 3
1 46 3
46 25 3
25 26 3
26 34 3
F4
256
59 40 4
40 29 4
29 74 4
74 94 4
94 98 4
F5
256
17 74 5
74 79 5
F6
256
59 40 6
40 29 6
29 74 6
74 94 6
94 98 6
F7
256
78 71 7
71 86 7
86 43 7
43 72 7
F8
256
55 63 8
63 74 8
74 22 8
22 67 8
67 28 8
F9
256
20 17 9
17 74 9
74 29 9
29 91 9
F10
256
8 96 10
96 13 10
13 12 10
12 32 10
F11
256
81 70 11
70 58 11
58 86 11
86 11 11
F12
512
76 16 12
16 35 12
35 74 12
74 22 12
F13
512
66 86 13
86 58 13
F14
512
52 9 14
9 96 14
96 13 14
13 12 14
F15
512
10 42 15
42 91 15
91 29 15
29 74 15
74 39 15
39 94 15
94 83 15
F16
512
19 82 16
82 25 16
25 88 16
88 6 16
6 2 16
F17
512
8 96 17
96 13 17
13 12 17
12 32 17
F18
512
92 16 18
16 35 18
35 74 18
74 22 18
22 67 18
F19
512
38 35 19
35 74 19
74 22 19
22 57 19
F20
512
66 86 20
86 58 20
F21
512
55 63 21
63 74 21
74 22 21
22 67 21
67 28 21
F22
512
88 25 22
25 82 22
82 89 22
F23
512
60 85 23
85 27 23
27 25 23
25 88 23
88 61 23
F24
1024
19 82 24
82 25 24
25 88 24
88 6 24
6 2 24
F25
1024
53 70 25
70 58 25
58 86 25
86 33 25
33 84 25
F26
1024
66 86 26
86 58 26
F27
1024
88 25 27
25 82 27
82 89 27
F28
1024
14 70 28
70 58 28
58 86 28
86 11 28
11 48 28
F29
1024
31 52 29
52 66 29
66 86 29
86 71 29
F30
1024
82 25 30
25 46 30
F31
1024
40 29 31
29 74 31
74 39 31
F32
1024
5 18 32
18 6 32
6 88 32
88 25 32
25 69 32
69 54 32
F33
1024
95 70 33
70 58 33
58 86 33
86 43 33
F34
1024
38 35 34
35 74 34
74 22 34
22 57 34
F35
1024
5 18 35
18 6 35
6 88 35
88 25 35
25 69 35
69 54 35
F36
1024
38 35 36
35 74 36
74 22 36
22 57 36
F37
1024
20 17 37
17 74 37
74 29 37
29 91 37
F38
1024
15 24 38
24 96 38
96 9 38
F39
1024
15 24 39
24 96 39
96 9 39
F40
1024
92 16 40
16 35 40
35 74 40
74 22 40
22 67 40
