F1
256
50 39 1
39 74 1
74 63 1
F2
256
51 2 2
2 7 2
7 46 2
46 25 2
25 69 2
69 54 2
F3
256
14 70 3
70 58 3
58 86 3
86 11 3
11 48 3
F4
256
17 74 4
74 79 4
F5
256
7 46 5
46 25 5
25 26 5
26 97 5
F6
256
82 25 6
25 46 6
F7
256
24 96 7
96 20 7
20 80 7
F8
256
20 17 8
17 74 8
74 29 8
29 91 8
F9
512
8 96 9
96 13 9
13 12 9
12 32 9
F10
512
7 46 10
46 25 10
25 26 10
26 97 10
F11
512
24 96 11
96 20 11
20 80 11
F12
512
24 96 12
96 20 12
20 80 12
F13
512
38 35 13
35 74 13
74 22 13
22 57 13
F14
512
31 52 14
52 66 14
66 86 14
86 71 14
F15
512
87 61 15
61 90 15
90 25 15
25 69 15
F16
512
4 3 16
3 1 16
1 46 16
46 25 16
25 26 16
26 34 16
F17
512
38 35 17
35 74 17
74 22 17
22 57 17
F18
512
15 24 18
24 96 18
96 9 18
F19
512
24 96 19
96 20 19
20 80 19
F20
512
41 76 20
76 16 20
16 35 20
35 74 20
74 29 20
F21
512
78 71 21
71 86 21
86 43 21
43 72 21
F22
512
24 96 22
96 20 22
20 80 22
F23
512
37 90 23
90 25 23
25 46 23
46 1 23
F24
512
82 25 24
25 46 24
F25
1024
7 46 25
46 25 25
25 26 25
26 97 25
F26
1024
55 63 26
63 74 26
74 22 26
22 67 26
67 28 26
F27
1024
88 25 27
25 82 27
82 89 27
F28
1024
8 96 28
96 13 28
13 12 28
12 32 28
F29
1024
38 35 29
35 74 29
74 22 29
22 57 29
F30
1024
45 39 30
39 74 30
74 35 30
35 16 30
F31
1024
87 61 31
61 90 31
90 25 31
25 69 31
F32
1024
50 39 32
39 74 32
74 63 32
F33
1024
66 86 33
86 58 33
F34
1024
60 85 34
85 27 34
27 25 34
25 88 34
88 61 34
F35
1024
50 39 35
39 74 35
74 63 35
F36
1024
4 3 36
3 1 36
1 46 36
46 25 36
25 26 36
26 34 36
F37
1024
78 71 37
71 86 37
86 43 37
43 72 37
F38
1024
55 63 38
63 74 38
74 22 38
22 67 38
67 28 38
F39
1024
81 70 39
70 58 39
58 86 39
86 11 39
F40
1024
4 3 40
3 1 40
1 46 40
46 25 40
25 26 40
26 34 40
