F1
256
76 16 1
16 35 1
35 74 1
74 22 1
F2
256
59 40 2
40 29 2
29 74 2
74 94 2
94 98 2
F3
256
5 18 3
18 6 3
6 88 3
88 25 3
25 69 3
69 54 3
F4
256
81 70 4
70 58 4
58 86 4
86 11 4
F5
256
7 46 5
46 25 5
25 26 5
26 97 5
F6
256
55 63 6
63 74 6
74 22 6
22 67 6
67 28 6
F7
256
47 76 7
76 16 7
16 35 7
35 74 7
74 22 7
22 94 7
F8
256
5 18 8
18 6 8
6 88 8
88 25 8
25 69 8
69 54 8
F9
256
92 16 9
16 35 9
35 74 9
74 22 9
22 67 9
F10
256
10 42 10
42 91 10
91 29 10
29 74 10
74 39 10
39 94 10
94 83 10
F11
256
77 17 11
17 74 11
74 35 11
F12
256
14 70 12
70 58 12
58 86 12
86 11 12
11 48 12
F13
256
24 96 13
96 20 13
20 80 13
F14
512
95 70 14
70 58 14
58 86 14
86 43 14
F15
512
88 25 15
25 82 15
82 89 15
F16
512
37 90 16
90 25 16
25 46 16
46 1 16
F17
512
55 63 17
63 74 17
74 22 17
22 67 17
67 28 17
F18
512
59 40 18
40 29 18
29 74 18
74 94 18
94 98 18
F19
512
66 86 19
86 58 19
F20
512
87 61 20
61 90 20
90 25 20
25 69 20
F21
512
30 36 21
36 20 21
20 96 21
96 13 21
F22
512
55 63 22
63 74 22
74 22 22
22 67 22
67 28 22
F23
512
76 16 23
16 35 23
35 74 23
74 22 23
F24
512
53 70 24
70 58 24
58 86 24
86 33 24
33 84 24
F25
512
14 70 25
70 58 25
58 86 25
86 11 25
11 48 25
F26
512
59 40 26
40 29 26
29 74 26
74 94 26
94 98 26
F27
512
82 25 27
25 46 27
F28
512
14 70 28
70 58 28
58 86 28
86 11 28
11 48 28
F29
512
7 46 29
46 25 29
25 26 29
26 97 29
F30
512
38 35 30
35 74 30
74 22 30
22 57 30
F31
512
31 52 31
52 66 31
66 86 31
86 71 31
F32
1024
30 36 32
36 20 32
20 96 32
96 13 32
F33
1024
60 85 33
85 27 33
27 25 33
25 88 33
88 61 33
F34
1024
53 70 34
70 58 34
58 86 34
86 33 34
33 84 34
F35
1024
17 74 35
74 79 35
F36
1024
81 70 36
70 58 36
58 86 36
86 11 36
F37
1024
60 85 37
85 27 37
27 25 37
25 88 37
88 61 37
F38
1024
66 86 38
86 58 38
F39
1024
15 24 39
24 96 39
96 9 39
F40
1024
95 70 40
70 58 40
58 86 40
86 43 40
