F1
256
15 24 1
24 96 1
96 9 1
F2
256
19 82 2
82 25 2
25 88 2
88 6 2
6 2 2
F3
256
68 23 3
23 58 3
58 86 3
86 33 3
F4
256
47 76 4
76 16 4
16 35 4
35 74 4
74 22 4
22 94 4
F5
256
95 70 5
70 58 5
58 86 5
86 43 5
F6
256
59 40 6
40 29 6
29 74 6
74 94 6
94 98 6
F7
256
45 39 7
39 74 7
74 35 7
35 16 7
F8
256
52 9 8
9 96 8
96 13 8
13 12 8
F9
256
8 96 9
96 13 9
13 12 9
12 32 9
F10
256
20 17 10
17 74 10
74 29 10
29 91 10
F11
256
7 46 11
46 25 11
25 26 11
26 97 11
F12
256
76 16 12
16 35 12
35 74 12
74 22 12
F13
256
27 25 13
25 88 13
88 6 13
F14
256
92 16 14
16 35 14
35 74 14
74 22 14
22 67 14
F15
512
92 16 15
16 35 15
35 74 15
74 22 15
22 67 15
F16
512
14 70 16
70 58 16
58 86 16
86 11 16
11 48 16
F17
512
60 85 17
85 27 17
27 25 17
25 88 17
88 61 17
F18
512
95 70 18
70 58 18
58 86 18
86 43 18
F19
512
20 17 19
17 74 19
74 29 19
29 91 19
F20
512
19 82 20
82 25 20
25 88 20
88 6 20
6 2 20
F21
512
95 70 21
70 58 21
58 86 21
86 43 21
F22
512
38 35 22
35 74 22
74 22 22
22 57 22
F23
1024
81 70 23
70 58 23
58 86 23
86 11 23
F24
1024
37 90 24
90 25 24
25 46 24
46 1 24
F25
1024
100 8 25
8 96 25
96 75 25
F26
1024
82 25 26
25 46 26
F27
1024
60 85 27
85 27 27
27 25 27
25 88 27
88 61 27
F28
1024
4 3 28
3 1 28
1 46 28
46 25 28
25 26 28
26 34 28
F29
1024
8 96 29
96 13 29
13 12 29
12 32 29
F30
1024
30 36 30
36 20 30
20 96 30
96 13 30
F31
1024
55 63 31
63 74 31
74 22 31
22 67 31
67 28 31
F32
1024
17 74 32
74 79 32
F33
1024
8 96 33
96 13 33
13 12 33
12 32 33
F34
1024
52 9 34
9 96 34
96 13 34
13 12 34
F35
1024
82 25 35
25 46 35
F36
1024
81 70 36
70 58 36
58 86 36
86 11 36
F37
1024
59 40 37
40 29 37
29 74 37
74 94 37
94 98 37
F38
1024
10 42 38
42 91 38
91 29 38
29 74 38
74 39 38
39 94 38
94 83 38
F39
1024
5 18 39
18 6 39
6 88 39
88 25 39
25 69 39
69 54 39
F40
1024
4 3 40
3 1 40
1 46 40
46 25 40
25 26 40
26 34 40
