F1
256
95 70 1
70 58 1
58 86 1
86 43 1
F2
256
52 9 2
9 96 2
96 13 2
13 12 2
F3
256
41 76 3
76 16 3
16 35 3
35 74 3
74 29 3
F4
256
45 39 4
39 74 4
74 35 4
35 16 4
F5
256
92 16 5
16 35 5
35 74 5
74 22 5
22 67 5
F6
256
19 82 6
82 25 6
25 88 6
88 6 6
6 2 6
F7
256
19 82 7
82 25 7
25 88 7
88 6 7
6 2 7
F8
256
100 8 8
8 96 8
96 75 8
F9
512
3 1 9
1 7 9
7 88 9
88 25 9
25 26 9
F10
512
31 52 10
52 66 10
66 86 10
86 71 10
F11
512
78 71 11
71 86 11
86 43 11
43 72 11
F12
512
52 9 12
9 96 12
96 13 12
13 12 12
F13
512
24 96 13
96 20 13
20 80 13
F14
512
52 9 14
9 96 14
96 13 14
13 12 14
F15
512
77 17 15
17 74 15
74 35 15
F16
512
40 29 16
29 74 16
74 39 16
F17
512
59 40 17
40 29 17
29 74 17
74 94 17
94 98 17
F18
512
15 24 18
24 96 18
96 9 18
F19
512
82 25 19
25 46 19
F20
512
100 8 20
8 96 20
96 75 20
F21
512
60 85 21
85 27 21
27 25 21
25 88 21
88 61 21
F22
512
30 36 22
36 20 22
20 96 22
96 13 22
F23
512
59 40 23
40 29 23
29 74 23
74 94 23
94 98 23
F24
512
30 36 24
36 20 24
20 96 24
96 13 24
F25
512
4 3 25
3 1 25
1 46 25
46 25 25
25 26 25
26 34 25
F26
512
100 8 26
8 96 26
96 75 26
F27
1024
81 70 27
70 58 27
58 86 27
86 11 27
F28
1024
51 2 28
2 7 28
7 46 28
46 25 28
25 69 28
69 54 28
F29
1024
77 17 29
17 74 29
74 35 29
F30
1024
55 63 30
63 74 30
74 22 30
22 67 30
67 28 30
F31
1024
59 40 31
40 29 31
29 74 31
74 94 31
94 98 31
F32
1024
38 35 32
35 74 32
74 22 32
22 57 32
F33
1024
38 35 33
35 74 33
74 22 33
22 57 33
F34
1024
81 70 34
70 58 34
58 86 34
86 11 34
F35
1024
52 9 35
9 96 35
96 13 35
13 12 35
F36
1024
78 71 36
71 86 36
86 43 36
43 72 36
F37
1024
100 8 37
8 96 37
96 75 37
F38
1024
20 17 38
17 74 38
74 29 38
29 91 38
F39
1024
95 70 39
70 58 39
58 86 39
86 43 39
F40
1024
87 61 40
61 90 40
90 25 40
25 69 40
