F1
256
17 74 1
74 79 1
F2
256
30 36 2
36 20 2
20 96 2
96 13 2
F3
256
20 17 3
17 74 3
74 29 3
29 91 3
F4
256
27 25 4
25 88 4
88 6 4
F5
256
20 17 5
17 74 5
74 29 5
29 91 5
F6
256
17 74 6
74 79 6
F7
256
19 82 7
82 25 7
25 88 7
88 6 7
6 2 7
F8
256
45 39 8
39 74 8
74 35 8
35 16 8
F9
256
81 70 9
70 58 9
58 86 9
86 11 9
F10
256
20 17 10
17 74 10
74 29 10
29 91 10
F11
256
77 17 11
17 74 11
74 35 11
F12
256
66 86 12
86 58 12
F13
256
17 74 13
74 79 13
F14
256
82 25 14
25 46 14
F15
256
52 9 15
9 96 15
96 13 15
13 12 15
F16
256
76 16 16
16 35 16
35 74 16
74 22 16
F17
256
47 76 17
76 16 17
16 35 17
35 74 17
74 22 17
22 94 17
F18
256
7 46 18
46 25 18
25 26 18
26 97 18
F19
256
92 16 19
16 35 19
35 74 19
74 22 19
22 67 19
F20
512
10 42 20
42 91 20
91 29 20
29 74 20
74 39 20
39 94 20
94 83 20
F21
512
87 61 21
61 90 21
90 25 21
25 69 21
F22
512
55 63 22
63 74 22
74 22 22
22 67 22
67 28 22
F23
512
37 90 23
90 25 23
25 46 23
46 1 23
F24
512
15 24 24
24 96 24
96 9 24
F25
512
92 16 25
16 35 25
35 74 25
74 22 25
22 67 25
F26
512
45 39 26
39 74 26
74 35 26
35 16 26
F27
512
10 42 27
42 91 27
91 29 27
29 74 27
74 39 27
39 94 27
94 83 27
F28
512
95 70 28
70 58 28
58 86 28
86 43 28
F29
512
38 35 29
35 74 29
74 22 29
22 57 29
F30
512
19 82 30
82 25 30
25 88 30
88 6 30
6 2 30
F31
512
66 86 31
86 58 31
F32
512
14 70 32
70 58 32
58 86 32
86 11 32
11 48 32
F33
1024
40 29 33
29 74 33
74 39 33
F34
1024
41 76 34
76 16 34
16 35 34
35 74 34
74 29 34
F35
1024
15 24 35
24 96 35
96 9 35
F36
1024
4 3 36
3 1 36
1 46 36
46 25 36
25 26 36
26 34 36
F37
1024
55 63 37
63 74 37
74 22 37
22 67 37
67 28 37
F38
1024
76 16 38
16 35 38
35 74 38
74 22 38
F39
1024
53 70 39
70 58 39
58 86 39
86 33 39
33 84 39
F40
1024
50 39 40
39 74 40
74 63 40
