F1
256
7 46 1
46 25 1
25 26 1
26 97 1
F2
256
77 17 2
17 74 2
74 35 2
F3
256
7 46 3
46 25 3
25 26 3
26 97 3
F4
256
100 8 4
8 96 4
96 75 4
F5
256
53 70 5
70 58 5
58 86 5
86 33 5
33 84 5
F6
256
59 40 6
40 29 6
29 74 6
74 94 6
94 98 6
F7
256
88 25 7
25 82 7
82 89 7
F8
256
20 17 8
17 74 8
74 29 8
29 91 8
F9
256
8 96 9
96 13 9
13 12 9
12 32 9
F10
256
68 23 10
23 58 10
58 86 10
86 33 10
F11
256
10 42 11
42 91 11
91 29 11
29 74 11
74 39 11
39 94 11
94 83 11
F12
256
31 52 12
52 66 12
66 86 12
86 71 12
F13
256
53 70 13
70 58 13
58 86 13
86 33 13
33 84 13
F14
256
27 25 14
25 88 14
88 6 14
F15
256
88 25 15
25 82 15
82 89 15
F16
256
88 25 16
25 82 16
82 89 16
F17
512
30 36 17
36 20 17
20 96 17
96 13 17
F18
512
92 16 18
16 35 18
35 74 18
74 22 18
22 67 18
F19
512
55 63 19
63 74 19
74 22 19
22 67 19
67 28 19
F20
512
27 25 20
25 88 20
88 6 20
F21
512
17 74 21
74 79 21
F22
512
76 16 22
16 35 22
35 74 22
74 22 22
F23
512
81 70 23
70 58 23
58 86 23
86 11 23
F24
512
66 86 24
86 58 24
F25
1024
82 25 25
25 46 25
F26
1024
60 85 26
85 27 26
27 25 26
25 88 26
88 61 26
F27
1024
14 70 27
70 58 27
58 86 27
86 11 27
11 48 27
F28
1024
77 17 28
17 74 28
74 35 28
F29
1024
77 17 29
17 74 29
74 35 29
F30
1024
51 2 30
2 7 30
7 46 30
46 25 30
25 69 30
69 54 30
F31
1024
55 63 31
63 74 31
74 22 31
22 67 31
67 28 31
F32
1024
20 17 32
17 74 32
74 29 32
29 91 32
F33
1024
66 86 33
86 58 33
F34
1024
17 74 34
74 79 34
F35
1024
30 36 35
36 20 35
20 96 35
96 13 35
F36
1024
27 25 36
25 88 36
88 6 36
F37
1024
37 90 37
90 25 37
25 46 37
46 1 37
F38
1024
52 9 38
9 96 38
96 13 38
13 12 38
F39
1024
19 82 39
82 25 39
25 88 39
88 6 39
6 2 39
F40
1024
8 96 40
96 13 40
13 12 40
12 32 40
