F1
256
5 18 1
18 6 1
6 88 1
88 25 1
25 69 1
69 54 1
F2
256
50 39 2
39 74 2
74 63 2
F3
256
59 40 3
40 29 3
29 74 3
74 94 3
94 98 3
F4
256
82 25 4
25 46 4
F5
256
66 86 5
86 58 5
F6
256
51 2 6
2 7 6
7 46 6
46 25 6
25 69 6
69 54 6
F7
256
92 16 7
16 35 7
35 74 7
74 22 7
22 67 7
F8
256
40 29 8
29 74 8
74 39 8
F9
256
59 40 9
40 29 9
29 74 9
74 94 9
94 98 9
F10
256
92 16 10
16 35 10
35 74 10
74 22 10
22 67 10
F11
256
81 70 11
70 58 11
58 86 11
86 11 11
F12
256
38 35 12
35 74 12
74 22 12
22 57 12
F13
256
14 70 13
70 58 13
58 86 13
86 11 13
11 48 13
F14
256
41 76 14
76 16 14
16 35 14
35 74 14
74 29 14
F15
256
41 76 15
76 16 15
16 35 15
35 74 15
74 29 15
F16
256
37 90 16
90 25 16
25 46 16
46 1 16
F17
256
14 70 17
70 58 17
58 86 17
86 11 17
11 48 17
F18
256
100 8 18
8 96 18
96 75 18
F19
512
5 18 19
18 6 19
6 88 19
88 25 19
25 69 19
69 54 19
F20
512
51 2 20
2 7 20
7 46 20
46 25 20
25 69 20
69 54 20
F21
512
20 17 21
17 74 21
74 29 21
29 91 21
F22
512
30 36 22
36 20 22
20 96 22
96 13 22
F23
512
15 24 23
24 96 23
96 9 23
F24
512
77 17 24
17 74 24
74 35 24
F25
512
78 71 25
71 86 25
86 43 25
43 72 25
F26
512
87 61 26
61 90 26
90 25 26
25 69 26
F27
512
81 70 27
70 58 27
58 86 27
86 11 27
F28
512
53 70 28
70 58 28
58 86 28
86 33 28
33 84 28
F29
512
31 52 29
52 66 29
66 86 29
86 71 29
F30
1024
31 52 30
52 66 30
66 86 30
86 71 30
F31
1024
40 29 31
29 74 31
74 39 31
F32
1024
37 90 32
90 25 32
25 46 32
46 1 32
F33
1024
40 29 33
29 74 33
74 39 33
F34
1024
14 70 34
70 58 34
58 86 34
86 11 34
11 48 34
F35
1024
19 82 35
82 25 35
25 88 35
88 6 35
6 2 35
F36
1024
68 23 36
23 58 36
58 86 36
86 33 36
F37
1024
100 8 37
8 96 37
96 75 37
F38
1024
4 3 38
3 1 38
1 46 38
46 25 38
25 26 38
26 34 38
F39
1024
7 46 39
46 25 39
25 26 39
26 97 39
F40
1024
3 1 40
1 7 40
7 88 40
88 25 40
25 26 40
