F1
256
31 52 1
52 66 1
66 86 1
86 71 1
F2
256
15 24 2
24 96 2
96 9 2
F3
256
15 24 3
24 96 3
96 9 3
F4
256
27 25 4
25 88 4
88 6 4
F5
256
47 76 5
76 16 5
16 35 5
35 74 5
74 22 5
22 94 5
F6
256
53 70 6
70 58 6
58 86 6
86 33 6
33 84 6
F7
256
5 18 7
18 6 7
6 88 7
88 25 7
25 69 7
69 54 7
F8
256
59 40 8
40 29 8
29 74 8
74 94 8
94 98 8
F9
256
82 25 9
25 46 9
F10
256
47 76 10
76 16 10
16 35 10
35 74 10
74 22 10
22 94 10
F11
256
78 71 11
71 86 11
86 43 11
43 72 11
F12
256
5 18 12
18 6 12
6 88 12
88 25 12
25 69 12
69 54 12
F13
256
52 9 13
9 96 13
96 13 13
13 12 13
F14
256
45 39 14
39 74 14
74 35 14
35 16 14
F15
256
30 36 15
36 20 15
20 96 15
96 13 15
F16
256
78 71 16
71 86 16
86 43 16
43 72 16
F17
256
14 70 17
70 58 17
58 86 17
86 11 17
11 48 17
F18
512
27 25 18
25 88 18
88 6 18
F19
512
68 23 19
23 58 19
58 86 19
86 33 19
F20
512
7 46 20
46 25 20
25 26 20
26 97 20
F21
512
66 86 21
86 58 21
F22
512
76 16 22
16 35 22
35 74 22
74 22 22
F23
512
3 1 23
1 7 23
7 88 23
88 25 23
25 26 23
F24
512
88 25 24
25 82 24
82 89 24
F25
512
68 23 25
23 58 25
58 86 25
86 33 25
F26
512
41 76 26
76 16 26
16 35 26
35 74 26
74 29 26
F27
512
78 71 27
71 86 27
86 43 27
43 72 27
F28
512
38 35 28
35 74 28
74 22 28
22 57 28
F29
512
17 74 29
74 79 29
F30
1024
5 18 30
18 6 30
6 88 30
88 25 30
25 69 30
69 54 30
F31
1024
10 42 31
42 91 31
91 29 31
29 74 31
74 39 31
39 94 31
94 83 31
F32
1024
77 17 32
17 74 32
74 35 32
F33
1024
5 18 33
18 6 33
6 88 33
88 25 33
25 69 33
69 54 33
F34
1024
59 40 34
40 29 34
29 74 34
74 94 34
94 98 34
F35
1024
95 70 35
70 58 35
58 86 35
86 43 35
F36
1024
60 85 36
85 27 36
27 25 36
25 88 36
88 61 36
F37
1024
37 90 37
90 25 37
25 46 37
46 1 37
F38
1024
41 76 38
76 16 38
16 35 38
35 74 38
74 29 38
F39
1024
47 76 39
76 16 39
16 35 39
35 74 39
74 22 39
22 94 39
F40
1024
20 17 40
17 74 40
74 29 40
29 91 40
