F1
256
17 74 1
74 79 1
F2
256
47 76 2
76 16 2
16 35 2
35 74 2
74 22 2
22 94 2
F3
256
59 40 3
40 29 3
29 74 3
74 94 3
94 98 3
F4
256
40 29 4
29 74 4
74 39 4
F5
256
60 85 5
85 27 5
27 25 5
25 88 5
88 61 5
F6
256
38 35 6
35 74 6
74 22 6
22 57 6
F7
256
20 17 7
17 74 7
74 29 7
29 91 7
F8
256
59 40 8
40 29 8
29 74 8
74 94 8
94 98 8
F9
256
45 39 9
39 74 9
74 35 9
35 16 9
F10
256
4 3 10
3 1 10
1 46 10
46 25 10
25 26 10
26 34 10
F11
256
82 25 11
25 46 11
F12
256
50 39 12
39 74 12
74 63 12
F13
512
59 40 13
40 29 13
29 74 13
74 94 13
94 98 13
F14
512
14 70 14
70 58 14
58 86 14
86 11 14
11 48 14
F15
512
50 39 15
39 74 15
74 63 15
F16
512
52 9 16
9 96 16
96 13 16
13 12 16
F17
512
50 39 17
39 74 17
74 63 17
F18
512
3 1 18
1 7 18
7 88 18
88 25 18
25 26 18
F19
512
82 25 19
25 46 19
F20
512
68 23 20
23 58 20
58 86 20
86 33 20
F21
512
40 29 21
29 74 21
74 39 21
F22
512
31 52 22
52 66 22
66 86 22
86 71 22
F23
512
3 1 23
1 7 23
7 88 23
88 25 23
25 26 23
F24
512
19 82 24
82 25 24
25 88 24
88 6 24
6 2 24
F25
512
66 86 25
86 58 25
F26
512
87 61 26
61 90 26
90 25 26
25 69 26
F27
512
7 46 27
46 25 27
25 26 27
26 97 27
F28
512
37 90 28
90 25 28
25 46 28
46 1 28
F29
1024
51 2 29
2 7 29
7 46 29
46 25 29
25 69 29
69 54 29
F30
1024
10 42 30
42 91 30
91 29 30
29 74 30
74 39 30
39 94 30
94 83 30
F31
1024
24 96 31
96 20 31
20 80 31
F32
1024
59 40 32
40 29 32
29 74 32
74 94 32
94 98 32
F33
1024
40 29 33
29 74 33
74 39 33
F34
1024
59 40 34
40 29 34
29 74 34
74 94 34
94 98 34
F35
1024
27 25 35
25 88 35
88 6 35
F36
1024
40 29 36
29 74 36
74 39 36
F37
1024
53 70 37
70 58 37
58 86 37
86 33 37
33 84 37
F38
1024
7 46 38
46 25 38
25 26 38
26 97 38
F39
1024
37 90 39
90 25 39
25 46 39
46 1 39
F40
1024
55 63 40
63 74 40
74 22 40
22 67 40
67 28 40
