F1
256
7 46 1
46 25 1
25 26 1
26 97 1
F2
256
92 16 2
16 35 2
35 74 2
74 22 2
22 67 2
F3
256
19 82 3
82 25 3
25 88 3
88 6 3
6 2 3
F4
256
53 70 4
70 58 4
58 86 4
86 33 4
33 84 4
F5
256
68 23 5
23 58 5
58 86 5
86 33 5
F6
256
4 3 6
3 1 6
1 46 6
46 25 6
25 26 6
26 34 6
F7
256
50 39 7
39 74 7
74 63 7
F8
256
17 74 8
74 79 8
F9
256
50 39 9
39 74 9
74 63 9
F10
256
100 8 10
8 96 10
96 75 10
F11
256
19 82 11
82 25 11
25 88 11
88 6 11
6 2 11
F12
256
92 16 12
16 35 12
35 74 12
74 22 12
22 67 12
F13
256
20 17 13
17 74 13
74 29 13
29 91 13
F14
512
95 70 14
70 58 14
58 86 14
86 43 14
F15
512
81 70 15
70 58 15
58 86 15
86 11 15
F16
512
30 36 16
36 20 16
20 96 16
96 13 16
F17
512
20 17 17
17 74 17
74 29 17
29 91 17
F18
512
53 70 18
70 58 18
58 86 18
86 33 18
33 84 18
F19
512
40 29 19
29 74 19
74 39 19
F20
512
82 25 20
25 46 20
F21
512
20 17 21
17 74 21
74 29 21
29 91 21
F22
512
40 29 22
29 74 22
74 39 22
F23
512
59 40 23
40 29 23
29 74 23
74 94 23
94 98 23
F24
512
53 70 24
70 58 24
58 86 24
86 33 24
33 84 24
F25
512
68 23 25
23 58 25
58 86 25
86 33 25
F26
512
31 52 26
52 66 26
66 86 26
86 71 26
F27
512
95 70 27
70 58 27
58 86 27
86 43 27
F28
1024
76 16 28
16 35 28
35 74 28
74 22 28
F29
1024
100 8 29
8 96 29
96 75 29
F30
1024
20 17 30
17 74 30
74 29 30
29 91 30
F31
1024
17 74 31
74 79 31
F32
1024
31 52 32
52 66 32
66 86 32
86 71 32
F33
1024
82 25 33
25 46 33
F34
1024
41 76 34
76 16 34
16 35 34
35 74 34
74 29 34
F35
1024
31 52 35
52 66 35
66 86 35
86 71 35
F36
1024
50 39 36
39 74 36
74 63 36
F37
1024
55 63 37
63 74 37
74 22 37
22 67 37
67 28 37
F38
1024
15 24 38
24 96 38
96 9 38
F39
1024
100 8 39
8 96 39
96 75 39
F40
1024
15 24 40
24 96 40
96 9 40
