F1
256
27 25 1
25 88 1
88 6 1
F2
256
76 16 2
16 35 2
35 74 2
74 22 2
F3
256
53 70 3
70 58 3
58 86 3
86 33 3
33 84 3
F4
256
19 82 4
82 25 4
25 88 4
88 6 4
6 2 4
F5
256
78 71 5
71 86 5
86 43 5
43 72 5
F6
256
60 85 6
85 27 6
27 25 6
25 88 6
88 61 6
F7
256
5 18 7
18 6 7
6 88 7
88 25 7
25 69 7
69 54 7
F8
256
45 39 8
39 74 8
74 35 8
35 16 8
F9
256
68 23 9
23 58 9
58 86 9
86 33 9
F10
256
47 76 10
76 16 10
16 35 10
35 74 10
74 22 10
22 94 10
F11
256
30 36 11
36 20 11
20 96 11
96 13 11
F12
256
3 1 12
1 7 12
7 88 12
88 25 12
25 26 12
F13
256
30 36 13
36 20 13
20 96 13
96 13 13
F14
512
82 25 14
25 46 14
F15
512
59 40 15
40 29 15
29 74 15
74 94 15
94 98 15
F16
512
40 29 16
29 74 16
74 39 16
F17
512
100 8 17
8 96 17
96 75 17
F18
512
47 76 18
76 16 18
16 35 18
35 74 18
74 22 18
22 94 18
F19
512
10 42 19
42 91 19
91 29 19
29 74 19
74 39 19
39 94 19
94 83 19
F20
512
88 25 20
25 82 20
82 89 20
F21
512
19 82 21
82 25 21
25 88 21
88 6 21
6 2 21
F22
512
10 42 22
42 91 22
91 29 22
29 74 22
74 39 22
39 94 22
94 83 22
F23
512
38 35 23
35 74 23
74 22 23
22 57 23
F24
512
88 25 24
25 82 24
82 89 24
F25
512
10 42 25
42 91 25
91 29 25
29 74 25
74 39 25
39 94 25
94 83 25
F26
512
19 82 26
82 25 26
25 88 26
88 6 26
6 2 26
F27
512
38 35 27
35 74 27
74 22 27
22 57 27
F28
512
77 17 28
17 74 28
74 35 28
F29
512
14 70 29
70 58 29
58 86 29
86 11 29
11 48 29
F30
1024
60 85 30
85 27 30
27 25 30
25 88 30
88 61 30
F31
1024
8 96 31
96 13 31
13 12 31
12 32 31
F32
1024
3 1 32
1 7 32
7 88 32
88 25 32
25 26 32
F33
1024
66 86 33
86 58 33
F34
1024
4 3 34
3 1 34
1 46 34
46 25 34
25 26 34
26 34 34
F35
1024
55 63 35
63 74 35
74 22 35
22 67 35
67 28 35
F36
1024
17 74 36
74 79 36
F37
1024
24 96 37
96 20 37
20 80 37
F38
1024
30 36 38
36 20 38
20 96 38
96 13 38
F39
1024
40 29 39
29 74 39
74 39 39
F40
1024
15 24 40
24 96 40
96 9 40
