F1
256
79 56 1
56 35 1
35 55 1
55 67 1
F2
256
33 50 2
50 57 2
F3
256
24 20 3
20 16 3
16 11 3
11 13 3
13 12 3
F4
256
54 31 4
31 41 4
41 8 4
8 35 4
35 56 4
56 58 4
58 16 4
F5
256
22 18 5
18 14 5
14 11 5
11 58 5
58 52 5
52 71 5
F6
256
46 52 6
52 58 6
58 11 6
11 16 6
16 21 6
21 24 6
24 15 6
F7
256
33 50 7
50 57 7
F8
256
2 1 8
1 6 8
6 8 8
8 35 8
35 55 8
55 67 8
67 62 8
62 64 8
F9
256
21 16 9
16 11 9
11 14 9
F10
256
18 14 10
14 11 10
11 56 10
56 83 10
83 49 10
49 69 10
F11
256
26 21 11
21 16 11
16 11 11
11 58 11
58 56 11
56 83 11
F12
256
89 87 12
87 68 12
68 76 12
76 61 12
F13
256
38 47 13
47 53 13
53 50 13
50 72 13
72 68 13
68 93 13
F14
512
99 89 14
89 87 14
87 53 14
53 50 14
50 33 14
33 32 14
32 29 14
F15
512
90 85 15
85 100 15
100 76 15
76 61 15
61 28 15
28 25 15
25 30 15
F16
512
21 16 16
16 11 16
11 14 16
F17
512
43 4 17
4 6 17
6 8 17
8 35 17
35 55 17
F18
512
26 21 18
21 16 18
16 11 18
11 58 18
58 56 18
56 83 18
F19
512
7 9 19
9 13 19
13 11 19
11 58 19
58 52 19
F20
512
47 33 20
33 50 20
50 39 20
F21
512
22 18 21
18 14 21
14 11 21
11 58 21
58 52 21
52 71 21
F22
512
27 63 22
63 98 22
98 76 22
76 61 22
61 28 22
F23
512
43 4 23
4 6 23
6 8 23
8 35 23
35 55 23
F24
512
10 12 24
12 14 24
14 11 24
11 56 24
56 79 24
79 75 24
F25
512
38 47 25
47 53 25
53 50 25
50 72 25
72 68 25
68 93 25
F26
1024
100 76 26
76 98 26
98 63 26
F27
1024
25 28 27
28 61 27
61 76 27
76 98 27
98 63 27
63 65 27
F28
1024
100 76 28
76 98 28
98 63 28
F29
1024
25 28 29
28 61 29
61 76 29
76 98 29
98 63 29
63 65 29
F30
1024
25 28 30
28 61 30
61 76 30
76 98 30
98 63 30
63 65 30
F31
1024
24 20 31
20 16 31
16 11 31
11 13 31
13 12 31
F32
1024
48 34 32
34 33 32
33 50 32
50 53 32
53 73 32
73 51 32
F33
1024
1 6 33
6 8 33
8 35 33
35 56 33
56 44 33
44 60 33
F34
1024
25 28 34
28 61 34
61 76 34
76 98 34
98 63 34
63 65 34
F35
1024
20 58 35
58 11 35
11 13 35
13 9 35
F36
1024
1 6 36
6 8 36
8 35 36
35 56 36
56 44 36
44 60 36
F37
1024
100 76 37
76 98 37
98 63 37
F38
1024
10 12 38
12 14 38
14 11 38
11 56 38
56 79 38
79 75 38
F39
1024
17 14 39
14 11 39
11 56 39
56 79 39
79 88 39
F40
1024
17 14 40
14 11 40
11 56 40
56 79 40
79 88 40
