F1
256
1 6 1
6 8 1
8 35 1
35 56 1
56 44 1
44 60 1
F2
256
47 33 2
33 50 2
50 39 2
F3
256
42 77 3
77 70 3
70 98 3
98 76 3
76 68 3
68 87 3
F4
256
17 14 4
14 11 4
11 56 4
56 79 4
79 88 4
F5
256
54 31 5
31 41 5
41 8 5
8 35 5
35 56 5
56 58 5
58 16 5
F6
256
5 7 6
7 9 6
9 13 6
13 11 6
11 16 6
16 21 6
21 26 6
26 19 6
F7
256
90 85 7
85 100 7
100 76 7
76 61 7
61 28 7
28 25 7
25 30 7
F8
256
26 21 8
21 16 8
16 11 8
11 58 8
58 56 8
56 83 8
F9
256
8 35 9
35 55 9
55 41 9
F10
256
99 89 10
89 87 10
87 53 10
53 50 10
50 33 10
33 32 10
32 29 10
F11
512
25 28 11
28 61 11
61 76 11
76 98 11
98 63 11
63 65 11
F12
512
1 6 12
6 8 12
8 35 12
35 56 12
56 44 12
44 60 12
F13
512
90 85 13
85 100 13
100 76 13
76 61 13
61 28 13
28 25 13
25 30 13
F14
512
4 41 14
41 55 14
55 35 14
35 13 14
F15
512
42 77 15
77 70 15
70 98 15
98 76 15
76 68 15
68 87 15
F16
512
21 16 16
16 11 16
11 14 16
F17
512
4 41 17
41 55 17
55 35 17
35 13 17
F18
512
80 78 18
78 93 18
93 68 18
68 76 18
76 100 18
100 91 18
F19
512
33 50 19
50 57 19
F20
512
22 21 20
21 16 20
16 11 20
11 58 20
58 44 20
44 60 20
F21
512
89 87 21
87 68 21
68 76 21
76 61 21
F22
512
94 97 22
97 86 22
86 68 22
68 76 22
76 82 22
82 74 22
F23
512
42 77 23
77 70 23
70 98 23
98 76 23
76 68 23
68 87 23
F24
512
85 91 24
91 100 24
100 76 24
76 82 24
82 74 24
74 81 24
F25
512
3 4 25
4 41 25
41 8 25
8 35 25
35 83 25
83 49 25
49 66 25
66 59 25
F26
512
4 41 26
41 55 26
55 35 26
35 13 26
F27
1024
18 14 27
14 11 27
11 56 27
56 83 27
83 49 27
49 69 27
F28
1024
37 32 28
32 39 28
39 50 28
50 28 28
28 23 28
23 40 28
F29
1024
79 56 29
56 35 29
35 55 29
55 67 29
F30
1024
22 18 30
18 14 30
14 11 30
11 58 30
58 52 30
52 71 30
F31
1024
100 76 31
76 98 31
98 63 31
F32
1024
26 21 32
21 16 32
16 11 32
11 58 32
58 56 32
56 83 32
F33
1024
1 6 33
6 8 33
8 35 33
35 56 33
56 44 33
44 60 33
F34
1024
79 56 34
56 35 34
35 55 34
55 67 34
F35
1024
25 28 35
28 61 35
61 76 35
76 98 35
98 63 35
63 65 35
F36
1024
47 33 36
33 50 36
50 39 36
F37
1024
21 16 37
16 11 37
11 14 37
F38
1024
43 4 38
4 6 38
6 8 38
8 35 38
35 55 38
F39
1024
8 35 39
35 55 39
55 41 39
F40
1024
17 14 40
14 11 40
11 56 40
56 79 40
79 88 40
