F1
256
27 63 1
63 98 1
98 76 1
76 61 1
61 28 1
F2
256
1 6 2
6 8 2
8 35 2
35 56 2
56 44 2
44 60 2
F3
256
45 37 3
37 32 3
32 39 3
39 50 3
50 72 3
72 68 3
68 86 3
86 97 3
F4
256
85 91 4
91 100 4
100 76 4
76 82 4
82 74 4
74 81 4
F5
256
80 78 5
78 93 5
93 68 5
68 76 5
76 100 5
100 91 5
F6
256
1 6 6
6 8 6
8 35 6
35 56 6
56 44 6
44 60 6
F7
256
10 12 7
12 14 7
14 11 7
11 56 7
56 79 7
79 75 7
F8
256
99 89 8
89 87 8
87 53 8
53 50 8
50 33 8
33 32 8
32 29 8
F9
256
90 85 9
85 100 9
100 76 9
76 61 9
61 28 9
28 25 9
25 30 9
F10
256
45 37 10
37 32 10
32 39 10
39 50 10
50 72 10
72 68 10
68 86 10
86 97 10
F11
256
47 33 11
33 50 11
50 39 11
F12
256
27 63 12
63 98 12
98 76 12
76 61 12
61 28 12
F13
256
21 16 13
16 11 13
11 14 13
F14
256
92 96 14
96 93 14
93 68 14
68 76 14
76 82 14
82 95 14
F15
256
85 91 15
91 100 15
100 76 15
76 82 15
82 74 15
74 81 15
F16
256
54 31 16
31 41 16
41 8 16
8 35 16
35 56 16
56 58 16
58 16 16
F17
512
84 73 17
73 53 17
53 50 17
50 39 17
39 36 17
F18
512
38 47 18
47 53 18
53 50 18
50 72 18
72 68 18
68 93 18
F19
512
25 28 19
28 61 19
61 76 19
76 98 19
98 63 19
63 65 19
F20
512
100 76 20
76 98 20
98 63 20
F21
512
45 37 21
37 32 21
32 39 21
39 50 21
50 72 21
72 68 21
68 86 21
86 97 21
F22
512
1 6 22
6 8 22
8 35 22
35 56 22
56 44 22
44 60 22
F23
512
8 35 23
35 55 23
55 41 23
F24
512
25 28 24
28 61 24
61 76 24
76 98 24
98 63 24
63 65 24
F25
512
85 91 25
91 100 25
100 76 25
76 82 25
82 74 25
74 81 25
F26
512
7 9 26
9 13 26
13 11 26
11 58 26
58 52 26
F27
512
26 21 27
21 16 27
16 11 27
11 58 27
58 56 27
56 83 27
F28
1024
22 18 28
18 14 28
14 11 28
11 58 28
58 52 28
52 71 28
F29
1024
26 21 29
21 16 29
16 11 29
11 58 29
58 56 29
56 83 29
F30
1024
20 58 30
58 11 30
11 13 30
13 9 30
F31
1024
38 47 31
47 53 31
53 50 31
50 72 31
72 68 31
68 93 31
F32
1024
4 41 32
41 55 32
55 35 32
35 13 32
F33
1024
18 14 33
14 11 33
11 56 33
56 83 33
83 49 33
49 69 33
F34
1024
25 28 34
28 61 34
61 76 34
76 98 34
98 63 34
63 65 34
F35
1024
38 47 35
47 53 35
53 50 35
50 72 35
72 68 35
68 93 35
F36
1024
21 16 36
16 11 36
11 14 36
F37
1024
4 41 37
41 55 37
55 35 37
35 13 37
F38
1024
24 20 38
20 16 38
16 11 38
11 13 38
13 12 38
F39
1024
66 49 39
49 83 39
83 35 39
35 56 39
F40
1024
45 37 40
37 32 40
32 39 40
39 50 40
50 72 40
72 68 40
68 86 40
86 97 40
