F1
256
66 49 1
49 83 1
83 35 1
35 56 1
F2
256
72 50 2
50 53 2
53 73 2
F3
256
20 58 3
58 11 3
11 13 3
13 9 3
F4
256
94 97 4
97 86 4
86 68 4
68 76 4
76 82 4
82 74 4
F5
256
94 97 5
97 86 5
86 68 5
68 76 5
76 82 5
82 74 5
F6
256
21 16 6
16 11 6
11 14 6
F7
256
85 91 7
91 100 7
100 76 7
76 82 7
82 74 7
74 81 7
F8
256
4 41 8
41 55 8
55 35 8
35 13 8
F9
256
2 1 9
1 6 9
6 8 9
8 35 9
35 55 9
55 67 9
67 62 9
62 64 9
F10
256
17 14 10
14 11 10
11 56 10
56 79 10
79 88 10
F11
256
5 7 11
7 9 11
9 13 11
13 11 11
11 16 11
16 21 11
21 26 11
26 19 11
F12
256
18 14 12
14 11 12
11 56 12
56 83 12
83 49 12
49 69 12
F13
256
5 7 13
7 9 13
9 13 13
13 11 13
11 16 13
16 21 13
21 26 13
26 19 13
F14
512
27 63 14
63 98 14
98 76 14
76 61 14
61 28 14
F15
512
20 58 15
58 11 15
11 13 15
13 9 15
F16
512
38 47 16
47 53 16
53 50 16
50 72 16
72 68 16
68 93 16
F17
512
45 37 17
37 32 17
32 39 17
39 50 17
50 72 17
72 68 17
68 86 17
86 97 17
F18
512
89 87 18
87 68 18
68 76 18
76 61 18
F19
512
18 14 19
14 11 19
11 56 19
56 83 19
83 49 19
49 69 19
F20
512
10 12 20
12 14 20
14 11 20
11 56 20
56 79 20
79 75 20
F21
512
99 89 21
89 87 21
87 53 21
53 50 21
50 33 21
33 32 21
32 29 21
F22
512
2 1 22
1 6 22
6 8 22
8 35 22
35 55 22
55 67 22
67 62 22
62 64 22
F23
512
66 49 23
49 83 23
83 35 23
35 56 23
F24
512
8 35 24
35 55 24
55 41 24
F25
1024
3 4 25
4 41 25
41 8 25
8 35 25
35 83 25
83 49 25
49 66 25
66 59 25
F26
1024
25 28 26
28 61 26
61 76 26
76 98 26
98 63 26
63 65 26
F27
1024
22 18 27
18 14 27
14 11 27
11 58 27
58 52 27
52 71 27
F28
1024
42 77 28
77 70 28
70 98 28
98 76 28
76 68 28
68 87 28
F29
1024
4 41 29
41 55 29
55 35 29
35 13 29
F30
1024
18 14 30
14 11 30
11 56 30
56 83 30
83 49 30
49 69 30
F31
1024
84 73 31
73 53 31
53 50 31
50 39 31
39 36 31
F32
1024
89 87 32
87 68 32
68 76 32
76 61 32
F33
1024
33 50 33
50 57 33
F34
1024
38 47 34
47 53 34
53 50 34
50 72 34
72 68 34
68 93 34
F35
1024
26 21 35
21 16 35
16 11 35
11 58 35
58 56 35
56 83 35
F36
1024
46 52 36
52 58 36
58 11 36
11 16 36
16 21 36
21 24 36
24 15 36
F37
1024
2 1 37
1 6 37
6 8 37
8 35 37
35 55 37
55 67 37
67 62 37
62 64 37
F38
1024
10 12 38
12 14 38
14 11 38
11 56 38
56 79 38
79 75 38
F39
1024
54 31 39
31 41 39
41 8 39
8 35 39
35 56 39
56 58 39
58 16 39
F40
1024
79 56 40
56 35 40
35 55 40
55 67 40
