F1
256
20 58 1
58 11 1
11 13 1
13 9 1
F2
256
46 52 2
52 58 2
58 11 2
11 16 2
16 21 2
21 24 2
24 15 2
F3
256
25 28 3
28 61 3
61 76 3
76 98 3
98 63 3
63 65 3
F4
256
5 7 4
7 9 4
9 13 4
13 11 4
11 16 4
16 21 4
21 26 4
26 19 4
F5
256
37 32 5
32 39 5
39 50 5
50 28 5
28 23 5
23 40 5
F6
256
8 35 6
35 55 6
55 41 6
F7
256
80 78 7
78 93 7
93 68 7
68 76 7
76 100 7
100 91 7
F8
256
2 1 8
1 6 8
6 8 8
8 35 8
35 55 8
55 67 8
67 62 8
62 64 8
F9
256
20 58 9
58 11 9
11 13 9
13 9 9
F10
256
4 41 10
41 55 10
55 35 10
35 13 10
F11
256
84 73 11
73 53 11
53 50 11
50 39 11
39 36 11
F12
256
8 35 12
35 55 12
55 41 12
F13
256
3 4 13
4 41 13
41 8 13
8 35 13
35 83 13
83 49 13
49 66 13
66 59 13
F14
256
46 52 14
52 58 14
58 11 14
11 16 14
16 21 14
21 24 14
24 15 14
F15
512
25 28 15
28 61 15
61 76 15
76 98 15
98 63 15
63 65 15
F16
512
66 49 16
49 83 16
83 35 16
35 56 16
F17
512
84 73 17
73 53 17
53 50 17
50 39 17
39 36 17
F18
512
45 37 18
37 32 18
32 39 18
39 50 18
50 72 18
72 68 18
68 86 18
86 97 18
F19
512
72 50 19
50 53 19
53 73 19
F20
512
26 21 20
21 16 20
16 11 20
11 58 20
58 56 20
56 83 20
F21
512
17 14 21
14 11 21
11 56 21
56 79 21
79 88 21
F22
512
33 50 22
50 57 22
F23
512
90 85 23
85 100 23
100 76 23
76 61 23
61 28 23
28 25 23
25 30 23
F24
512
99 89 24
89 87 24
87 53 24
53 50 24
50 33 24
33 32 24
32 29 24
F25
512
7 9 25
9 13 25
13 11 25
11 58 25
58 52 25
F26
512
37 32 26
32 39 26
39 50 26
50 28 26
28 23 26
23 40 26
F27
512
80 78 27
78 93 27
93 68 27
68 76 27
76 100 27
100 91 27
F28
512
33 50 28
50 57 28
F29
512
90 85 29
85 100 29
100 76 29
76 61 29
61 28 29
28 25 29
25 30 29
F30
1024
33 50 30
50 57 30
F31
1024
4 41 31
41 55 31
55 35 31
35 13 31
F32
1024
47 33 32
33 50 32
50 39 32
F33
1024
22 21 33
21 16 33
16 11 33
11 58 33
58 44 33
44 60 33
F34
1024
25 28 34
28 61 34
61 76 34
76 98 34
98 63 34
63 65 34
F35
1024
46 52 35
52 58 35
58 11 35
11 16 35
16 21 35
21 24 35
24 15 35
F36
1024
7 9 36
9 13 36
13 11 36
11 58 36
58 52 36
F37
1024
5 7 37
7 9 37
9 13 37
13 11 37
11 16 37
16 21 37
21 26 37
26 19 37
F38
1024
22 18 38
18 14 38
14 11 38
11 58 38
58 52 38
52 71 38
F39
1024
89 87 39
87 68 39
68 76 39
76 61 39
F40
1024
7 9 40
9 13 40
13 11 40
11 58 40
58 52 40
