F1
256
42 77 1
77 70 1
70 98 1
98 76 1
76 68 1
68 87 1
F2
256
27 63 2
63 98 2
98 76 2
76 61 2
61 28 2
F3
256
18 14 3
14 11 3
11 56 3
56 83 3
83 49 3
49 69 3
F4
256
45 37 4
37 32 4
32 39 4
39 50 4
50 72 4
72 68 4
68 86 4
86 97 4
F5
256
90 85 5
85 100 5
100 76 5
76 61 5
61 28 5
28 25 5
25 30 5
F6
256
27 63 6
63 98 6
98 76 6
76 61 6
61 28 6
F7
256
84 73 7
73 53 7
53 50 7
50 39 7
39 36 7
F8
256
2 1 8
1 6 8
6 8 8
8 35 8
35 55 8
55 67 8
67 62 8
62 64 8
F9
256
100 76 9
76 98 9
98 63 9
F10
256
72 50 10
50 53 10
53 73 10
F11
256
18 14 11
14 11 11
11 56 11
56 83 11
83 49 11
49 69 11
F12
256
45 37 12
37 32 12
32 39 12
39 50 12
50 72 12
72 68 12
68 86 12
86 97 12
F13
256
2 1 13
1 6 13
6 8 13
8 35 13
35 55 13
55 67 13
67 62 13
62 64 13
F14
256
92 96 14
96 93 14
93 68 14
68 76 14
76 82 14
82 95 14
F15
256
3 4 15
4 41 15
41 8 15
8 35 15
35 83 15
83 49 15
49 66 15
66 59 15
F16
512
45 37 16
37 32 16
32 39 16
39 50 16
50 72 16
72 68 16
68 86 16
86 97 16
F17
512
43 4 17
4 6 17
6 8 17
8 35 17
35 55 17
F18
512
7 9 18
9 13 18
13 11 18
11 58 18
58 52 18
F19
512
66 49 19
49 83 19
83 35 19
35 56 19
F20
512
2 1 20
1 6 20
6 8 20
8 35 20
35 55 20
55 67 20
67 62 20
62 64 20
F21
512
85 91 21
91 100 21
100 76 21
76 82 21
82 74 21
74 81 21
F22
512
94 97 22
97 86 22
86 68 22
68 76 22
76 82 22
82 74 22
F23
512
54 31 23
31 41 23
41 8 23
8 35 23
35 56 23
56 58 23
58 16 23
F24
512
45 37 24
37 32 24
32 39 24
39 50 24
50 72 24
72 68 24
68 86 24
86 97 24
F25
512
48 34 25
34 33 25
33 50 25
50 53 25
53 73 25
73 51 25
F26
512
27 63 26
63 98 26
98 76 26
76 61 26
61 28 26
F27
512
1 6 27
6 8 27
8 35 27
35 56 27
56 44 27
44 60 27
F28
1024
20 58 28
58 11 28
11 13 28
13 9 28
F29
1024
89 87 29
87 68 29
68 76 29
76 61 29
F30
1024
99 89 30
89 87 30
87 53 30
53 50 30
50 33 30
33 32 30
32 29 30
F31
1024
3 4 31
4 41 31
41 8 31
8 35 31
35 83 31
83 49 31
49 66 31
66 59 31
F32
1024
18 14 32
14 11 32
11 56 32
56 83 32
83 49 32
49 69 32
F33
1024
21 16 33
16 11 33
11 14 33
F34
1024
2 1 34
1 6 34
6 8 34
8 35 34
35 55 34
55 67 34
67 62 34
62 64 34
F35
1024
42 77 35
77 70 35
70 98 35
98 76 35
76 68 35
68 87 35
F36
1024
18 14 36
14 11 36
11 56 36
56 83 36
83 49 36
49 69 36
F37
1024
4 41 37
41 55 37
55 35 37
35 13 37
F38
1024
22 18 38
18 14 38
14 11 38
11 58 38
58 52 38
52 71 38
F39
1024
2 1 39
1 6 39
6 8 39
8 35 39
35 55 39
55 67 39
67 62 39
62 64 39
F40
1024
38 47 40
47 53 40
53 50 40
50 72 40
72 68 40
68 93 40
