F1
256
17 14 1
14 11 1
11 56 1
56 79 1
79 88 1
F2
256
45 37 2
37 32 2
32 39 2
39 50 2
50 72 2
72 68 2
68 86 2
86 97 2
F3
256
18 14 3
14 11 3
11 56 3
56 83 3
83 49 3
49 69 3
F4
256
21 16 4
16 11 4
11 14 4
F5
256
17 14 5
14 11 5
11 56 5
56 79 5
79 88 5
F6
256
21 16 6
16 11 6
11 14 6
F7
256
1 6 7
6 8 7
8 35 7
35 56 7
56 44 7
44 60 7
F8
256
42 77 8
77 70 8
70 98 8
98 76 8
76 68 8
68 87 8
F9
256
1 6 9
6 8 9
8 35 9
35 56 9
56 44 9
44 60 9
F10
256
89 87 10
87 68 10
68 76 10
76 61 10
F11
256
37 32 11
32 39 11
39 50 11
50 28 11
28 23 11
23 40 11
F12
512
5 7 12
7 9 12
9 13 12
13 11 12
11 16 12
16 21 12
21 26 12
26 19 12
F13
512
99 89 13
89 87 13
87 53 13
53 50 13
50 33 13
33 32 13
32 29 13
F14
512
99 89 14
89 87 14
87 53 14
53 50 14
50 33 14
33 32 14
32 29 14
F15
512
48 34 15
34 33 15
33 50 15
50 53 15
53 73 15
73 51 15
F16
512
10 12 16
12 14 16
14 11 16
11 56 16
56 79 16
79 75 16
F17
512
85 91 17
91 100 17
100 76 17
76 82 17
82 74 17
74 81 17
F18
512
80 78 18
78 93 18
93 68 18
68 76 18
76 100 18
100 91 18
F19
512
22 21 19
21 16 19
16 11 19
11 58 19
58 44 19
44 60 19
F20
512
89 87 20
87 68 20
68 76 20
76 61 20
F21
512
89 87 21
87 68 21
68 76 21
76 61 21
F22
512
20 58 22
58 11 22
11 13 22
13 9 22
F23
512
90 85 23
85 100 23
100 76 23
76 61 23
61 28 23
28 25 23
25 30 23
F24
512
79 56 24
56 35 24
35 55 24
55 67 24
F25
512
3 4 25
4 41 25
41 8 25
8 35 25
35 83 25
83 49 25
49 66 25
66 59 25
F26
512
20 58 26
58 11 26
11 13 26
13 9 26
F27
512
89 87 27
87 68 27
68 76 27
76 61 27
F28
1024
25 28 28
28 61 28
61 76 28
76 98 28
98 63 28
63 65 28
F29
1024
80 78 29
78 93 29
93 68 29
68 76 29
76 100 29
100 91 29
F30
1024
22 21 30
21 16 30
16 11 30
11 58 30
58 44 30
44 60 30
F31
1024
42 77 31
77 70 31
70 98 31
98 76 31
76 68 31
68 87 31
F32
1024
1 6 32
6 8 32
8 35 32
35 56 32
56 44 32
44 60 32
F33
1024
79 56 33
56 35 33
35 55 33
55 67 33
F34
1024
84 73 34
73 53 34
53 50 34
50 39 34
39 36 34
F35
1024
20 58 35
58 11 35
11 13 35
13 9 35
F36
1024
80 78 36
78 93 36
93 68 36
68 76 36
76 100 36
100 91 36
F37
1024
4 41 37
41 55 37
55 35 37
35 13 37
F38
1024
18 14 38
14 11 38
11 56 38
56 83 38
83 49 38
49 69 38
F39
1024
46 52 39
52 58 39
58 11 39
11 16 39
16 21 39
21 24 39
24 15 39
F40
1024
22 21 40
21 16 40
16 11 40
11 58 40
58 44 40
44 60 40
