F1
256
79 56 1
56 35 1
35 55 1
55 67 1
F2
256
46 52 2
52 58 2
58 11 2
11 16 2
16 21 2
21 24 2
24 15 2
F3
256
3 4 3
4 41 3
41 8 3
8 35 3
35 83 3
83 49 3
49 66 3
66 59 3
F4
256
26 21 4
21 16 4
16 11 4
11 58 4
58 56 4
56 83 4
F5
256
85 91 5
91 100 5
100 76 5
76 82 5
82 74 5
74 81 5
F6
256
24 20 6
20 16 6
16 11 6
11 13 6
13 12 6
F7
256
22 21 7
21 16 7
16 11 7
11 58 7
58 44 7
44 60 7
F8
256
22 21 8
21 16 8
16 11 8
11 58 8
58 44 8
44 60 8
F9
256
79 56 9
56 35 9
35 55 9
55 67 9
F10
256
5 7 10
7 9 10
9 13 10
13 11 10
11 16 10
16 21 10
21 26 10
26 19 10
F11
256
46 52 11
52 58 11
58 11 11
11 16 11
16 21 11
21 24 11
24 15 11
F12
256
38 47 12
47 53 12
53 50 12
50 72 12
72 68 12
68 93 12
F13
256
3 4 13
4 41 13
41 8 13
8 35 13
35 83 13
83 49 13
49 66 13
66 59 13
F14
512
46 52 14
52 58 14
58 11 14
11 16 14
16 21 14
21 24 14
24 15 14
F15
512
27 63 15
63 98 15
98 76 15
76 61 15
61 28 15
F16
512
72 50 16
50 53 16
53 73 16
F17
512
8 35 17
35 55 17
55 41 17
F18
512
7 9 18
9 13 18
13 11 18
11 58 18
58 52 18
F19
512
8 35 19
35 55 19
55 41 19
F20
512
24 20 20
20 16 20
16 11 20
11 13 20
13 12 20
F21
512
48 34 21
34 33 21
33 50 21
50 53 21
53 73 21
73 51 21
F22
512
42 77 22
77 70 22
70 98 22
98 76 22
76 68 22
68 87 22
F23
512
89 87 23
87 68 23
68 76 23
76 61 23
F24
512
1 6 24
6 8 24
8 35 24
35 56 24
56 44 24
44 60 24
F25
512
4 41 25
41 55 25
55 35 25
35 13 25
F26
512
85 91 26
91 100 26
100 76 26
76 82 26
82 74 26
74 81 26
F27
1024
22 18 27
18 14 27
14 11 27
11 58 27
58 52 27
52 71 27
F28
1024
18 14 28
14 11 28
11 56 28
56 83 28
83 49 28
49 69 28
F29
1024
99 89 29
89 87 29
87 53 29
53 50 29
50 33 29
33 32 29
32 29 29
F30
1024
26 21 30
21 16 30
16 11 30
11 58 30
58 56 30
56 83 30
F31
1024
3 4 31
4 41 31
41 8 31
8 35 31
35 83 31
83 49 31
49 66 31
66 59 31
F32
1024
18 14 32
14 11 32
11 56 32
56 83 32
83 49 32
49 69 32
F33
1024
10 12 33
12 14 33
14 11 33
11 56 33
56 79 33
79 75 33
F34
1024
89 87 34
87 68 34
68 76 34
76 61 34
F35
1024
38 47 35
47 53 35
53 50 35
50 72 35
72 68 35
68 93 35
F36
1024
38 47 36
47 53 36
53 50 36
50 72 36
72 68 36
68 93 36
F37
1024
72 50 37
50 53 37
53 73 37
F38
1024
47 33 38
33 50 38
50 39 38
F39
1024
2 1 39
1 6 39
6 8 39
8 35 39
35 55 39
55 67 39
67 62 39
62 64 39
F40
1024
26 21 40
21 16 40
16 11 40
11 58 40
58 56 40
56 83 40
