F1
256
92 96 1
96 93 1
93 68 1
68 76 1
76 82 1
82 95 1
F2
256
89 87 2
87 68 2
68 76 2
76 61 2
F3
256
85 91 3
91 100 3
100 76 3
76 82 3
82 74 3
74 81 3
F4
256
21 16 4
16 11 4
11 14 4
F5
256
42 77 5
77 70 5
70 98 5
98 76 5
76 68 5
68 87 5
F6
256
72 50 6
50 53 6
53 73 6
F7
256
99 89 7
89 87 7
87 53 7
53 50 7
50 33 7
33 32 7
32 29 7
F8
256
90 85 8
85 100 8
100 76 8
76 61 8
61 28 8
28 25 8
25 30 8
F9
256
92 96 9
96 93 9
93 68 9
68 76 9
76 82 9
82 95 9
F10
256
22 18 10
18 14 10
14 11 10
11 58 10
58 52 10
52 71 10
F11
256
17 14 11
14 11 11
11 56 11
56 79 11
79 88 11
F12
256
48 34 12
34 33 12
33 50 12
50 53 12
53 73 12
73 51 12
F13
256
18 14 13
14 11 13
11 56 13
56 83 13
83 49 13
49 69 13
F14
256
100 76 14
76 98 14
98 63 14
F15
512
17 14 15
14 11 15
11 56 15
56 79 15
79 88 15
F16
512
33 50 16
50 57 16
F17
512
10 12 17
12 14 17
14 11 17
11 56 17
56 79 17
79 75 17
F18
512
79 56 18
56 35 18
35 55 18
55 67 18
F19
512
3 4 19
4 41 19
41 8 19
8 35 19
35 83 19
83 49 19
49 66 19
66 59 19
F20
512
43 4 20
4 6 20
6 8 20
8 35 20
35 55 20
F21
512
5 7 21
7 9 21
9 13 21
13 11 21
11 16 21
16 21 21
21 26 21
26 19 21
F22
512
17 14 22
14 11 22
11 56 22
56 79 22
79 88 22
F23
512
89 87 23
87 68 23
68 76 23
76 61 23
F24
512
85 91 24
91 100 24
100 76 24
76 82 24
82 74 24
74 81 24
F25
512
42 77 25
77 70 25
70 98 25
98 76 25
76 68 25
68 87 25
F26
512
66 49 26
49 83 26
83 35 26
35 56 26
F27
512
3 4 27
4 41 27
41 8 27
8 35 27
35 83 27
83 49 27
49 66 27
66 59 27
F28
512
94 97 28
97 86 28
86 68 28
68 76 28
76 82 28
82 74 28
F29
1024
66 49 29
49 83 29
83 35 29
35 56 29
F30
1024
7 9 30
9 13 30
13 11 30
11 58 30
58 52 30
F31
1024
90 85 31
85 100 31
100 76 31
76 61 31
61 28 31
28 25 31
25 30 31
F32
1024
66 49 32
49 83 32
83 35 32
35 56 32
F33
1024
48 34 33
34 33 33
33 50 33
50 53 33
53 73 33
73 51 33
F34
1024
45 37 34
37 32 34
32 39 34
39 50 34
50 72 34
72 68 34
68 86 34
86 97 34
F35
1024
27 63 35
63 98 35
98 76 35
76 61 35
61 28 35
F36
1024
37 32 36
32 39 36
39 50 36
50 28 36
28 23 36
23 40 36
F37
1024
47 33 37
33 50 37
50 39 37
F38
1024
5 7 38
7 9 38
9 13 38
13 11 38
11 16 38
16 21 38
21 26 38
26 19 38
F39
1024
21 16 39
16 11 39
11 14 39
F40
1024
43 4 40
4 6 40
6 8 40
8 35 40
35 55 40
