F1
256
10 12 1
12 14 1
14 11 1
11 56 1
56 79 1
79 75 1
F2
256
100 76 2
76 98 2
98 63 2
F3
256
43 4 3
4 6 3
6 8 3
8 35 3
35 55 3
F4
256
8 35 4
35 55 4
55 41 4
F5
256
42 77 5
77 70 5
70 98 5
98 76 5
76 68 5
68 87 5
F6
256
18 14 6
14 11 6
11 56 6
56 83 6
83 49 6
49 69 6
F7
256
24 20 7
20 16 7
16 11 7
11 13 7
13 12 7
F8
256
92 96 8
96 93 8
93 68 8
68 76 8
76 82 8
82 95 8
F9
256
89 87 9
87 68 9
68 76 9
76 61 9
F10
256
43 4 10
4 6 10
6 8 10
8 35 10
35 55 10
F11
256
25 28 11
28 61 11
61 76 11
76 98 11
98 63 11
63 65 11
F12
512
21 16 12
16 11 12
11 14 12
F13
512
100 76 13
76 98 13
98 63 13
F14
512
2 1 14
1 6 14
6 8 14
8 35 14
35 55 14
55 67 14
67 62 14
62 64 14
F15
512
20 58 15
58 11 15
11 13 15
13 9 15
F16
512
66 49 16
49 83 16
83 35 16
35 56 16
F17
512
21 16 17
16 11 17
11 14 17
F18
512
24 20 18
20 16 18
16 11 18
11 13 18
13 12 18
F19
512
79 56 19
56 35 19
35 55 19
55 67 19
F20
512
2 1 20
1 6 20
6 8 20
8 35 20
35 55 20
55 67 20
67 62 20
62 64 20
F21
512
43 4 21
4 6 21
6 8 21
8 35 21
35 55 21
F22
512
26 21 22
21 16 22
16 11 22
11 58 22
58 56 22
56 83 22
F23
512
48 34 23
34 33 23
33 50 23
50 53 23
53 73 23
73 51 23
F24
512
85 91 24
91 100 24
100 76 24
76 82 24
82 74 24
74 81 24
F25
512
38 47 25
47 53 25
53 50 25
50 72 25
72 68 25
68 93 25
F26
512
22 18 26
18 14 26
14 11 26
11 58 26
58 52 26
52 71 26
F27
1024
46 52 27
52 58 27
58 11 27
11 16 27
16 21 27
21 24 27
24 15 27
F28
1024
21 16 28
16 11 28
11 14 28
F29
1024
1 6 29
6 8 29
8 35 29
35 56 29
56 44 29
44 60 29
F30
1024
7 9 30
9 13 30
13 11 30
11 58 30
58 52 30
F31
1024
66 49 31
49 83 31
83 35 31
35 56 31
F32
1024
20 58 32
58 11 32
11 13 32
13 9 32
F33
1024
8 35 33
35 55 33
55 41 33
F34
1024
26 21 34
21 16 34
16 11 34
11 58 34
58 56 34
56 83 34
F35
1024
79 56 35
56 35 35
35 55 35
55 67 35
F36
1024
37 32 36
32 39 36
39 50 36
50 28 36
28 23 36
23 40 36
F37
1024
26 21 37
21 16 37
16 11 37
11 58 37
58 56 37
56 83 37
F38
1024
100 76 38
76 98 38
98 63 38
F39
1024
85 91 39
91 100 39
100 76 39
76 82 39
82 74 39
74 81 39
F40
1024
89 87 40
87 68 40
68 76 40
76 61 40
