F1
256
42 77 1
77 70 1
70 98 1
98 76 1
76 68 1
68 87 1
F2
256
94 97 2
97 86 2
86 68 2
68 76 2
76 82 2
82 74 2
F3
256
45 37 3
37 32 3
32 39 3
39 50 3
50 72 3
72 68 3
68 86 3
86 97 3
F4
256
48 34 4
34 33 4
33 50 4
50 53 4
53 73 4
73 51 4
F5
256
2 1 5
1 6 5
6 8 5
8 35 5
35 55 5
55 67 5
67 62 5
62 64 5
F6
256
4 41 6
41 55 6
55 35 6
35 13 6
F7
256
8 35 7
35 55 7
55 41 7
F8
256
54 31 8
31 41 8
41 8 8
8 35 8
35 56 8
56 58 8
58 16 8
F9
256
33 50 9
50 57 9
F10
256
48 34 10
34 33 10
33 50 10
50 53 10
53 73 10
73 51 10
F11
256
22 21 11
21 16 11
16 11 11
11 58 11
58 44 11
44 60 11
F12
256
79 56 12
56 35 12
35 55 12
55 67 12
F13
256
7 9 13
9 13 13
13 11 13
11 58 13
58 52 13
F14
256
17 14 14
14 11 14
11 56 14
56 79 14
79 88 14
F15
256
37 32 15
32 39 15
39 50 15
50 28 15
28 23 15
23 40 15
F16
256
89 87 16
87 68 16
68 76 16
76 61 16
F17
256
21 16 17
16 11 17
11 14 17
F18
512
85 91 18
91 100 18
100 76 18
76 82 18
82 74 18
74 81 18
F19
512
47 33 19
33 50 19
50 39 19
F20
512
21 16 20
16 11 20
11 14 20
F21
512
94 97 21
97 86 21
86 68 21
68 76 21
76 82 21
82 74 21
F22
512
22 21 22
21 16 22
16 11 22
11 58 22
58 44 22
44 60 22
F23
512
47 33 23
33 50 23
50 39 23
F24
512
21 16 24
16 11 24
11 14 24
F25
512
38 47 25
47 53 25
53 50 25
50 72 25
72 68 25
68 93 25
F26
512
38 47 26
47 53 26
53 50 26
50 72 26
72 68 26
68 93 26
F27
512
85 91 27
91 100 27
100 76 27
76 82 27
82 74 27
74 81 27
F28
1024
99 89 28
89 87 28
87 53 28
53 50 28
50 33 28
33 32 28
32 29 28
F29
1024
33 50 29
50 57 29
F30
1024
17 14 30
14 11 30
11 56 30
56 79 30
79 88 30
F31
1024
22 21 31
21 16 31
16 11 31
11 58 31
58 44 31
44 60 31
F32
1024
66 49 32
49 83 32
83 35 32
35 56 32
F33
1024
84 73 33
73 53 33
53 50 33
50 39 33
39 36 33
F34
1024
22 21 34
21 16 34
16 11 34
11 58 34
58 44 34
44 60 34
F35
1024
92 96 35
96 93 35
93 68 35
68 76 35
76 82 35
82 95 35
F36
1024
18 14 36
14 11 36
11 56 36
56 83 36
83 49 36
49 69 36
F37
1024
1 6 37
6 8 37
8 35 37
35 56 37
56 44 37
44 60 37
F38
1024
7 9 38
9 13 38
13 11 38
11 58 38
58 52 38
F39
1024
37 32 39
32 39 39
39 50 39
50 28 39
28 23 39
23 40 39
F40
1024
4 41 40
41 55 40
55 35 40
35 13 40
