F1
256
7 9 1
9 13 1
13 11 1
11 58 1
58 52 1
F2
256
89 87 2
87 68 2
68 76 2
76 61 2
F3
256
47 33 3
33 50 3
50 39 3
F4
256
99 89 4
89 87 4
87 53 4
53 50 4
50 33 4
33 32 4
32 29 4
F5
256
37 32 5
32 39 5
39 50 5
50 28 5
28 23 5
23 40 5
F6
256
7 9 6
9 13 6
13 11 6
11 58 6
58 52 6
F7
256
7 9 7
9 13 7
13 11 7
11 58 7
58 52 7
F8
512
17 14 8
14 11 8
11 56 8
56 79 8
79 88 8
F9
512
2 1 9
1 6 9
6 8 9
8 35 9
35 55 9
55 67 9
67 62 9
62 64 9
F10
512
43 4 10
4 6 10
6 8 10
8 35 10
35 55 10
F11
512
20 58 11
58 11 11
11 13 11
13 9 11
F12
512
26 21 12
21 16 12
16 11 12
11 58 12
58 56 12
56 83 12
F13
512
27 63 13
63 98 13
98 76 13
76 61 13
61 28 13
F14
512
43 4 14
4 6 14
6 8 14
8 35 14
35 55 14
F15
512
24 20 15
20 16 15
16 11 15
11 13 15
13 12 15
F16
512
21 16 16
16 11 16
11 14 16
F17
512
33 50 17
50 57 17
F18
512
2 1 18
1 6 18
6 8 18
8 35 18
35 55 18
55 67 18
67 62 18
62 64 18
F19
512
90 85 19
85 100 19
100 76 19
76 61 19
61 28 19
28 25 19
25 30 19
F20
512
37 32 20
32 39 20
39 50 20
50 28 20
28 23 20
23 40 20
F21
512
43 4 21
4 6 21
6 8 21
8 35 21
35 55 21
F22
512
3 4 22
4 41 22
41 8 22
8 35 22
35 83 22
83 49 22
49 66 22
66 59 22
F23
1024
3 4 23
4 41 23
41 8 23
8 35 23
35 83 23
83 49 23
49 66 23
66 59 23
F24
1024
92 96 24
96 93 24
93 68 24
68 76 24
76 82 24
82 95 24
F25
1024
43 4 25
4 6 25
6 8 25
8 35 25
35 55 25
F26
1024
27 63 26
63 98 26
98 76 26
76 61 26
61 28 26
F27
1024
10 12 27
12 14 27
14 11 27
11 56 27
56 79 27
79 75 27
F28
1024
22 21 28
21 16 28
16 11 28
11 58 28
58 44 28
44 60 28
F29
1024
54 31 29
31 41 29
41 8 29
8 35 29
35 56 29
56 58 29
58 16 29
F30
1024
45 37 30
37 32 30
32 39 30
39 50 30
50 72 30
72 68 30
68 86 30
86 97 30
F31
1024
22 21 31
21 16 31
16 11 31
11 58 31
58 44 31
44 60 31
F32
1024
4 41 32
41 55 32
55 35 32
35 13 32
F33
1024
46 52 33
52 58 33
58 11 33
11 16 33
16 21 33
21 24 33
24 15 33
F34
1024
25 28 34
28 61 34
61 76 34
76 98 34
98 63 34
63 65 34
F35
1024
92 96 35
96 93 35
93 68 35
68 76 35
76 82 35
82 95 35
F36
1024
42 77 36
77 70 36
70 98 36
98 76 36
76 68 36
68 87 36
F37
1024
89 87 37
87 68 37
68 76 37
76 61 37
F38
1024
100 76 38
76 98 38
98 63 38
F39
1024
10 12 39
12 14 39
14 11 39
11 56 39
56 79 39
79 75 39
F40
1024
18 14 40
14 11 40
11 56 40
56 83 40
83 49 40
49 69 40
