F1
256
94 97 1
97 86 1
86 68 1
68 76 1
76 82 1
82 74 1
F2
256
92 96 2
96 93 2
93 68 2
68 76 2
76 82 2
82 95 2
F3
256
54 31 3
31 41 3
41 8 3
8 35 3
35 56 3
56 58 3
58 16 3
F4
256
47 33 4
33 50 4
50 39 4
F5
256
72 50 5
50 53 5
53 73 5
F6
256
37 32 6
32 39 6
39 50 6
50 28 6
28 23 6
23 40 6
F7
256
45 37 7
37 32 7
32 39 7
39 50 7
50 72 7
72 68 7
68 86 7
86 97 7
F8
256
26 21 8
21 16 8
16 11 8
11 58 8
58 56 8
56 83 8
F9
256
22 18 9
18 14 9
14 11 9
11 58 9
58 52 9
52 71 9
F10
256
17 14 10
14 11 10
11 56 10
56 79 10
79 88 10
F11
256
7 9 11
9 13 11
13 11 11
11 58 11
58 52 11
F12
256
27 63 12
63 98 12
98 76 12
76 61 12
61 28 12
F13
256
21 16 13
16 11 13
11 14 13
F14
512
42 77 14
77 70 14
70 98 14
98 76 14
76 68 14
68 87 14
F15
512
80 78 15
78 93 15
93 68 15
68 76 15
76 100 15
100 91 15
F16
512
72 50 16
50 53 16
53 73 16
F17
512
18 14 17
14 11 17
11 56 17
56 83 17
83 49 17
49 69 17
F18
512
5 7 18
7 9 18
9 13 18
13 11 18
11 16 18
16 21 18
21 26 18
26 19 18
F19
512
94 97 19
97 86 19
86 68 19
68 76 19
76 82 19
82 74 19
F20
512
42 77 20
77 70 20
70 98 20
98 76 20
76 68 20
68 87 20
F21
512
27 63 21
63 98 21
98 76 21
76 61 21
61 28 21
F22
512
22 21 22
21 16 22
16 11 22
11 58 22
58 44 22
44 60 22
F23
512
1 6 23
6 8 23
8 35 23
35 56 23
56 44 23
44 60 23
F24
512
25 28 24
28 61 24
61 76 24
76 98 24
98 63 24
63 65 24
F25
512
85 91 25
91 100 25
100 76 25
76 82 25
82 74 25
74 81 25
F26
512
26 21 26
21 16 26
16 11 26
11 58 26
58 56 26
56 83 26
F27
512
89 87 27
87 68 27
68 76 27
76 61 27
F28
1024
72 50 28
50 53 28
53 73 28
F29
1024
7 9 29
9 13 29
13 11 29
11 58 29
58 52 29
F30
1024
22 18 30
18 14 30
14 11 30
11 58 30
58 52 30
52 71 30
F31
1024
18 14 31
14 11 31
11 56 31
56 83 31
83 49 31
49 69 31
F32
1024
85 91 32
91 100 32
100 76 32
76 82 32
82 74 32
74 81 32
F33
1024
79 56 33
56 35 33
35 55 33
55 67 33
F34
1024
48 34 34
34 33 34
33 50 34
50 53 34
53 73 34
73 51 34
F35
1024
27 63 35
63 98 35
98 76 35
76 61 35
61 28 35
F36
1024
17 14 36
14 11 36
11 56 36
56 79 36
79 88 36
F37
1024
45 37 37
37 32 37
32 39 37
39 50 37
50 72 37
72 68 37
68 86 37
86 97 37
F38
1024
89 87 38
87 68 38
68 76 38
76 61 38
F39
1024
22 21 39
21 16 39
16 11 39
11 58 39
58 44 39
44 60 39
F40
1024
45 37 40
37 32 40
32 39 40
39 50 40
50 72 40
72 68 40
68 86 40
86 97 40
