F1
256
25 28 1
28 61 1
61 76 1
76 98 1
98 63 1
63 65 1
F2
256
79 56 2
56 35 2
35 55 2
55 67 2
F3
256
45 37 3
37 32 3
32 39 3
39 50 3
50 72 3
72 68 3
68 86 3
86 97 3
F4
256
37 32 4
32 39 4
39 50 4
50 28 4
28 23 4
23 40 4
F5
256
80 78 5
78 93 5
93 68 5
68 76 5
76 100 5
100 91 5
F6
256
79 56 6
56 35 6
35 55 6
55 67 6
F7
256
42 77 7
77 70 7
70 98 7
98 76 7
76 68 7
68 87 7
F8
256
84 73 8
73 53 8
53 50 8
50 39 8
39 36 8
F9
256
4 41 9
41 55 9
55 35 9
35 13 9
F10
256
1 6 10
6 8 10
8 35 10
35 56 10
56 44 10
44 60 10
F11
256
84 73 11
73 53 11
53 50 11
50 39 11
39 36 11
F12
512
38 47 12
47 53 12
53 50 12
50 72 12
72 68 12
68 93 12
F13
512
17 14 13
14 11 13
11 56 13
56 79 13
79 88 13
F14
512
8 35 14
35 55 14
55 41 14
F15
512
92 96 15
96 93 15
93 68 15
68 76 15
76 82 15
82 95 15
F16
512
84 73 16
73 53 16
53 50 16
50 39 16
39 36 16
F17
512
89 87 17
87 68 17
68 76 17
76 61 17
F18
512
42 77 18
77 70 18
70 98 18
98 76 18
76 68 18
68 87 18
F19
512
84 73 19
73 53 19
53 50 19
50 39 19
39 36 19
F20
512
100 76 20
76 98 20
98 63 20
F21
512
26 21 21
21 16 21
16 11 21
11 58 21
58 56 21
56 83 21
F22
512
17 14 22
14 11 22
11 56 22
56 79 22
79 88 22
F23
512
27 63 23
63 98 23
98 76 23
76 61 23
61 28 23
F24
512
100 76 24
76 98 24
98 63 24
F25
512
33 50 25
50 57 25
F26
512
46 52 26
52 58 26
58 11 26
11 16 26
16 21 26
21 24 26
24 15 26
F27
512
45 37 27
37 32 27
32 39 27
39 50 27
50 72 27
72 68 27
68 86 27
86 97 27
F28
512
7 9 28
9 13 28
13 11 28
11 58 28
58 52 28
F29
512
94 97 29
97 86 29
86 68 29
68 76 29
76 82 29
82 74 29
F30
1024
46 52 30
52 58 30
58 11 30
11 16 30
16 21 30
21 24 30
24 15 30
F31
1024
27 63 31
63 98 31
98 76 31
76 61 31
61 28 31
F32
1024
24 20 32
20 16 32
16 11 32
11 13 32
13 12 32
F33
1024
22 18 33
18 14 33
14 11 33
11 58 33
58 52 33
52 71 33
F34
1024
18 14 34
14 11 34
11 56 34
56 83 34
83 49 34
49 69 34
F35
1024
17 14 35
14 11 35
11 56 35
56 79 35
79 88 35
F36
1024
38 47 36
47 53 36
53 50 36
50 72 36
72 68 36
68 93 36
F37
1024
3 4 37
4 41 37
41 8 37
8 35 37
35 83 37
83 49 37
49 66 37
66 59 37
F38
1024
89 87 38
87 68 38
68 76 38
76 61 38
F39
1024
27 63 39
63 98 39
98 76 39
76 61 39
61 28 39
F40
1024
94 97 40
97 86 40
86 68 40
68 76 40
76 82 40
82 74 40
