F1
256
22 18 1
18 14 1
14 11 1
11 58 1
58 52 1
52 71 1
F2
256
38 47 2
47 53 2
53 50 2
50 72 2
72 68 2
68 93 2
F3
256
84 73 3
73 53 3
53 50 3
50 39 3
39 36 3
F4
256
80 78 4
78 93 4
93 68 4
68 76 4
76 100 4
100 91 4
F5
256
43 4 5
4 6 5
6 8 5
8 35 5
35 55 5
F6
256
20 58 6
58 11 6
11 13 6
13 9 6
F7
256
72 50 7
50 53 7
53 73 7
F8
256
46 52 8
52 58 8
58 11 8
11 16 8
16 21 8
21 24 8
24 15 8
F9
256
90 85 9
85 100 9
100 76 9
76 61 9
61 28 9
28 25 9
25 30 9
F10
256
54 31 10
31 41 10
41 8 10
8 35 10
35 56 10
56 58 10
58 16 10
F11
256
54 31 11
31 41 11
41 8 11
8 35 11
35 56 11
56 58 11
58 16 11
F12
512
20 58 12
58 11 12
11 13 12
13 9 12
F13
512
72 50 13
50 53 13
53 73 13
F14
512
80 78 14
78 93 14
93 68 14
68 76 14
76 100 14
100 91 14
F15
512
84 73 15
73 53 15
53 50 15
50 39 15
39 36 15
F16
512
24 20 16
20 16 16
16 11 16
11 13 16
13 12 16
F17
512
22 21 17
21 16 17
16 11 17
11 58 17
58 44 17
44 60 17
F18
512
80 78 18
78 93 18
93 68 18
68 76 18
76 100 18
100 91 18
F19
512
1 6 19
6 8 19
8 35 19
35 56 19
56 44 19
44 60 19
F20
512
33 50 20
50 57 20
F21
512
90 85 21
85 100 21
100 76 21
76 61 21
61 28 21
28 25 21
25 30 21
F22
512
84 73 22
73 53 22
53 50 22
50 39 22
39 36 22
F23
512
99 89 23
89 87 23
87 53 23
53 50 23
50 33 23
33 32 23
32 29 23
F24
512
22 21 24
21 16 24
16 11 24
11 58 24
58 44 24
44 60 24
F25
1024
1 6 25
6 8 25
8 35 25
35 56 25
56 44 25
44 60 25
F26
1024
5 7 26
7 9 26
9 13 26
13 11 26
11 16 26
16 21 26
21 26 26
26 19 26
F27
1024
8 35 27
35 55 27
55 41 27
F28
1024
54 31 28
31 41 28
41 8 28
8 35 28
35 56 28
56 58 28
58 16 28
F29
1024
4 41 29
41 55 29
55 35 29
35 13 29
F30
1024
94 97 30
97 86 30
86 68 30
68 76 30
76 82 30
82 74 30
F31
1024
18 14 31
14 11 31
11 56 31
56 83 31
83 49 31
49 69 31
F32
1024
46 52 32
52 58 32
58 11 32
11 16 32
16 21 32
21 24 32
24 15 32
F33
1024
46 52 33
52 58 33
58 11 33
11 16 33
16 21 33
21 24 33
24 15 33
F34
1024
90 85 34
85 100 34
100 76 34
76 61 34
61 28 34
28 25 34
25 30 34
F35
1024
2 1 35
1 6 35
6 8 35
8 35 35
35 55 35
55 67 35
67 62 35
62 64 35
F36
1024
20 58 36
58 11 36
11 13 36
13 9 36
F37
1024
38 47 37
47 53 37
53 50 37
50 72 37
72 68 37
68 93 37
F38
1024
84 73 38
73 53 38
53 50 38
50 39 38
39 36 38
F39
1024
100 76 39
76 98 39
98 63 39
F40
1024
5 7 40
7 9 40
9 13 40
13 11 40
11 16 40
16 21 40
21 26 40
26 19 40
