F1
256
2 1 1
1 6 1
6 8 1
8 35 1
35 55 1
55 67 1
67 62 1
62 64 1
F2
256
54 31 2
31 41 2
41 8 2
8 35 2
35 56 2
56 58 2
58 16 2
F3
256
8 35 3
35 55 3
55 41 3
F4
256
8 35 4
35 55 4
55 41 4
F5
256
72 50 5
50 53 5
53 73 5
F6
256
27 63 6
63 98 6
98 76 6
76 61 6
61 28 6
F7
256
100 76 7
76 98 7
98 63 7
F8
256
42 77 8
77 70 8
70 98 8
98 76 8
76 68 8
68 87 8
F9
256
100 76 9
76 98 9
98 63 9
F10
256
38 47 10
47 53 10
53 50 10
50 72 10
72 68 10
68 93 10
F11
256
5 7 11
7 9 11
9 13 11
13 11 11
11 16 11
16 21 11
21 26 11
26 19 11
F12
256
89 87 12
87 68 12
68 76 12
76 61 12
F13
256
2 1 13
1 6 13
6 8 13
8 35 13
35 55 13
55 67 13
67 62 13
62 64 13
F14
256
47 33 14
33 50 14
50 39 14
F15
256
7 9 15
9 13 15
13 11 15
11 58 15
58 52 15
F16
256
8 35 16
35 55 16
55 41 16
F17
512
46 52 17
52 58 17
58 11 17
11 16 17
16 21 17
21 24 17
24 15 17
F18
512
8 35 18
35 55 18
55 41 18
F19
512
54 31 19
31 41 19
41 8 19
8 35 19
35 56 19
56 58 19
58 16 19
F20
512
18 14 20
14 11 20
11 56 20
56 83 20
83 49 20
49 69 20
F21
512
21 16 21
16 11 21
11 14 21
F22
512
80 78 22
78 93 22
93 68 22
68 76 22
76 100 22
100 91 22
F23
512
18 14 23
14 11 23
11 56 23
56 83 23
83 49 23
49 69 23
F24
512
20 58 24
58 11 24
11 13 24
13 9 24
F25
512
3 4 25
4 41 25
41 8 25
8 35 25
35 83 25
83 49 25
49 66 25
66 59 25
F26
512
54 31 26
31 41 26
41 8 26
8 35 26
35 56 26
56 58 26
58 16 26
F27
512
80 78 27
78 93 27
93 68 27
68 76 27
76 100 27
100 91 27
F28
512
90 85 28
85 100 28
100 76 28
76 61 28
61 28 28
28 25 28
25 30 28
F29
1024
94 97 29
97 86 29
86 68 29
68 76 29
76 82 29
82 74 29
F30
1024
7 9 30
9 13 30
13 11 30
11 58 30
58 52 30
F31
1024
7 9 31
9 13 31
13 11 31
11 58 31
58 52 31
F32
1024
18 14 32
14 11 32
11 56 32
56 83 32
83 49 32
49 69 32
F33
1024
47 33 33
33 50 33
50 39 33
F34
1024
21 16 34
16 11 34
11 14 34
F35
1024
42 77 35
77 70 35
70 98 35
98 76 35
76 68 35
68 87 35
F36
1024
4 41 36
41 55 36
55 35 36
35 13 36
F37
1024
89 87 37
87 68 37
68 76 37
76 61 37
F38
1024
100 76 38
76 98 38
98 63 38
F39
1024
100 76 39
76 98 39
98 63 39
F40
1024
72 50 40
50 53 40
53 73 40
