F1
256
85 91 1
91 100 1
100 76 1
76 82 1
82 74 1
74 81 1
F2
256
72 50 2
50 53 2
53 73 2
F3
256
5 7 3
7 9 3
9 13 3
13 11 3
11 16 3
16 21 3
21 26 3
26 19 3
F4
256
54 31 4
31 41 4
41 8 4
8 35 4
35 56 4
56 58 4
58 16 4
F5
256
22 18 5
18 14 5
14 11 5
11 58 5
58 52 5
52 71 5
F6
256
7 9 6
9 13 6
13 11 6
11 58 6
58 52 6
F7
256
7 9 7
9 13 7
13 11 7
11 58 7
58 52 7
F8
256
99 89 8
89 87 8
87 53 8
53 50 8
50 33 8
33 32 8
32 29 8
F9
256
3 4 9
4 41 9
41 8 9
8 35 9
35 83 9
83 49 9
49 66 9
66 59 9
F10
256
20 58 10
58 11 10
11 13 10
13 9 10
F11
256
90 85 11
85 100 11
100 76 11
76 61 11
61 28 11
28 25 11
25 30 11
F12
256
85 91 12
91 100 12
100 76 12
76 82 12
82 74 12
74 81 12
F13
256
5 7 13
7 9 13
9 13 13
13 11 13
11 16 13
16 21 13
21 26 13
26 19 13
F14
512
43 4 14
4 6 14
6 8 14
8 35 14
35 55 14
F15
512
89 87 15
87 68 15
68 76 15
76 61 15
F16
512
5 7 16
7 9 16
9 13 16
13 11 16
11 16 16
16 21 16
21 26 16
26 19 16
F17
512
66 49 17
49 83 17
83 35 17
35 56 17
F18
512
72 50 18
50 53 18
53 73 18
F19
512
22 21 19
21 16 19
16 11 19
11 58 19
58 44 19
44 60 19
F20
512
47 33 20
33 50 20
50 39 20
F21
512
7 9 21
9 13 21
13 11 21
11 58 21
58 52 21
F22
512
5 7 22
7 9 22
9 13 22
13 11 22
11 16 22
16 21 22
21 26 22
26 19 22
F23
512
46 52 23
52 58 23
58 11 23
11 16 23
16 21 23
21 24 23
24 15 23
F24
512
66 49 24
49 83 24
83 35 24
35 56 24
F25
512
3 4 25
4 41 25
41 8 25
8 35 25
35 83 25
83 49 25
49 66 25
66 59 25
F26
512
47 33 26
33 50 26
50 39 26
F27
1024
2 1 27
1 6 27
6 8 27
8 35 27
35 55 27
55 67 27
67 62 27
62 64 27
F28
1024
54 31 28
31 41 28
41 8 28
8 35 28
35 56 28
56 58 28
58 16 28
F29
1024
3 4 29
4 41 29
41 8 29
8 35 29
35 83 29
83 49 29
49 66 29
66 59 29
F30
1024
2 1 30
1 6 30
6 8 30
8 35 30
35 55 30
55 67 30
67 62 30
62 64 30
F31
1024
89 87 31
87 68 31
68 76 31
76 61 31
F32
1024
54 31 32
31 41 32
41 8 32
8 35 32
35 56 32
56 58 32
58 16 32
F33
1024
42 77 33
77 70 33
70 98 33
98 76 33
76 68 33
68 87 33
F34
1024
2 1 34
1 6 34
6 8 34
8 35 34
35 55 34
55 67 34
67 62 34
62 64 34
F35
1024
26 21 35
21 16 35
16 11 35
11 58 35
58 56 35
56 83 35
F36
1024
1 6 36
6 8 36
8 35 36
35 56 36
56 44 36
44 60 36
F37
1024
10 12 37
12 14 37
14 11 37
11 56 37
56 79 37
79 75 37
F38
1024
90 85 38
85 100 38
100 76 38
76 61 38
61 28 38
28 25 38
25 30 38
F39
1024
22 18 39
18 14 39
14 11 39
11 58 39
58 52 39
52 71 39
F40
1024
24 20 40
20 16 40
16 11 40
11 13 40
13 12 40
