F1
256
20 58 1
58 11 1
11 13 1
13 9 1
F2
256
43 4 2
4 6 2
6 8 2
8 35 2
35 55 2
F3
256
66 49 3
49 83 3
83 35 3
35 56 3
F4
256
7 9 4
9 13 4
13 11 4
11 58 4
58 52 4
F5
256
99 89 5
89 87 5
87 53 5
53 50 5
50 33 5
33 32 5
32 29 5
F6
256
66 49 6
49 83 6
83 35 6
35 56 6
F7
256
85 91 7
91 100 7
100 76 7
76 82 7
82 74 7
74 81 7
F8
256
25 28 8
28 61 8
61 76 8
76 98 8
98 63 8
63 65 8
F9
256
80 78 9
78 93 9
93 68 9
68 76 9
76 100 9
100 91 9
F10
256
18 14 10
14 11 10
11 56 10
56 83 10
83 49 10
49 69 10
F11
256
8 35 11
35 55 11
55 41 11
F12
256
45 37 12
37 32 12
32 39 12
39 50 12
50 72 12
72 68 12
68 86 12
86 97 12
F13
256
18 14 13
14 11 13
11 56 13
56 83 13
83 49 13
49 69 13
F14
512
84 73 14
73 53 14
53 50 14
50 39 14
39 36 14
F15
512
42 77 15
77 70 15
70 98 15
98 76 15
76 68 15
68 87 15
F16
512
22 21 16
21 16 16
16 11 16
11 58 16
58 44 16
44 60 16
F17
512
20 58 17
58 11 17
11 13 17
13 9 17
F18
512
47 33 18
33 50 18
50 39 18
F19
512
10 12 19
12 14 19
14 11 19
11 56 19
56 79 19
79 75 19
F20
512
22 18 20
18 14 20
14 11 20
11 58 20
58 52 20
52 71 20
F21
512
22 18 21
18 14 21
14 11 21
11 58 21
58 52 21
52 71 21
F22
512
47 33 22
33 50 22
50 39 22
F23
512
99 89 23
89 87 23
87 53 23
53 50 23
50 33 23
33 32 23
32 29 23
F24
512
20 58 24
58 11 24
11 13 24
13 9 24
F25
1024
47 33 25
33 50 25
50 39 25
F26
1024
80 78 26
78 93 26
93 68 26
68 76 26
76 100 26
100 91 26
F27
1024
94 97 27
97 86 27
86 68 27
68 76 27
76 82 27
82 74 27
F28
1024
22 21 28
21 16 28
16 11 28
11 58 28
58 44 28
44 60 28
F29
1024
18 14 29
14 11 29
11 56 29
56 83 29
83 49 29
49 69 29
F30
1024
46 52 30
52 58 30
58 11 30
11 16 30
16 21 30
21 24 30
24 15 30
F31
1024
3 4 31
4 41 31
41 8 31
8 35 31
35 83 31
83 49 31
49 66 31
66 59 31
F32
1024
99 89 32
89 87 32
87 53 32
53 50 32
50 33 32
33 32 32
32 29 32
F33
1024
22 18 33
18 14 33
14 11 33
11 58 33
58 52 33
52 71 33
F34
1024
1 6 34
6 8 34
8 35 34
35 56 34
56 44 34
44 60 34
F35
1024
72 50 35
50 53 35
53 73 35
F36
1024
66 49 36
49 83 36
83 35 36
35 56 36
F37
1024
22 21 37
21 16 37
16 11 37
11 58 37
58 44 37
44 60 37
F38
1024
24 20 38
20 16 38
16 11 38
11 13 38
13 12 38
F39
1024
66 49 39
49 83 39
83 35 39
35 56 39
F40
1024
4 41 40
41 55 40
55 35 40
35 13 40
