F1
256
92 96 1
96 93 1
93 68 1
68 76 1
76 82 1
82 95 1
F2
256
48 34 2
34 33 2
33 50 2
50 53 2
53 73 2
73 51 2
F3
256
54 31 3
31 41 3
41 8 3
8 35 3
35 56 3
56 58 3
58 16 3
F4
256
79 56 4
56 35 4
35 55 4
55 67 4
F5
256
48 34 5
34 33 5
33 50 5
50 53 5
53 73 5
73 51 5
F6
256
20 58 6
58 11 6
11 13 6
13 9 6
F7
256
45 37 7
37 32 7
32 39 7
39 50 7
50 72 7
72 68 7
68 86 7
86 97 7
F8
256
21 16 8
16 11 8
11 14 8
F9
256
48 34 9
34 33 9
33 50 9
50 53 9
53 73 9
73 51 9
F10
256
5 7 10
7 9 10
9 13 10
13 11 10
11 16 10
16 21 10
21 26 10
26 19 10
F11
256
8 35 11
35 55 11
55 41 11
F12
512
66 49 12
49 83 12
83 35 12
35 56 12
F13
512
38 47 13
47 53 13
53 50 13
50 72 13
72 68 13
68 93 13
F14
512
24 20 14
20 16 14
16 11 14
11 13 14
13 12 14
F15
512
90 85 15
85 100 15
100 76 15
76 61 15
61 28 15
28 25 15
25 30 15
F16
512
25 28 16
28 61 16
61 76 16
76 98 16
98 63 16
63 65 16
F17
512
85 91 17
91 100 17
100 76 17
76 82 17
82 74 17
74 81 17
F18
512
89 87 18
87 68 18
68 76 18
76 61 18
F19
512
27 63 19
63 98 19
98 76 19
76 61 19
61 28 19
F20
512
66 49 20
49 83 20
83 35 20
35 56 20
F21
512
85 91 21
91 100 21
100 76 21
76 82 21
82 74 21
74 81 21
F22
512
85 91 22
91 100 22
100 76 22
76 82 22
82 74 22
74 81 22
F23
512
90 85 23
85 100 23
100 76 23
76 61 23
61 28 23
28 25 23
25 30 23
F24
512
7 9 24
9 13 24
13 11 24
11 58 24
58 52 24
F25
512
48 34 25
34 33 25
33 50 25
50 53 25
53 73 25
73 51 25
F26
512
22 18 26
18 14 26
14 11 26
11 58 26
58 52 26
52 71 26
F27
512
42 77 27
77 70 27
70 98 27
98 76 27
76 68 27
68 87 27
F28
512
45 37 28
37 32 28
32 39 28
39 50 28
50 72 28
72 68 28
68 86 28
86 97 28
F29
1024
66 49 29
49 83 29
83 35 29
35 56 29
F30
1024
21 16 30
16 11 30
11 14 30
F31
1024
100 76 31
76 98 31
98 63 31
F32
1024
42 77 32
77 70 32
70 98 32
98 76 32
76 68 32
68 87 32
F33
1024
45 37 33
37 32 33
32 39 33
39 50 33
50 72 33
72 68 33
68 86 33
86 97 33
F34
1024
42 77 34
77 70 34
70 98 34
98 76 34
76 68 34
68 87 34
F35
1024
1 6 35
6 8 35
8 35 35
35 56 35
56 44 35
44 60 35
F36
1024
33 50 36
50 57 36
F37
1024
37 32 37
32 39 37
39 50 37
50 28 37
28 23 37
23 40 37
F38
1024
48 34 38
34 33 38
33 50 38
50 53 38
53 73 38
73 51 38
F39
1024
38 47 39
47 53 39
53 50 39
50 72 39
72 68 39
68 93 39
F40
1024
84 73 40
73 53 40
53 50 40
50 39 40
39 36 40
