F1
256
48 34 1
34 33 1
33 50 1
50 53 1
53 73 1
73 51 1
F2
256
24 20 2
20 16 2
16 11 2
11 13 2
13 12 2
F3
256
85 91 3
91 100 3
100 76 3
76 82 3
82 74 3
74 81 3
F4
256
38 47 4
47 53 4
53 50 4
50 72 4
72 68 4
68 93 4
F5
256
38 47 5
47 53 5
53 50 5
50 72 5
72 68 5
68 93 5
F6
256
3 4 6
4 41 6
41 8 6
8 35 6
35 83 6
83 49 6
49 66 6
66 59 6
F7
256
8 35 7
35 55 7
55 41 7
F8
256
100 76 8
76 98 8
98 63 8
F9
256
27 63 9
63 98 9
98 76 9
76 61 9
61 28 9
F10
256
80 78 10
78 93 10
93 68 10
68 76 10
76 100 10
100 91 10
F11
256
47 33 11
33 50 11
50 39 11
F12
256
79 56 12
56 35 12
35 55 12
55 67 12
F13
256
92 96 13
96 93 13
93 68 13
68 76 13
76 82 13
82 95 13
F14
256
45 37 14
37 32 14
32 39 14
39 50 14
50 72 14
72 68 14
68 86 14
86 97 14
F15
256
38 47 15
47 53 15
53 50 15
50 72 15
72 68 15
68 93 15
F16
256
99 89 16
89 87 16
87 53 16
53 50 16
50 33 16
33 32 16
32 29 16
F17
256
89 87 17
87 68 17
68 76 17
76 61 17
F18
256
45 37 18
37 32 18
32 39 18
39 50 18
50 72 18
72 68 18
68 86 18
86 97 18
F19
256
85 91 19
91 100 19
100 76 19
76 82 19
82 74 19
74 81 19
F20
512
42 77 20
77 70 20
70 98 20
98 76 20
76 68 20
68 87 20
F21
512
25 28 21
28 61 21
61 76 21
76 98 21
98 63 21
63 65 21
F22
512
1 6 22
6 8 22
8 35 22
35 56 22
56 44 22
44 60 22
F23
512
90 85 23
85 100 23
100 76 23
76 61 23
61 28 23
28 25 23
25 30 23
F24
512
38 47 24
47 53 24
53 50 24
50 72 24
72 68 24
68 93 24
F25
512
90 85 25
85 100 25
100 76 25
76 61 25
61 28 25
28 25 25
25 30 25
F26
512
17 14 26
14 11 26
11 56 26
56 79 26
79 88 26
F27
512
90 85 27
85 100 27
100 76 27
76 61 27
61 28 27
28 25 27
25 30 27
F28
512
100 76 28
76 98 28
98 63 28
F29
512
7 9 29
9 13 29
13 11 29
11 58 29
58 52 29
F30
512
26 21 30
21 16 30
16 11 30
11 58 30
58 56 30
56 83 30
F31
512
7 9 31
9 13 31
13 11 31
11 58 31
58 52 31
F32
1024
7 9 32
9 13 32
13 11 32
11 58 32
58 52 32
F33
1024
26 21 33
21 16 33
16 11 33
11 58 33
58 56 33
56 83 33
F34
1024
100 76 34
76 98 34
98 63 34
F35
1024
33 50 35
50 57 35
F36
1024
25 28 36
28 61 36
61 76 36
76 98 36
98 63 36
63 65 36
F37
1024
8 35 37
35 55 37
55 41 37
F38
1024
42 77 38
77 70 38
70 98 38
98 76 38
76 68 38
68 87 38
F39
1024
26 21 39
21 16 39
16 11 39
11 58 39
58 56 39
56 83 39
F40
1024
22 18 40
18 14 40
14 11 40
11 58 40
58 52 40
52 71 40
