F1
256
5 7 1
7 9 1
9 13 1
13 11 1
11 16 1
16 21 1
21 26 1
26 19 1
F2
256
79 56 2
56 35 2
35 55 2
55 67 2
F3
256
25 28 3
28 61 3
61 76 3
76 98 3
98 63 3
63 65 3
F4
256
20 58 4
58 11 4
11 13 4
13 9 4
F5
256
8 35 5
35 55 5
55 41 5
F6
256
45 37 6
37 32 6
32 39 6
39 50 6
50 72 6
72 68 6
68 86 6
86 97 6
F7
256
48 34 7
34 33 7
33 50 7
50 53 7
53 73 7
73 51 7
F8
256
94 97 8
97 86 8
86 68 8
68 76 8
76 82 8
82 74 8
F9
256
8 35 9
35 55 9
55 41 9
F10
256
42 77 10
77 70 10
70 98 10
98 76 10
76 68 10
68 87 10
F11
256
22 18 11
18 14 11
14 11 11
11 58 11
58 52 11
52 71 11
F12
512
100 76 12
76 98 12
98 63 12
F13
512
4 41 13
41 55 13
55 35 13
35 13 13
F14
512
4 41 14
41 55 14
55 35 14
35 13 14
F15
512
42 77 15
77 70 15
70 98 15
98 76 15
76 68 15
68 87 15
F16
512
26 21 16
21 16 16
16 11 16
11 58 16
58 56 16
56 83 16
F17
512
7 9 17
9 13 17
13 11 17
11 58 17
58 52 17
F18
512
33 50 18
50 57 18
F19
512
47 33 19
33 50 19
50 39 19
F20
512
24 20 20
20 16 20
16 11 20
11 13 20
13 12 20
F21
512
99 89 21
89 87 21
87 53 21
53 50 21
50 33 21
33 32 21
32 29 21
F22
512
24 20 22
20 16 22
16 11 22
11 13 22
13 12 22
F23
512
79 56 23
56 35 23
35 55 23
55 67 23
F24
1024
37 32 24
32 39 24
39 50 24
50 28 24
28 23 24
23 40 24
F25
1024
22 21 25
21 16 25
16 11 25
11 58 25
58 44 25
44 60 25
F26
1024
48 34 26
34 33 26
33 50 26
50 53 26
53 73 26
73 51 26
F27
1024
2 1 27
1 6 27
6 8 27
8 35 27
35 55 27
55 67 27
67 62 27
62 64 27
F28
1024
2 1 28
1 6 28
6 8 28
8 35 28
35 55 28
55 67 28
67 62 28
62 64 28
F29
1024
90 85 29
85 100 29
100 76 29
76 61 29
61 28 29
28 25 29
25 30 29
F30
1024
22 18 30
18 14 30
14 11 30
11 58 30
58 52 30
52 71 30
F31
1024
54 31 31
31 41 31
41 8 31
8 35 31
35 56 31
56 58 31
58 16 31
F32
1024
79 56 32
56 35 32
35 55 32
55 67 32
F33
1024
99 89 33
89 87 33
87 53 33
53 50 33
50 33 33
33 32 33
32 29 33
F34
1024
90 85 34
85 100 34
100 76 34
76 61 34
61 28 34
28 25 34
25 30 34
F35
1024
37 32 35
32 39 35
39 50 35
50 28 35
28 23 35
23 40 35
F36
1024
25 28 36
28 61 36
61 76 36
76 98 36
98 63 36
63 65 36
F37
1024
66 49 37
49 83 37
83 35 37
35 56 37
F38
1024
92 96 38
96 93 38
93 68 38
68 76 38
76 82 38
82 95 38
F39
1024
5 7 39
7 9 39
9 13 39
13 11 39
11 16 39
16 21 39
21 26 39
26 19 39
F40
1024
84 73 40
73 53 40
53 50 40
50 39 40
39 36 40
