F1
256
80 78 1
78 93 1
93 68 1
68 76 1
76 100 1
100 91 1
F2
256
24 20 2
20 16 2
16 11 2
11 13 2
13 12 2
F3
256
45 37 3
37 32 3
32 39 3
39 50 3
50 72 3
72 68 3
68 86 3
86 97 3
F4
256
45 37 4
37 32 4
32 39 4
39 50 4
50 72 4
72 68 4
68 86 4
86 97 4
F5
256
66 49 5
49 83 5
83 35 5
35 56 5
F6
256
43 4 6
4 6 6
6 8 6
8 35 6
35 55 6
F7
256
80 78 7
78 93 7
93 68 7
68 76 7
76 100 7
100 91 7
F8
256
8 35 8
35 55 8
55 41 8
F9
256
8 35 9
35 55 9
55 41 9
F10
256
1 6 10
6 8 10
8 35 10
35 56 10
56 44 10
44 60 10
F11
256
94 97 11
97 86 11
86 68 11
68 76 11
76 82 11
82 74 11
F12
256
3 4 12
4 41 12
41 8 12
8 35 12
35 83 12
83 49 12
49 66 12
66 59 12
F13
256
26 21 13
21 16 13
16 11 13
11 58 13
58 56 13
56 83 13
F14
256
54 31 14
31 41 14
41 8 14
8 35 14
35 56 14
56 58 14
58 16 14
F15
256
33 50 15
50 57 15
F16
256
48 34 16
34 33 16
33 50 16
50 53 16
53 73 16
73 51 16
F17
512
38 47 17
47 53 17
53 50 17
50 72 17
72 68 17
68 93 17
F18
512
80 78 18
78 93 18
93 68 18
68 76 18
76 100 18
100 91 18
F19
512
4 41 19
41 55 19
55 35 19
35 13 19
F20
512
1 6 20
6 8 20
8 35 20
35 56 20
56 44 20
44 60 20
F21
512
20 58 21
58 11 21
11 13 21
13 9 21
F22
512
47 33 22
33 50 22
50 39 22
F23
512
2 1 23
1 6 23
6 8 23
8 35 23
35 55 23
55 67 23
67 62 23
62 64 23
F24
512
5 7 24
7 9 24
9 13 24
13 11 24
11 16 24
16 21 24
21 26 24
26 19 24
F25
512
48 34 25
34 33 25
33 50 25
50 53 25
53 73 25
73 51 25
F26
512
45 37 26
37 32 26
32 39 26
39 50 26
50 72 26
72 68 26
68 86 26
86 97 26
F27
512
7 9 27
9 13 27
13 11 27
11 58 27
58 52 27
F28
512
47 33 28
33 50 28
50 39 28
F29
1024
20 58 29
58 11 29
11 13 29
13 9 29
F30
1024
42 77 30
77 70 30
70 98 30
98 76 30
76 68 30
68 87 30
F31
1024
33 50 31
50 57 31
F32
1024
22 21 32
21 16 32
16 11 32
11 58 32
58 44 32
44 60 32
F33
1024
4 41 33
41 55 33
55 35 33
35 13 33
F34
1024
25 28 34
28 61 34
61 76 34
76 98 34
98 63 34
63 65 34
F35
1024
45 37 35
37 32 35
32 39 35
39 50 35
50 72 35
72 68 35
68 86 35
86 97 35
F36
1024
38 47 36
47 53 36
53 50 36
50 72 36
72 68 36
68 93 36
F37
1024
47 33 37
33 50 37
50 39 37
F38
1024
66 49 38
49 83 38
83 35 38
35 56 38
F39
1024
72 50 39
50 53 39
53 73 39
F40
1024
100 76 40
76 98 40
98 63 40
