F1
256
26 21 1
21 16 1
16 11 1
11 58 1
58 56 1
56 83 1
F2
256
66 49 2
49 83 2
83 35 2
35 56 2
F3
256
72 50 3
50 53 3
53 73 3
F4
256
20 58 4
58 11 4
11 13 4
13 9 4
F5
256
100 76 5
76 98 5
98 63 5
F6
256
4 41 6
41 55 6
55 35 6
35 13 6
F7
256
17 14 7
14 11 7
11 56 7
56 79 7
79 88 7
F8
256
84 73 8
73 53 8
53 50 8
50 39 8
39 36 8
F9
256
42 77 9
77 70 9
70 98 9
98 76 9
76 68 9
68 87 9
F10
256
33 50 10
50 57 10
F11
512
26 21 11
21 16 11
16 11 11
11 58 11
58 56 11
56 83 11
F12
512
8 35 12
35 55 12
55 41 12
F13
512
99 89 13
89 87 13
87 53 13
53 50 13
50 33 13
33 32 13
32 29 13
F14
512
46 52 14
52 58 14
58 11 14
11 16 14
16 21 14
21 24 14
24 15 14
F15
512
79 56 15
56 35 15
35 55 15
55 67 15
F16
512
7 9 16
9 13 16
13 11 16
11 58 16
58 52 16
F17
512
48 34 17
34 33 17
33 50 17
50 53 17
53 73 17
73 51 17
F18
512
18 14 18
14 11 18
11 56 18
56 83 18
83 49 18
49 69 18
F19
512
94 97 19
97 86 19
86 68 19
68 76 19
76 82 19
82 74 19
F20
512
38 47 20
47 53 20
53 50 20
50 72 20
72 68 20
68 93 20
F21
512
99 89 21
89 87 21
87 53 21
53 50 21
50 33 21
33 32 21
32 29 21
F22
512
21 16 22
16 11 22
11 14 22
F23
512
2 1 23
1 6 23
6 8 23
8 35 23
35 55 23
55 67 23
67 62 23
62 64 23
F24
512
84 73 24
73 53 24
53 50 24
50 39 24
39 36 24
F25
512
94 97 25
97 86 25
86 68 25
68 76 25
76 82 25
82 74 25
F26
512
3 4 26
4 41 26
41 8 26
8 35 26
35 83 26
83 49 26
49 66 26
66 59 26
F27
512
27 63 27
63 98 27
98 76 27
76 61 27
61 28 27
F28
512
42 77 28
77 70 28
70 98 28
98 76 28
76 68 28
68 87 28
F29
1024
47 33 29
33 50 29
50 39 29
F30
1024
7 9 30
9 13 30
13 11 30
11 58 30
58 52 30
F31
1024
47 33 31
33 50 31
50 39 31
F32
1024
94 97 32
97 86 32
86 68 32
68 76 32
76 82 32
82 74 32
F33
1024
90 85 33
85 100 33
100 76 33
76 61 33
61 28 33
28 25 33
25 30 33
F34
1024
10 12 34
12 14 34
14 11 34
11 56 34
56 79 34
79 75 34
F35
1024
22 21 35
21 16 35
16 11 35
11 58 35
58 44 35
44 60 35
F36
1024
100 76 36
76 98 36
98 63 36
F37
1024
27 63 37
63 98 37
98 76 37
76 61 37
61 28 37
F38
1024
33 50 38
50 57 38
F39
1024
22 18 39
18 14 39
14 11 39
11 58 39
58 52 39
52 71 39
F40
1024
79 56 40
56 35 40
35 55 40
55 67 40
