F1
256
94 97 1
97 86 1
86 68 1
68 76 1
76 82 1
82 74 1
F2
256
72 50 2
50 53 2
53 73 2
F3
256
25 28 3
28 61 3
61 76 3
76 98 3
98 63 3
63 65 3
F4
256
3 4 4
4 41 4
41 8 4
8 35 4
35 83 4
83 49 4
49 66 4
66 59 4
F5
256
54 31 5
31 41 5
41 8 5
8 35 5
35 56 5
56 58 5
58 16 5
F6
256
72 50 6
50 53 6
53 73 6
F7
256
47 33 7
33 50 7
50 39 7
F8
256
1 6 8
6 8 8
8 35 8
35 56 8
56 44 8
44 60 8
F9
256
92 96 9
96 93 9
93 68 9
68 76 9
76 82 9
82 95 9
F10
256
43 4 10
4 6 10
6 8 10
8 35 10
35 55 10
F11
256
1 6 11
6 8 11
8 35 11
35 56 11
56 44 11
44 60 11
F12
256
21 16 12
16 11 12
11 14 12
F13
256
22 18 13
18 14 13
14 11 13
11 58 13
58 52 13
52 71 13
F14
512
90 85 14
85 100 14
100 76 14
76 61 14
61 28 14
28 25 14
25 30 14
F15
512
92 96 15
96 93 15
93 68 15
68 76 15
76 82 15
82 95 15
F16
512
37 32 16
32 39 16
39 50 16
50 28 16
28 23 16
23 40 16
F17
512
79 56 17
56 35 17
35 55 17
55 67 17
F18
512
33 50 18
50 57 18
F19
512
89 87 19
87 68 19
68 76 19
76 61 19
F20
512
27 63 20
63 98 20
98 76 20
76 61 20
61 28 20
F21
512
3 4 21
4 41 21
41 8 21
8 35 21
35 83 21
83 49 21
49 66 21
66 59 21
F22
512
1 6 22
6 8 22
8 35 22
35 56 22
56 44 22
44 60 22
F23
512
18 14 23
14 11 23
11 56 23
56 83 23
83 49 23
49 69 23
F24
512
33 50 24
50 57 24
F25
512
42 77 25
77 70 25
70 98 25
98 76 25
76 68 25
68 87 25
F26
512
4 41 26
41 55 26
55 35 26
35 13 26
F27
512
20 58 27
58 11 27
11 13 27
13 9 27
F28
512
20 58 28
58 11 28
11 13 28
13 9 28
F29
1024
42 77 29
77 70 29
70 98 29
98 76 29
76 68 29
68 87 29
F30
1024
7 9 30
9 13 30
13 11 30
11 58 30
58 52 30
F31
1024
8 35 31
35 55 31
55 41 31
F32
1024
94 97 32
97 86 32
86 68 32
68 76 32
76 82 32
82 74 32
F33
1024
79 56 33
56 35 33
35 55 33
55 67 33
F34
1024
72 50 34
50 53 34
53 73 34
F35
1024
26 21 35
21 16 35
16 11 35
11 58 35
58 56 35
56 83 35
F36
1024
3 4 36
4 41 36
41 8 36
8 35 36
35 83 36
83 49 36
49 66 36
66 59 36
F37
1024
7 9 37
9 13 37
13 11 37
11 58 37
58 52 37
F38
1024
37 32 38
32 39 38
39 50 38
50 28 38
28 23 38
23 40 38
F39
1024
47 33 39
33 50 39
50 39 39
F40
1024
90 85 40
85 100 40
100 76 40
76 61 40
61 28 40
28 25 40
25 30 40
