F1
256
21 19 1
19 17 1
17 14 1
14 11 1
11 8 1
8 5 1
F2
256
21 19 2
19 17 2
17 14 2
14 11 2
11 8 2
8 5 2
F3
256
70 69 3
69 68 3
68 82 3
82 81 3
F4
256
2 15 4
15 14 4
14 11 4
11 12 4
12 47 4
47 61 4
61 75 4
F5
256
57 56 5
56 55 5
55 35 5
35 36 5
36 32 5
32 29 5
29 30 5
F6
256
96 95 6
95 76 6
75 77 6
77 63 6
63 49 6
49 18 6
18 17 6
17 20 6
F7
256
4 9 7
9 8 7
8 11 7
11 12 7
12 47 7
47 46 7
F8
256
19 15 8
15 13 8
13 11 8
11 12 8
12 10 8
F9
512
71 56 9
56 38 9
38 40 9
40 36 9
36 32 9
32 34 9
34 31 9
31 28 9
F10
512
2 15 10
15 14 10
14 11 10
11 12 10
12 47 10
47 61 10
61 75 10
F11
512
71 56 11
56 38 11
38 40 11
40 36 11
36 32 11
32 34 11
34 31 11
31 28 11
F12
512
2 15 12
15 14 12
14 11 12
11 12 12
12 47 12
47 61 12
61 75 12
F13
512
96 95 13
95 76 13
75 77 13
77 63 13
63 49 13
49 18 13
18 17 13
17 20 13
F14
512
57 56 14
56 55 14
55 35 14
35 36 14
36 32 14
32 29 14
29 30 14
F15
512
4 9 15
9 8 15
8 11 15
11 12 15
12 47 15
47 46 15
F16
512
87 84 16
84 83 16
83 82 16
82 89 16
F17
1024
88 83 17
83 69 17
69 55 17
55 54 17
54 53 17
F18
1024
71 56 18
56 38 18
38 40 18
40 36 18
36 32 18
32 34 18
34 31 18
31 28 18
F19
1024
93 78 19
78 64 19
64 63 19
63 49 19
49 18 19
18 16 19
16 12 19
F20
1024
27 29 20
29 32 20
32 36 20
36 35 20
35 55 20
