F1
256
96 95 1
95 76 1
75 77 1
77 63 1
63 49 1
49 18 1
18 17 1
17 20 1
F2
256
27 29 2
29 32 2
32 36 2
36 35 2
35 55 2
F3
256
45 42 3
42 39 3
39 40 3
40 36 3
36 37 3
37 33 3
33 98 3
F4
256
96 95 4
95 76 4
75 77 4
77 63 4
63 49 4
49 18 4
18 17 4
17 20 4
F5
256
84 83 5
83 82 5
82 81 5
81 90 5
F6
512
42 41 6
41 40 6
40 36 6
36 37 6
37 73 6
73 98 6
98 100 6
F7
512
27 29 7
29 32 7
32 36 7
36 35 7
35 55 7
F8
512
83 82 8
82 68 8
68 54 8
54 34 8
F9
512
85 84 9
84 83 9
83 82 9
82 81 9
81 80 9
80 91 9
F10
512
88 83 10
83 69 10
69 55 10
55 54 10
54 53 10
F11
512
56 55 11
55 54 11
54 68 11
68 82 11
82 81 11
81 67 11
F12
512
43 38 12
38 40 12
40 36 12
36 32 12
32 29 12
29 27 12
27 26 12
F13
1024
86 87 13
87 88 13
88 83 13
83 82 13
82 81 13
81 80 13
80 79 13
79 92 13
F14
1024
45 42 14
42 39 14
39 40 14
40 36 14
36 37 14
37 33 14
33 98 14
F15
1024
41 40 15
40 36 15
36 37 15
37 73 15
F16
1024
83 82 16
82 68 16
68 54 16
54 34 16
F17
1024
27 29 17
29 32 17
32 36 17
36 35 17
35 55 17
F18
1024
51 50 18
50 49 18
49 63 18
63 64 18
F19
1024
97 76 19
76 77 19
77 63 19
63 49 19
49 48 19
48 16 19
16 14 19
F20
1024
66 80 20
80 81 20
81 82 20
82 68 20
