F1
256
54 68 1
68 82 1
82 81 1
81 80 1
80 79 1
F2
256
58 19 2
19 15 2
15 13 2
13 11 2
11 8 2
8 10 2
10 7 2
F3
256
74 75 3
75 76 3
76 77 3
77 63 3
63 64 3
64 78 3
78 77 3
77 94 3
F4
256
93 78 4
78 64 4
64 63 4
63 49 4
49 18 4
18 16 4
16 12 4
F5
256
69 68 5
68 82 5
82 81 5
81 80 5
F6
256
85 84 6
84 83 6
83 82 6
82 81 6
81 80 6
80 91 6
F7
256
66 80 7
80 81 7
81 82 7
82 68 7
F8
256
44 19 8
19 15 8
15 14 8
14 11 8
11 12 8
12 47 8
47 48 8
48 49 8
F9
256
27 29 9
29 32 9
32 36 9
36 35 9
35 55 9
F10
256
4 9 10
9 8 10
8 11 10
11 12 10
12 47 10
47 46 10
F11
512
9 8 11
8 11 11
11 14 11
14 15 11
F12
512
23 20 12
20 17 12
17 14 12
14 11 12
11 12 12
12 16 12
F13
512
17 18 13
18 49 13
49 63 13
63 77 13
F14
512
17 18 14
18 49 14
49 63 14
63 77 14
F15
512
71 56 15
56 38 15
38 40 15
40 36 15
36 32 15
32 34 15
34 31 15
31 28 15
F16
512
95 76 16
76 77 16
77 63 16
63 49 16
49 50 16
50 22 16
22 18 16
F17
512
9 8 17
8 11 17
11 14 17
14 15 17
F18
1024
4 9 18
9 8 18
8 11 18
11 12 18
12 47 18
47 46 18
F19
1024
72 20 19
20 17 19
17 14 19
14 11 19
11 8 19
8 9 19
9 6 19
F20
1024
45 42 20
42 39 20
39 40 20
40 36 20
36 37 20
37 33 20
33 98 20
