F1
256
96 95 1
95 76 1
75 77 1
77 63 1
63 49 1
49 18 1
18 17 1
17 20 1
F2
256
87 84 2
84 83 2
83 82 2
82 89 2
F3
256
72 20 3
20 17 3
17 14 3
14 11 3
11 8 3
8 9 3
9 6 3
F4
256
45 42 4
42 39 4
39 40 4
40 36 4
36 37 4
37 33 4
33 98 4
F5
256
43 38 5
38 40 5
40 36 5
36 32 5
32 29 5
29 27 5
27 26 5
F6
256
2 15 6
15 14 6
14 11 6
11 12 6
12 47 6
47 61 6
61 75 6
F7
256
45 42 7
42 39 7
39 40 7
40 36 7
36 37 7
37 33 7
33 98 7
F8
256
17 18 8
18 49 8
49 63 8
63 77 8
F9
512
41 40 9
40 36 9
36 37 9
37 73 9
F10
512
83 82 10
82 68 10
68 54 10
54 34 10
F11
512
45 42 11
42 39 11
39 40 11
40 36 11
36 37 11
37 33 11
33 98 11
F12
512
69 68 12
68 82 12
82 81 12
81 80 12
F13
512
22 50 13
50 49 13
49 63 13
63 62 13
62 61 13
F14
512
23 20 14
20 17 14
17 14 14
14 11 14
11 12 14
12 16 14
F15
512
17 18 15
18 49 15
49 63 15
63 77 15
F16
1024
2 15 16
15 14 16
14 11 16
11 12 16
12 47 16
47 61 16
61 75 16
F17
1024
50 64 17
64 63 17
63 77 17
77 76 17
F18
1024
9 8 18
8 11 18
11 14 18
14 15 18
F19
1024
9 8 19
8 11 19
11 14 19
14 15 19
F20
1024
23 20 20
20 17 20
17 14 20
14 11 20
11 12 20
12 16 20
