F1
256
52 51 1
51 50 1
50 49 1
49 63 1
63 64 1
64 65 1
F2
256
44 19 2
19 15 2
15 14 2
14 11 2
11 12 2
12 47 2
47 48 2
48 49 2
F3
256
85 84 3
84 83 3
83 82 3
82 81 3
81 80 3
80 91 3
F4
256
23 20 4
20 17 4
17 14 4
14 11 4
11 12 4
12 16 4
F5
256
93 78 5
78 64 5
64 63 5
63 49 5
49 18 5
18 16 5
16 12 5
F6
256
57 56 6
56 55 6
55 35 6
35 36 6
36 32 6
32 29 6
29 30 6
F7
256
50 64 7
64 63 7
63 77 7
77 76 7
F8
512
87 84 8
84 83 8
83 82 8
82 89 8
F9
512
41 40 9
40 36 9
36 37 9
37 73 9
F10
512
43 38 10
38 40 10
40 36 10
36 32 10
32 29 10
29 27 10
27 26 10
F11
512
52 51 11
51 50 11
50 49 11
49 63 11
63 64 11
64 65 11
F12
512
74 75 12
75 76 12
76 77 12
77 63 12
63 64 12
64 78 12
78 77 12
77 94 12
F13
512
44 19 13
19 15 13
15 14 13
14 11 13
11 12 13
12 47 13
47 48 13
48 49 13
F14
1024
27 29 14
29 32 14
32 36 14
36 35 14
35 55 14
F15
1024
43 38 15
38 40 15
40 36 15
36 32 15
32 29 15
29 27 15
27 26 15
F16
1024
84 83 16
83 82 16
82 81 16
81 90 16
F17
1024
93 78 17
78 64 17
64 63 17
63 49 17
49 18 17
18 16 17
16 12 17
F18
1024
88 83 18
83 69 18
69 55 18
55 54 18
54 53 18
F19
1024
88 83 19
83 69 19
69 55 19
55 54 19
54 53 19
F20
1024
57 56 20
56 55 20
55 35 20
35 36 20
36 32 20
32 29 20
29 30 20
