F1
256
69 68 1
68 82 1
82 81 1
81 80 1
F2
256
96 95 2
95 76 2
75 77 2
77 63 2
63 49 2
49 18 2
18 17 2
17 20 2
F3
256
9 8 3
8 11 3
11 14 3
14 15 3
F4
256
74 75 4
75 76 4
76 77 4
77 63 4
63 64 4
64 78 4
78 77 4
77 94 4
F5
256
58 19 5
19 15 5
15 13 5
13 11 5
11 8 5
8 10 5
10 7 5
F6
512
87 84 6
84 83 6
83 82 6
82 89 6
F7
512
42 41 7
41 40 7
40 36 7
36 37 7
37 73 7
73 98 7
98 100 7
F8
512
88 83 8
83 69 8
69 55 8
55 54 8
54 53 8
F9
512
9 8 9
8 11 9
11 14 9
14 15 9
F10
512
66 80 10
80 81 10
81 82 10
82 68 10
F11
512
58 19 11
19 15 11
15 13 11
13 11 11
11 8 11
8 10 11
10 7 11
F12
512
59 39 12
39 40 12
40 36 12
36 37 12
37 33 12
33 98 12
F13
1024
52 51 13
51 50 13
50 49 13
49 63 13
63 64 13
64 65 13
F14
1024
56 55 14
55 54 14
54 68 14
68 82 14
82 81 14
81 67 14
F15
1024
87 84 15
84 83 15
83 82 15
82 89 15
F16
1024
97 76 16
76 77 16
77 63 16
63 49 16
49 48 16
48 16 16
16 14 16
F17
1024
74 75 17
75 76 17
76 77 17
77 63 17
63 64 17
64 78 17
78 77 17
77 94 17
F18
1024
1 13 18
13 11 18
11 12 18
12 47 18
47 61 18
61 60 18
F19
1024
9 8 19
8 11 19
11 14 19
14 15 19
F20
1024
19 15 20
15 13 20
13 11 20
11 12 20
12 10 20
