F1
256
71 56 1
56 38 1
38 40 1
40 36 1
36 32 1
32 34 1
34 31 1
31 28 1
F2
256
43 38 2
38 40 2
40 36 2
36 32 2
32 29 2
29 27 2
27 26 2
F3
256
45 42 3
42 39 3
39 40 3
40 36 3
36 37 3
37 33 3
33 98 3
F4
256
93 78 4
78 64 4
64 63 4
63 49 4
49 18 4
18 16 4
16 12 4
F5
256
50 64 5
64 63 5
63 77 5
77 76 5
F6
256
21 19 6
19 17 6
17 14 6
14 11 6
11 8 6
8 5 6
F7
256
22 50 7
50 49 7
49 63 7
63 62 7
62 61 7
F8
512
87 84 8
84 83 8
83 82 8
82 89 8
F9
512
1 13 9
13 11 9
11 12 9
12 47 9
47 61 9
61 60 9
F10
512
71 56 10
56 38 10
38 40 10
40 36 10
36 32 10
32 34 10
34 31 10
31 28 10
F11
512
44 19 11
19 15 11
15 14 11
14 11 11
11 12 11
12 47 11
47 48 11
48 49 11
F12
512
87 84 12
84 83 12
83 82 12
82 89 12
F13
1024
27 29 13
29 32 13
32 36 13
36 35 13
35 55 13
F14
1024
95 76 14
76 77 14
77 63 14
63 49 14
49 50 14
50 22 14
22 18 14
F15
1024
9 8 15
8 11 15
11 14 15
14 15 15
F16
1024
88 83 16
83 69 16
69 55 16
55 54 16
54 53 16
F17
1024
17 18 17
18 49 17
49 63 17
63 77 17
F18
1024
19 15 18
15 13 18
13 11 18
11 12 18
12 10 18
F19
1024
44 19 19
19 15 19
15 14 19
14 11 19
11 12 19
12 47 19
47 48 19
48 49 19
F20
1024
4 9 20
9 8 20
8 11 20
11 12 20
12 47 20
47 46 20
