F1
256
44 19 1
19 15 1
15 14 1
14 11 1
11 12 1
12 47 1
47 48 1
48 49 1
F2
256
87 84 2
84 83 2
83 82 2
82 89 2
F3
512
87 84 3
84 83 3
83 82 3
82 89 3
F4
512
19 15 4
15 13 4
13 11 4
11 12 4
12 10 4
F5
512
86 87 5
87 88 5
88 83 5
83 82 5
82 81 5
81 80 5
80 79 5
79 92 5
F6
512
45 42 6
42 39 6
39 40 6
40 36 6
36 37 6
37 33 6
33 98 6
F7
512
51 50 7
50 49 7
49 63 7
63 64 7
F8
1024
54 68 8
68 82 8
82 81 8
81 80 8
80 79 8
F9
1024
17 18 9
18 49 9
49 63 9
63 77 9
F10
1024
72 20 10
20 17 10
17 14 10
14 11 10
11 8 10
8 9 10
9 6 10
F11
1024
45 42 11
42 39 11
39 40 11
40 36 11
36 37 11
37 33 11
33 98 11
F12
1024
52 51 12
51 50 12
50 49 12
49 63 12
63 64 12
64 65 12
F13
1024
43 38 13
38 40 13
40 36 13
36 32 13
32 29 13
29 27 13
27 26 13
F14
1024
43 38 14
38 40 14
40 36 14
36 32 14
32 29 14
29 27 14
27 26 14
F15
1024
93 78 15
78 64 15
64 63 15
63 49 15
49 18 15
18 16 15
16 12 15
F16
1024
70 69 16
69 68 16
68 82 16
82 81 16
F17
1024
41 40 17
40 36 17
36 37 17
37 73 17
F18
1024
69 68 18
68 82 18
82 81 18
81 80 18
F19
1024
66 80 19
80 81 19
81 82 19
82 68 19
F20
1024
21 19 20
19 17 20
17 14 20
14 11 20
11 8 20
8 5 20
