F1
256
21 19 1
19 17 1
17 14 1
14 11 1
11 8 1
8 5 1
F2
256
97 76 2
76 77 2
77 63 2
63 49 2
49 48 2
48 16 2
16 14 2
F3
256
74 75 3
75 76 3
76 77 3
77 63 3
63 64 3
64 78 3
78 77 3
77 94 3
F4
256
19 15 4
15 13 4
13 11 4
11 12 4
12 10 4
F5
256
4 9 5
9 8 5
8 11 5
11 12 5
12 47 5
47 46 5
F6
512
21 19 6
19 17 6
17 14 6
14 11 6
11 8 6
8 5 6
F7
512
51 50 7
50 49 7
49 63 7
63 64 7
F8
512
86 87 8
87 88 8
88 83 8
83 82 8
82 81 8
81 80 8
80 79 8
79 92 8
F9
512
45 42 9
42 39 9
39 40 9
40 36 9
36 37 9
37 33 9
33 98 9
F10
512
85 84 10
84 83 10
83 82 10
82 81 10
81 80 10
80 91 10
F11
512
58 19 11
19 15 11
15 13 11
13 11 11
11 8 11
8 10 11
10 7 11
F12
512
2 15 12
15 14 12
14 11 12
11 12 12
12 47 12
47 61 12
61 75 12
F13
512
50 64 13
64 63 13
63 77 13
77 76 13
F14
1024
71 56 14
56 38 14
38 40 14
40 36 14
36 32 14
32 34 14
34 31 14
31 28 14
F15
1024
69 68 15
68 82 15
82 81 15
81 80 15
F16
1024
42 41 16
41 40 16
40 36 16
36 37 16
37 73 16
73 98 16
98 100 16
F17
1024
51 50 17
50 49 17
49 63 17
63 64 17
F18
1024
1 13 18
13 11 18
11 12 18
12 47 18
47 61 18
61 60 18
F19
1024
19 15 19
15 13 19
13 11 19
11 12 19
12 10 19
F20
1024
42 41 20
41 40 20
40 36 20
36 37 20
37 73 20
73 98 20
98 100 20
