F1
256
88 83 1
83 69 1
69 55 1
55 54 1
54 53 1
F2
256
2 15 2
15 14 2
14 11 2
11 12 2
12 47 2
47 61 2
61 75 2
F3
256
21 19 3
19 17 3
17 14 3
14 11 3
11 8 3
8 5 3
F4
256
4 9 4
9 8 4
8 11 4
11 12 4
12 47 4
47 46 4
F5
256
23 20 5
20 17 5
17 14 5
14 11 5
11 12 5
12 16 5
F6
256
19 15 6
15 13 6
13 11 6
11 12 6
12 10 6
F7
512
70 69 7
69 68 7
68 82 7
82 81 7
F8
512
50 64 8
64 63 8
63 77 8
77 76 8
F9
512
86 87 9
87 88 9
88 83 9
83 82 9
82 81 9
81 80 9
80 79 9
79 92 9
F10
512
83 82 10
82 68 10
68 54 10
54 34 10
F11
512
56 55 11
55 54 11
54 68 11
68 82 11
82 81 11
81 67 11
F12
512
17 18 12
18 49 12
49 63 12
63 77 12
F13
512
51 50 13
50 49 13
49 63 13
63 64 13
F14
1024
44 19 14
19 15 14
15 14 14
14 11 14
11 12 14
12 47 14
47 48 14
48 49 14
F15
1024
41 40 15
40 36 15
36 37 15
37 73 15
F16
1024
19 15 16
15 13 16
13 11 16
11 12 16
12 10 16
F17
1024
54 68 17
68 82 17
82 81 17
81 80 17
80 79 17
F18
1024
50 64 18
64 63 18
63 77 18
77 76 18
F19
1024
27 29 19
29 32 19
32 36 19
36 35 19
35 55 19
F20
1024
95 76 20
76 77 20
77 63 20
63 49 20
49 50 20
50 22 20
22 18 20
