F1
256
3 6 1
6 9 1
9 13 1
13 11 1
11 14 1
14 16 1
16 48 1
48 62 1
F2
256
41 40 2
40 36 2
36 37 2
37 73 2
F3
256
4 9 3
9 8 3
8 11 3
11 12 3
12 47 3
47 46 3
F4
256
22 50 4
50 49 4
49 63 4
63 62 4
62 61 4
F5
256
50 64 5
64 63 5
63 77 5
77 76 5
F6
256
93 78 6
78 64 6
64 63 6
63 49 6
49 18 6
18 16 6
16 12 6
F7
256
74 75 7
75 76 7
76 77 7
77 63 7
63 64 7
64 78 7
78 77 7
77 94 7
F8
256
88 83 8
83 69 8
69 55 8
55 54 8
54 53 8
F9
512
58 19 9
19 15 9
15 13 9
13 11 9
11 8 9
8 10 9
10 7 9
F10
512
84 83 10
83 82 10
82 81 10
81 90 10
F11
512
95 76 11
76 77 11
77 63 11
63 49 11
49 50 11
50 22 11
22 18 11
F12
512
66 80 12
80 81 12
81 82 12
82 68 12
F13
512
84 83 13
83 82 13
82 81 13
81 90 13
F14
512
43 38 14
38 40 14
40 36 14
36 32 14
32 29 14
29 27 14
27 26 14
F15
1024
23 20 15
20 17 15
17 14 15
14 11 15
11 12 15
12 16 15
F16
1024
95 76 16
76 77 16
77 63 16
63 49 16
49 50 16
50 22 16
22 18 16
F17
1024
19 15 17
15 13 17
13 11 17
11 12 17
12 10 17
F18
1024
93 78 18
78 64 18
64 63 18
63 49 18
49 18 18
18 16 18
16 12 18
F19
1024
71 56 19
56 38 19
38 40 19
40 36 19
36 32 19
32 34 19
34 31 19
31 28 19
F20
1024
50 64 20
64 63 20
63 77 20
77 76 20
