F1
256
2 15 1
15 14 1
14 11 1
11 12 1
12 47 1
47 61 1
61 75 1
F2
256
9 8 2
8 11 2
11 14 2
14 15 2
F3
256
56 55 3
55 54 3
54 68 3
68 82 3
82 81 3
81 67 3
F4
256
52 51 4
51 50 4
50 49 4
49 63 4
63 64 4
64 65 4
F5
256
4 9 5
9 8 5
8 11 5
11 12 5
12 47 5
47 46 5
F6
256
66 80 6
80 81 6
81 82 6
82 68 6
F7
256
57 56 7
56 55 7
55 35 7
35 36 7
36 32 7
32 29 7
29 30 7
F8
256
85 84 8
84 83 8
83 82 8
82 81 8
81 80 8
80 91 8
F9
256
57 56 9
56 55 9
55 35 9
35 36 9
36 32 9
32 29 9
29 30 9
F10
512
45 42 10
42 39 10
39 40 10
40 36 10
36 37 10
37 33 10
33 98 10
F11
512
88 83 11
83 69 11
69 55 11
55 54 11
54 53 11
F12
512
4 9 12
9 8 12
8 11 12
11 12 12
12 47 12
47 46 12
F13
512
70 69 13
69 68 13
68 82 13
82 81 13
F14
512
69 68 14
68 82 14
82 81 14
81 80 14
F15
1024
83 82 15
82 68 15
68 54 15
54 34 15
F16
1024
43 38 16
38 40 16
40 36 16
36 32 16
32 29 16
29 27 16
27 26 16
F17
1024
69 68 17
68 82 17
82 81 17
81 80 17
F18
1024
95 76 18
76 77 18
77 63 18
63 49 18
49 50 18
50 22 18
22 18 18
F19
1024
83 82 19
82 68 19
68 54 19
54 34 19
F20
1024
17 18 20
18 49 20
49 63 20
63 77 20
