F1
256
17 18 1
18 49 1
49 63 1
63 77 1
F2
256
50 64 2
64 63 2
63 77 2
77 76 2
F3
256
69 68 3
68 82 3
82 81 3
81 80 3
F4
256
96 95 4
95 76 4
75 77 4
77 63 4
63 49 4
49 18 4
18 17 4
17 20 4
F5
256
74 75 5
75 76 5
76 77 5
77 63 5
63 64 5
64 78 5
78 77 5
77 94 5
F6
256
85 84 6
84 83 6
83 82 6
82 81 6
81 80 6
80 91 6
F7
256
9 8 7
8 11 7
11 14 7
14 15 7
F8
512
23 20 8
20 17 8
17 14 8
14 11 8
11 12 8
12 16 8
F9
512
42 41 9
41 40 9
40 36 9
36 37 9
37 73 9
73 98 9
98 100 9
F10
512
56 55 10
55 54 10
54 68 10
68 82 10
82 81 10
81 67 10
F11
512
43 38 11
38 40 11
40 36 11
36 32 11
32 29 11
29 27 11
27 26 11
F12
512
86 87 12
87 88 12
88 83 12
83 82 12
82 81 12
81 80 12
80 79 12
79 92 12
F13
512
93 78 13
78 64 13
64 63 13
63 49 13
49 18 13
18 16 13
16 12 13
F14
1024
22 50 14
50 49 14
49 63 14
63 62 14
62 61 14
F15
1024
66 80 15
80 81 15
81 82 15
82 68 15
F16
1024
19 15 16
15 13 16
13 11 16
11 12 16
12 10 16
F17
1024
2 15 17
15 14 17
14 11 17
11 12 17
12 47 17
47 61 17
61 75 17
F18
1024
27 29 18
29 32 18
32 36 18
36 35 18
35 55 18
F19
1024
43 38 19
38 40 19
40 36 19
36 32 19
32 29 19
29 27 19
27 26 19
F20
1024
51 50 20
50 49 20
49 63 20
63 64 20
