F1
256
71 56 1
56 38 1
38 40 1
40 36 1
36 32 1
32 34 1
34 31 1
31 28 1
F2
256
54 68 2
68 82 2
82 81 2
81 80 2
80 79 2
F3
256
84 83 3
83 82 3
82 81 3
81 90 3
F4
256
27 29 4
29 32 4
32 36 4
36 35 4
35 55 4
F5
256
44 19 5
19 15 5
15 14 5
14 11 5
11 12 5
12 47 5
47 48 5
48 49 5
F6
256
86 87 6
87 88 6
88 83 6
83 82 6
82 81 6
81 80 6
80 79 6
79 92 6
F7
512
56 55 7
55 54 7
54 68 7
68 82 7
82 81 7
81 67 7
F8
512
43 38 8
38 40 8
40 36 8
36 32 8
32 29 8
29 27 8
27 26 8
F9
512
3 6 9
6 9 9
9 13 9
13 11 9
11 14 9
14 16 9
16 48 9
48 62 9
F10
512
43 38 10
38 40 10
40 36 10
36 32 10
32 29 10
29 27 10
27 26 10
F11
512
58 19 11
19 15 11
15 13 11
13 11 11
11 8 11
8 10 11
10 7 11
F12
512
27 29 12
29 32 12
32 36 12
36 35 12
35 55 12
F13
512
93 78 13
78 64 13
64 63 13
63 49 13
49 18 13
18 16 13
16 12 13
F14
1024
97 76 14
76 77 14
77 63 14
63 49 14
49 48 14
48 16 14
16 14 14
F15
1024
22 50 15
50 49 15
49 63 15
63 62 15
62 61 15
F16
1024
70 69 16
69 68 16
68 82 16
82 81 16
F17
1024
2 15 17
15 14 17
14 11 17
11 12 17
12 47 17
47 61 17
61 75 17
F18
1024
97 76 18
76 77 18
77 63 18
63 49 18
49 48 18
48 16 18
16 14 18
F19
1024
41 40 19
40 36 19
36 37 19
37 73 19
F20
1024
70 69 20
69 68 20
68 82 20
82 81 20
