F1
256
43 38 1
38 40 1
40 36 1
36 32 1
32 29 1
29 27 1
27 26 1
F2
256
44 19 2
19 15 2
15 14 2
14 11 2
11 12 2
12 47 2
47 48 2
48 49 2
F3
256
17 18 3
18 49 3
49 63 3
63 77 3
F4
256
85 84 4
84 83 4
83 82 4
82 81 4
81 80 4
80 91 4
F5
256
22 50 5
50 49 5
49 63 5
63 62 5
62 61 5
F6
512
52 51 6
51 50 6
50 49 6
49 63 6
63 64 6
64 65 6
F7
512
83 82 7
82 68 7
68 54 7
54 34 7
F8
512
56 55 8
55 54 8
54 68 8
68 82 8
82 81 8
81 67 8
F9
512
22 50 9
50 49 9
49 63 9
63 62 9
62 61 9
F10
512
74 75 10
75 76 10
76 77 10
77 63 10
63 64 10
64 78 10
78 77 10
77 94 10
F11
512
27 29 11
29 32 11
32 36 11
36 35 11
35 55 11
F12
512
41 40 12
40 36 12
36 37 12
37 73 12
F13
512
86 87 13
87 88 13
88 83 13
83 82 13
82 81 13
81 80 13
80 79 13
79 92 13
F14
512
21 19 14
19 17 14
17 14 14
14 11 14
11 8 14
8 5 14
F15
512
50 64 15
64 63 15
63 77 15
77 76 15
F16
1024
2 15 16
15 14 16
14 11 16
11 12 16
12 47 16
47 61 16
61 75 16
F17
1024
27 29 17
29 32 17
32 36 17
36 35 17
35 55 17
F18
1024
95 76 18
76 77 18
77 63 18
63 49 18
49 50 18
50 22 18
22 18 18
F19
1024
97 76 19
76 77 19
77 63 19
63 49 19
49 48 19
48 16 19
16 14 19
F20
1024
51 50 20
50 49 20
49 63 20
63 64 20
