F1
256
71 56 1
56 38 1
38 40 1
40 36 1
36 32 1
32 34 1
34 31 1
31 28 1
F2
256
95 76 2
76 77 2
77 63 2
63 49 2
49 50 2
50 22 2
22 18 2
F3
256
51 50 3
50 49 3
49 63 3
63 64 3
F4
256
41 40 4
40 36 4
36 37 4
37 73 4
F5
256
97 76 5
76 77 5
77 63 5
63 49 5
49 48 5
48 16 5
16 14 5
F6
256
3 6 6
6 9 6
9 13 6
13 11 6
11 14 6
14 16 6
16 48 6
48 62 6
F7
256
69 68 7
68 82 7
82 81 7
81 80 7
F8
256
85 84 8
84 83 8
83 82 8
82 81 8
81 80 8
80 91 8
F9
256
87 84 9
84 83 9
83 82 9
82 89 9
F10
512
84 83 10
83 82 10
82 81 10
81 90 10
F11
512
41 40 11
40 36 11
36 37 11
37 73 11
F12
1024
22 50 12
50 49 12
49 63 12
63 62 12
62 61 12
F13
1024
3 6 13
6 9 13
9 13 13
13 11 13
11 14 13
14 16 13
16 48 13
48 62 13
F14
1024
27 29 14
29 32 14
32 36 14
36 35 14
35 55 14
F15
1024
3 6 15
6 9 15
9 13 15
13 11 15
11 14 15
14 16 15
16 48 15
48 62 15
F16
1024
19 15 16
15 13 16
13 11 16
11 12 16
12 10 16
F17
1024
1 13 17
13 11 17
11 12 17
12 47 17
47 61 17
61 60 17
F18
1024
88 83 18
83 69 18
69 55 18
55 54 18
54 53 18
F19
1024
87 84 19
84 83 19
83 82 19
82 89 19
F20
1024
70 69 20
69 68 20
68 82 20
82 81 20
