F1
256
21 19 1
19 17 1
17 14 1
14 11 1
11 8 1
8 5 1
F2
256
88 83 2
83 69 2
69 55 2
55 54 2
54 53 2
F3
256
74 75 3
75 76 3
76 77 3
77 63 3
63 64 3
64 78 3
78 77 3
77 94 3
F4
256
19 15 4
15 13 4
13 11 4
11 12 4
12 10 4
F5
256
42 41 5
41 40 5
40 36 5
36 37 5
37 73 5
73 98 5
98 100 5
F6
256
88 83 6
83 69 6
69 55 6
55 54 6
54 53 6
F7
256
93 78 7
78 64 7
64 63 7
63 49 7
49 18 7
18 16 7
16 12 7
F8
256
27 29 8
29 32 8
32 36 8
36 35 8
35 55 8
F9
256
74 75 9
75 76 9
76 77 9
77 63 9
63 64 9
64 78 9
78 77 9
77 94 9
F10
512
72 20 10
20 17 10
17 14 10
14 11 10
11 8 10
8 9 10
9 6 10
F11
512
1 13 11
13 11 11
11 12 11
12 47 11
47 61 11
61 60 11
F12
512
86 87 12
87 88 12
88 83 12
83 82 12
82 81 12
81 80 12
80 79 12
79 92 12
F13
512
87 84 13
84 83 13
83 82 13
82 89 13
F14
512
54 68 14
68 82 14
82 81 14
81 80 14
80 79 14
F15
512
2 15 15
15 14 15
14 11 15
11 12 15
12 47 15
47 61 15
61 75 15
F16
1024
58 19 16
19 15 16
15 13 16
13 11 16
11 8 16
8 10 16
10 7 16
F17
1024
95 76 17
76 77 17
77 63 17
63 49 17
49 50 17
50 22 17
22 18 17
F18
1024
42 41 18
41 40 18
40 36 18
36 37 18
37 73 18
73 98 18
98 100 18
F19
1024
95 76 19
76 77 19
77 63 19
63 49 19
49 50 19
50 22 19
22 18 19
F20
1024
44 19 20
19 15 20
15 14 20
14 11 20
11 12 20
12 47 20
47 48 20
48 49 20
