F1
256
56 55 1
55 54 1
54 68 1
68 82 1
82 81 1
81 67 1
F2
256
4 9 2
9 8 2
8 11 2
11 12 2
12 47 2
47 46 2
F3
256
3 6 3
6 9 3
9 13 3
13 11 3
11 14 3
14 16 3
16 48 3
48 62 3
F4
256
59 39 4
39 40 4
40 36 4
36 37 4
37 33 4
33 98 4
F5
256
2 15 5
15 14 5
14 11 5
11 12 5
12 47 5
47 61 5
61 75 5
F6
256
70 69 6
69 68 6
68 82 6
82 81 6
F7
256
56 55 7
55 54 7
54 68 7
68 82 7
82 81 7
81 67 7
F8
256
97 76 8
76 77 8
77 63 8
63 49 8
49 48 8
48 16 8
16 14 8
F9
256
52 51 9
51 50 9
50 49 9
49 63 9
63 64 9
64 65 9
F10
512
66 80 10
80 81 10
81 82 10
82 68 10
F11
512
42 41 11
41 40 11
40 36 11
36 37 11
37 73 11
73 98 11
98 100 11
F12
512
52 51 12
51 50 12
50 49 12
49 63 12
63 64 12
64 65 12
F13
512
52 51 13
51 50 13
50 49 13
49 63 13
63 64 13
64 65 13
F14
512
69 68 14
68 82 14
82 81 14
81 80 14
F15
512
71 56 15
56 38 15
38 40 15
40 36 15
36 32 15
32 34 15
34 31 15
31 28 15
F16
1024
51 50 16
50 49 16
49 63 16
63 64 16
F17
1024
52 51 17
51 50 17
50 49 17
49 63 17
63 64 17
64 65 17
F18
1024
87 84 18
84 83 18
83 82 18
82 89 18
F19
1024
43 38 19
38 40 19
40 36 19
36 32 19
32 29 19
29 27 19
27 26 19
F20
1024
1 13 20
13 11 20
11 12 20
12 47 20
47 61 20
61 60 20
