F1
256
25 28 1
28 61 1
61 76 1
76 98 1
98 63 1
63 65 1
F2
256
54 31 2
31 41 2
41 8 2
8 35 2
35 56 2
56 58 2
58 16 2
F3
256
72 50 3
50 53 3
53 73 3
F4
256
21 16 4
16 11 4
11 14 4
F5
256
94 97 5
97 86 5
86 68 5
68 76 5
76 82 5
82 74 5
F6
256
80 78 6
78 93 6
93 68 6
68 76 6
76 100 6
100 91 6
F7
256
48 34 7
34 33 7
33 50 7
50 53 7
53 73 7
73 51 7
F8
256
10 12 8
12 14 8
14 11 8
11 56 8
56 79 8
79 75 8
F9
512
20 58 9
58 11 9
11 13 9
13 9 9
F10
512
5 7 10
7 9 10
9 13 10
13 11 10
11 16 10
16 21 10
21 26 10
26 19 10
F11
512
46 52 11
52 58 11
58 11 11
11 16 11
16 21 11
21 24 11
24 15 11
F12
512
90 85 12
85 100 12
100 76 12
76 61 12
61 28 12
28 25 12
25 30 12
F13
512
47 33 13
33 50 13
50 39 13
F14
512
47 33 14
33 50 14
50 39 14
F15
512
66 49 15
49 83 15
83 35 15
35 56 15
F16
512
4 41 16
41 55 16
55 35 16
35 13 16
F17
512
24 20 17
20 16 17
16 11 17
11 13 17
13 12 17
F18
512
8 35 18
35 55 18
55 41 18
F19
512
17 14 19
14 11 19
11 56 19
56 79 19
79 88 19
F20
512
3 4 20
4 41 20
41 8 20
8 35 20
35 83 20
83 49 20
49 66 20
66 59 20
F21
1024
10 12 21
12 14 21
14 11 21
11 56 21
56 79 21
79 75 21
F22
1024
90 85 22
85 100 22
100 76 22
76 61 22
61 28 22
28 25 22
25 30 22
F23
1024
94 97 23
97 86 23
86 68 23
68 76 23
76 82 23
82 74 23
F24
1024
99 89 24
89 87 24
87 53 24
53 50 24
50 33 24
33 32 24
32 29 24
F25
1024
1 6 25
6 8 25
8 35 25
35 56 25
56 44 25
44 60 25
F26
1024
4 41 26
41 55 26
55 35 26
35 13 26
F27
1024
8 35 27
35 55 27
55 41 27
F28
1024
84 73 28
73 53 28
53 50 28
50 39 28
39 36 28
F29
1024
22 21 29
21 16 29
16 11 29
11 58 29
58 44 29
44 60 29
F30
1024
72 50 30
50 53 30
53 73 30
