F1
256
43 4 1
4 6 1
6 8 1
8 35 1
35 55 1
F2
256
18 14 2
14 11 2
11 56 2
56 83 2
83 49 2
49 69 2
F3
256
22 18 3
18 14 3
14 11 3
11 58 3
58 52 3
52 71 3
F4
256
99 89 4
89 87 4
87 53 4
53 50 4
50 33 4
33 32 4
32 29 4
F5
256
25 28 5
28 61 5
61 76 5
76 98 5
98 63 5
63 65 5
F6
256
22 18 6
18 14 6
14 11 6
11 58 6
58 52 6
52 71 6
F7
256
43 4 7
4 6 7
6 8 7
8 35 7
35 55 7
F8
256
8 35 8
35 55 8
55 41 8
F9
256
80 78 9
78 93 9
93 68 9
68 76 9
76 100 9
100 91 9
F10
256
22 21 10
21 16 10
16 11 10
11 58 10
58 44 10
44 60 10
F11
256
37 32 11
32 39 11
39 50 11
50 28 11
28 23 11
23 40 11
F12
256
2 1 12
1 6 12
6 8 12
8 35 12
35 55 12
55 67 12
67 62 12
62 64 12
F13
256
2 1 13
1 6 13
6 8 13
8 35 13
35 55 13
55 67 13
67 62 13
62 64 13
F14
256
25 28 14
28 61 14
61 76 14
76 98 14
98 63 14
63 65 14
F15
256
8 35 15
35 55 15
55 41 15
F16
512
8 35 16
35 55 16
55 41 16
F17
512
20 58 17
58 11 17
11 13 17
13 9 17
F18
512
37 32 18
32 39 18
39 50 18
50 28 18
28 23 18
23 40 18
F19
512
1 6 19
6 8 19
8 35 19
35 56 19
56 44 19
44 60 19
F20
512
100 76 20
76 98 20
98 63 20
F21
512
42 77 21
77 70 21
70 98 21
98 76 21
76 68 21
68 87 21
F22
512
10 12 22
12 14 22
14 11 22
11 56 22
56 79 22
79 75 22
F23
1024
27 63 23
63 98 23
98 76 23
76 61 23
61 28 23
F24
1024
72 50 24
50 53 24
53 73 24
F25
1024
37 32 25
32 39 25
39 50 25
50 28 25
28 23 25
23 40 25
F26
1024
79 56 26
56 35 26
35 55 26
55 67 26
F27
1024
43 4 27
4 6 27
6 8 27
8 35 27
35 55 27
F28
1024
27 63 28
63 98 28
98 76 28
76 61 28
61 28 28
F29
1024
4 41 29
41 55 29
55 35 29
35 13 29
F30
1024
47 33 30
33 50 30
50 39 30
