F1
256
37 32 1
32 39 1
39 50 1
50 28 1
28 23 1
23 40 1
F2
256
84 73 2
73 53 2
53 50 2
50 39 2
39 36 2
F3
256
2 1 3
1 6 3
6 8 3
8 35 3
35 55 3
55 67 3
67 62 3
62 64 3
F4
256
37 32 4
32 39 4
39 50 4
50 28 4
28 23 4
23 40 4
F5
256
3 4 5
4 41 5
41 8 5
8 35 5
35 83 5
83 49 5
49 66 5
66 59 5
F6
256
66 49 6
49 83 6
83 35 6
35 56 6
F7
512
92 96 7
96 93 7
93 68 7
68 76 7
76 82 7
82 95 7
F8
512
42 77 8
77 70 8
70 98 8
98 76 8
76 68 8
68 87 8
F9
512
33 50 9
50 57 9
F10
512
46 52 10
52 58 10
58 11 10
11 16 10
16 21 10
21 24 10
24 15 10
F11
512
89 87 11
87 68 11
68 76 11
76 61 11
F12
512
3 4 12
4 41 12
41 8 12
8 35 12
35 83 12
83 49 12
49 66 12
66 59 12
F13
512
4 41 13
41 55 13
55 35 13
35 13 13
F14
512
54 31 14
31 41 14
41 8 14
8 35 14
35 56 14
56 58 14
58 16 14
F15
512
66 49 15
49 83 15
83 35 15
35 56 15
F16
512
84 73 16
73 53 16
53 50 16
50 39 16
39 36 16
F17
512
84 73 17
73 53 17
53 50 17
50 39 17
39 36 17
F18
512
21 16 18
16 11 18
11 14 18
F19
512
33 50 19
50 57 19
F20
512
99 89 20
89 87 20
87 53 20
53 50 20
50 33 20
33 32 20
32 29 20
F21
512
25 28 21
28 61 21
61 76 21
76 98 21
98 63 21
63 65 21
F22
1024
33 50 22
50 57 22
F23
1024
46 52 23
52 58 23
58 11 23
11 16 23
16 21 23
21 24 23
24 15 23
F24
1024
10 12 24
12 14 24
14 11 24
11 56 24
56 79 24
79 75 24
F25
1024
94 97 25
97 86 25
86 68 25
68 76 25
76 82 25
82 74 25
F26
1024
47 33 26
33 50 26
50 39 26
F27
1024
22 21 27
21 16 27
16 11 27
11 58 27
58 44 27
44 60 27
F28
1024
47 33 28
33 50 28
50 39 28
F29
1024
37 32 29
32 39 29
39 50 29
50 28 29
28 23 29
23 40 29
F30
1024
26 21 30
21 16 30
16 11 30
11 58 30
58 56 30
56 83 30
