F1
256
27 63 1
63 98 1
98 76 1
76 61 1
61 28 1
F2
256
27 63 2
63 98 2
98 76 2
76 61 2
61 28 2
F3
256
17 14 3
14 11 3
11 56 3
56 79 3
79 88 3
F4
256
24 20 4
20 16 4
16 11 4
11 13 4
13 12 4
F5
256
47 33 5
33 50 5
50 39 5
F6
256
37 32 6
32 39 6
39 50 6
50 28 6
28 23 6
23 40 6
F7
256
20 58 7
58 11 7
11 13 7
13 9 7
F8
256
79 56 8
56 35 8
35 55 8
55 67 8
F9
256
25 28 9
28 61 9
61 76 9
76 98 9
98 63 9
63 65 9
F10
256
66 49 10
49 83 10
83 35 10
35 56 10
F11
256
10 12 11
12 14 11
14 11 11
11 56 11
56 79 11
79 75 11
F12
256
2 1 12
1 6 12
6 8 12
8 35 12
35 55 12
55 67 12
67 62 12
62 64 12
F13
256
20 58 13
58 11 13
11 13 13
13 9 13
F14
256
66 49 14
49 83 14
83 35 14
35 56 14
F15
512
99 89 15
89 87 15
87 53 15
53 50 15
50 33 15
33 32 15
32 29 15
F16
512
2 1 16
1 6 16
6 8 16
8 35 16
35 55 16
55 67 16
67 62 16
62 64 16
F17
512
22 21 17
21 16 17
16 11 17
11 58 17
58 44 17
44 60 17
F18
512
100 76 18
76 98 18
98 63 18
F19
512
42 77 19
77 70 19
70 98 19
98 76 19
76 68 19
68 87 19
F20
1024
10 12 20
12 14 20
14 11 20
11 56 20
56 79 20
79 75 20
F21
1024
46 52 21
52 58 21
58 11 21
11 16 21
16 21 21
21 24 21
24 15 21
F22
1024
22 18 22
18 14 22
14 11 22
11 58 22
58 52 22
52 71 22
F23
1024
43 4 23
4 6 23
6 8 23
8 35 23
35 55 23
F24
1024
54 31 24
31 41 24
41 8 24
8 35 24
35 56 24
56 58 24
58 16 24
F25
1024
100 76 25
76 98 25
98 63 25
F26
1024
17 14 26
14 11 26
11 56 26
56 79 26
79 88 26
F27
1024
22 21 27
21 16 27
16 11 27
11 58 27
58 44 27
44 60 27
F28
1024
1 6 28
6 8 28
8 35 28
35 56 28
56 44 28
44 60 28
F29
1024
48 34 29
34 33 29
33 50 29
50 53 29
53 73 29
73 51 29
F30
1024
37 32 30
32 39 30
39 50 30
50 28 30
28 23 30
23 40 30
