F1
256
84 73 1
73 53 1
53 50 1
50 39 1
39 36 1
F2
256
37 32 2
32 39 2
39 50 2
50 28 2
28 23 2
23 40 2
F3
256
72 50 3
50 53 3
53 73 3
F4
256
5 7 4
7 9 4
9 13 4
13 11 4
11 16 4
16 21 4
21 26 4
26 19 4
F5
256
94 97 5
97 86 5
86 68 5
68 76 5
76 82 5
82 74 5
F6
256
37 32 6
32 39 6
39 50 6
50 28 6
28 23 6
23 40 6
F7
256
1 6 7
6 8 7
8 35 7
35 56 7
56 44 7
44 60 7
F8
256
20 58 8
58 11 8
11 13 8
13 9 8
F9
512
38 47 9
47 53 9
53 50 9
50 72 9
72 68 9
68 93 9
F10
512
18 14 10
14 11 10
11 56 10
56 83 10
83 49 10
49 69 10
F11
512
79 56 11
56 35 11
35 55 11
55 67 11
F12
512
33 50 12
50 57 12
F13
512
89 87 13
87 68 13
68 76 13
76 61 13
F14
512
38 47 14
47 53 14
53 50 14
50 72 14
72 68 14
68 93 14
F15
512
20 58 15
58 11 15
11 13 15
13 9 15
F16
512
46 52 16
52 58 16
58 11 16
11 16 16
16 21 16
21 24 16
24 15 16
F17
512
8 35 17
35 55 17
55 41 17
F18
512
66 49 18
49 83 18
83 35 18
35 56 18
F19
512
89 87 19
87 68 19
68 76 19
76 61 19
F20
512
66 49 20
49 83 20
83 35 20
35 56 20
F21
512
38 47 21
47 53 21
53 50 21
50 72 21
72 68 21
68 93 21
F22
512
33 50 22
50 57 22
F23
512
7 9 23
9 13 23
13 11 23
11 58 23
58 52 23
F24
512
66 49 24
49 83 24
83 35 24
35 56 24
F25
1024
3 4 25
4 41 25
41 8 25
8 35 25
35 83 25
83 49 25
49 66 25
66 59 25
F26
1024
46 52 26
52 58 26
58 11 26
11 16 26
16 21 26
21 24 26
24 15 26
F27
1024
85 91 27
91 100 27
100 76 27
76 82 27
82 74 27
74 81 27
F28
1024
4 41 28
41 55 28
55 35 28
35 13 28
F29
1024
20 58 29
58 11 29
11 13 29
13 9 29
F30
1024
3 4 30
4 41 30
41 8 30
8 35 30
35 83 30
83 49 30
49 66 30
66 59 30
