F1
256
43 4 1
4 6 1
6 8 1
8 35 1
35 55 1
F2
256
22 21 2
21 16 2
16 11 2
11 58 2
58 44 2
44 60 2
F3
256
21 16 3
16 11 3
11 14 3
F4
256
24 20 4
20 16 4
16 11 4
11 13 4
13 12 4
F5
256
18 14 5
14 11 5
11 56 5
56 83 5
83 49 5
49 69 5
F6
256
17 14 6
14 11 6
11 56 6
56 79 6
79 88 6
F7
256
38 47 7
47 53 7
53 50 7
50 72 7
72 68 7
68 93 7
F8
256
4 41 8
41 55 8
55 35 8
35 13 8
F9
256
79 56 9
56 35 9
35 55 9
55 67 9
F10
256
47 33 10
33 50 10
50 39 10
F11
256
80 78 11
78 93 11
93 68 11
68 76 11
76 100 11
100 91 11
F12
256
3 4 12
4 41 12
41 8 12
8 35 12
35 83 12
83 49 12
49 66 12
66 59 12
F13
256
3 4 13
4 41 13
41 8 13
8 35 13
35 83 13
83 49 13
49 66 13
66 59 13
F14
512
66 49 14
49 83 14
83 35 14
35 56 14
F15
512
42 77 15
77 70 15
70 98 15
98 76 15
76 68 15
68 87 15
F16
512
22 18 16
18 14 16
14 11 16
11 58 16
58 52 16
52 71 16
F17
512
54 31 17
31 41 17
41 8 17
8 35 17
35 56 17
56 58 17
58 16 17
F18
512
46 52 18
52 58 18
58 11 18
11 16 18
16 21 18
21 24 18
24 15 18
F19
512
43 4 19
4 6 19
6 8 19
8 35 19
35 55 19
F20
1024
90 85 20
85 100 20
100 76 20
76 61 20
61 28 20
28 25 20
25 30 20
F21
1024
10 12 21
12 14 21
14 11 21
11 56 21
56 79 21
79 75 21
F22
1024
72 50 22
50 53 22
53 73 22
F23
1024
22 18 23
18 14 23
14 11 23
11 58 23
58 52 23
52 71 23
F24
1024
47 33 24
33 50 24
50 39 24
F25
1024
92 96 25
96 93 25
93 68 25
68 76 25
76 82 25
82 95 25
F26
1024
24 20 26
20 16 26
16 11 26
11 13 26
13 12 26
F27
1024
37 32 27
32 39 27
39 50 27
50 28 27
28 23 27
23 40 27
F28
1024
99 89 28
89 87 28
87 53 28
53 50 28
50 33 28
33 32 28
32 29 28
F29
1024
3 4 29
4 41 29
41 8 29
8 35 29
35 83 29
83 49 29
49 66 29
66 59 29
F30
1024
99 89 30
89 87 30
87 53 30
53 50 30
50 33 30
33 32 30
32 29 30
