F1
256
85 91 1
91 100 1
100 76 1
76 82 1
82 74 1
74 81 1
F2
256
72 50 2
50 53 2
53 73 2
F3
256
48 34 3
34 33 3
33 50 3
50 53 3
53 73 3
73 51 3
F4
256
46 52 4
52 58 4
58 11 4
11 16 4
16 21 4
21 24 4
24 15 4
F5
256
94 97 5
97 86 5
86 68 5
68 76 5
76 82 5
82 74 5
F6
256
24 20 6
20 16 6
16 11 6
11 13 6
13 12 6
F7
256
17 14 7
14 11 7
11 56 7
56 79 7
79 88 7
F8
256
22 18 8
18 14 8
14 11 8
11 58 8
58 52 8
52 71 8
F9
256
92 96 9
96 93 9
93 68 9
68 76 9
76 82 9
82 95 9
F10
256
48 34 10
34 33 10
33 50 10
50 53 10
53 73 10
73 51 10
F11
256
17 14 11
14 11 11
11 56 11
56 79 11
79 88 11
F12
512
54 31 12
31 41 12
41 8 12
8 35 12
35 56 12
56 58 12
58 16 12
F13
512
42 77 13
77 70 13
70 98 13
98 76 13
76 68 13
68 87 13
F14
512
43 4 14
4 6 14
6 8 14
8 35 14
35 55 14
F15
512
66 49 15
49 83 15
83 35 15
35 56 15
F16
512
48 34 16
34 33 16
33 50 16
50 53 16
53 73 16
73 51 16
F17
512
20 58 17
58 11 17
11 13 17
13 9 17
F18
512
18 14 18
14 11 18
11 56 18
56 83 18
83 49 18
49 69 18
F19
512
48 34 19
34 33 19
33 50 19
50 53 19
53 73 19
73 51 19
F20
512
48 34 20
34 33 20
33 50 20
50 53 20
53 73 20
73 51 20
F21
1024
2 1 21
1 6 21
6 8 21
8 35 21
35 55 21
55 67 21
67 62 21
62 64 21
F22
1024
79 56 22
56 35 22
35 55 22
55 67 22
F23
1024
17 14 23
14 11 23
11 56 23
56 79 23
79 88 23
F24
1024
99 89 24
89 87 24
87 53 24
53 50 24
50 33 24
33 32 24
32 29 24
F25
1024
27 63 25
63 98 25
98 76 25
76 61 25
61 28 25
F26
1024
54 31 26
31 41 26
41 8 26
8 35 26
35 56 26
56 58 26
58 16 26
F27
1024
1 6 27
6 8 27
8 35 27
35 56 27
56 44 27
44 60 27
F28
1024
46 52 28
52 58 28
58 11 28
11 16 28
16 21 28
21 24 28
24 15 28
F29
1024
22 21 29
21 16 29
16 11 29
11 58 29
58 44 29
44 60 29
F30
1024
45 37 30
37 32 30
32 39 30
39 50 30
50 72 30
72 68 30
68 86 30
86 97 30
