F1
256
25 28 1
28 61 1
61 76 1
76 98 1
98 63 1
63 65 1
F2
256
4 41 2
41 55 2
55 35 2
35 13 2
F3
256
94 97 3
97 86 3
86 68 3
68 76 3
76 82 3
82 74 3
F4
256
100 76 4
76 98 4
98 63 4
F5
256
27 63 5
63 98 5
98 76 5
76 61 5
61 28 5
F6
256
8 35 6
35 55 6
55 41 6
F7
256
85 91 7
91 100 7
100 76 7
76 82 7
82 74 7
74 81 7
F8
256
48 34 8
34 33 8
33 50 8
50 53 8
53 73 8
73 51 8
F9
512
43 4 9
4 6 9
6 8 9
8 35 9
35 55 9
F10
512
54 31 10
31 41 10
41 8 10
8 35 10
35 56 10
56 58 10
58 16 10
F11
512
42 77 11
77 70 11
70 98 11
98 76 11
76 68 11
68 87 11
F12
512
92 96 12
96 93 12
93 68 12
68 76 12
76 82 12
82 95 12
F13
512
43 4 13
4 6 13
6 8 13
8 35 13
35 55 13
F14
512
5 7 14
7 9 14
9 13 14
13 11 14
11 16 14
16 21 14
21 26 14
26 19 14
F15
512
7 9 15
9 13 15
13 11 15
11 58 15
58 52 15
F16
512
80 78 16
78 93 16
93 68 16
68 76 16
76 100 16
100 91 16
F17
512
1 6 17
6 8 17
8 35 17
35 56 17
56 44 17
44 60 17
F18
512
33 50 18
50 57 18
F19
1024
72 50 19
50 53 19
53 73 19
F20
1024
5 7 20
7 9 20
9 13 20
13 11 20
11 16 20
16 21 20
21 26 20
26 19 20
F21
1024
72 50 21
50 53 21
53 73 21
F22
1024
21 16 22
16 11 22
11 14 22
F23
1024
99 89 23
89 87 23
87 53 23
53 50 23
50 33 23
33 32 23
32 29 23
F24
1024
25 28 24
28 61 24
61 76 24
76 98 24
98 63 24
63 65 24
F25
1024
94 97 25
97 86 25
86 68 25
68 76 25
76 82 25
82 74 25
F26
1024
2 1 26
1 6 26
6 8 26
8 35 26
35 55 26
55 67 26
67 62 26
62 64 26
F27
1024
47 33 27
33 50 27
50 39 27
F28
1024
90 85 28
85 100 28
100 76 28
76 61 28
61 28 28
28 25 28
25 30 28
F29
1024
42 77 29
77 70 29
70 98 29
98 76 29
76 68 29
68 87 29
F30
1024
22 21 30
21 16 30
16 11 30
11 58 30
58 44 30
44 60 30
