F1
256
100 76 1
76 98 1
98 63 1
F2
256
47 33 2
33 50 2
50 39 2
F3
256
90 85 3
85 100 3
100 76 3
76 61 3
61 28 3
28 25 3
25 30 3
F4
256
18 14 4
14 11 4
11 56 4
56 83 4
83 49 4
49 69 4
F5
512
2 1 5
1 6 5
6 8 5
8 35 5
35 55 5
55 67 5
67 62 5
62 64 5
F6
512
48 34 6
34 33 6
33 50 6
50 53 6
53 73 6
73 51 6
F7
512
90 85 7
85 100 7
100 76 7
76 61 7
61 28 7
28 25 7
25 30 7
F8
512
89 87 8
87 68 8
68 76 8
76 61 8
F9
512
24 20 9
20 16 9
16 11 9
11 13 9
13 12 9
F10
512
79 56 10
56 35 10
35 55 10
55 67 10
F11
512
43 4 11
4 6 11
6 8 11
8 35 11
35 55 11
F12
512
21 16 12
16 11 12
11 14 12
F13
512
37 32 13
32 39 13
39 50 13
50 28 13
28 23 13
23 40 13
F14
512
42 77 14
77 70 14
70 98 14
98 76 14
76 68 14
68 87 14
F15
512
100 76 15
76 98 15
98 63 15
F16
1024
90 85 16
85 100 16
100 76 16
76 61 16
61 28 16
28 25 16
25 30 16
F17
1024
94 97 17
97 86 17
86 68 17
68 76 17
76 82 17
82 74 17
F18
1024
48 34 18
34 33 18
33 50 18
50 53 18
53 73 18
73 51 18
F19
1024
21 16 19
16 11 19
11 14 19
F20
1024
21 16 20
16 11 20
11 14 20
F21
1024
3 4 21
4 41 21
41 8 21
8 35 21
35 83 21
83 49 21
49 66 21
66 59 21
F22
1024
79 56 22
56 35 22
35 55 22
55 67 22
F23
1024
3 4 23
4 41 23
41 8 23
8 35 23
35 83 23
83 49 23
49 66 23
66 59 23
F24
1024
18 14 24
14 11 24
11 56 24
56 83 24
83 49 24
49 69 24
F25
1024
89 87 25
87 68 25
68 76 25
76 61 25
F26
1024
85 91 26
91 100 26
100 76 26
76 82 26
82 74 26
74 81 26
F27
1024
33 50 27
50 57 27
F28
1024
3 4 28
4 41 28
41 8 28
8 35 28
35 83 28
83 49 28
49 66 28
66 59 28
F29
1024
3 4 29
4 41 29
41 8 29
8 35 29
35 83 29
83 49 29
49 66 29
66 59 29
F30
1024
72 50 30
50 53 30
53 73 30
