F1
256
54 31 1
31 41 1
41 8 1
8 35 1
35 56 1
56 58 1
58 16 1
F2
256
66 49 2
49 83 2
83 35 2
35 56 2
F3
256
2 1 3
1 6 3
6 8 3
8 35 3
35 55 3
55 67 3
67 62 3
62 64 3
F4
256
84 73 4
73 53 4
53 50 4
50 39 4
39 36 4
F5
256
33 50 5
50 57 5
F6
256
48 34 6
34 33 6
33 50 6
50 53 6
53 73 6
73 51 6
F7
256
94 97 7
97 86 7
86 68 7
68 76 7
76 82 7
82 74 7
F8
512
33 50 8
50 57 8
F9
512
80 78 9
78 93 9
93 68 9
68 76 9
76 100 9
100 91 9
F10
512
20 58 10
58 11 10
11 13 10
13 9 10
F11
512
72 50 11
50 53 11
53 73 11
F12
512
21 16 12
16 11 12
11 14 12
F13
512
79 56 13
56 35 13
35 55 13
55 67 13
F14
512
43 4 14
4 6 14
6 8 14
8 35 14
35 55 14
F15
512
72 50 15
50 53 15
53 73 15
F16
512
4 41 16
41 55 16
55 35 16
35 13 16
F17
512
85 91 17
91 100 17
100 76 17
76 82 17
82 74 17
74 81 17
F18
1024
80 78 18
78 93 18
93 68 18
68 76 18
76 100 18
100 91 18
F19
1024
84 73 19
73 53 19
53 50 19
50 39 19
39 36 19
F20
1024
89 87 20
87 68 20
68 76 20
76 61 20
F21
1024
18 14 21
14 11 21
11 56 21
56 83 21
83 49 21
49 69 21
F22
1024
85 91 22
91 100 22
100 76 22
76 82 22
82 74 22
74 81 22
F23
1024
3 4 23
4 41 23
41 8 23
8 35 23
35 83 23
83 49 23
49 66 23
66 59 23
F24
1024
90 85 24
85 100 24
100 76 24
76 61 24
61 28 24
28 25 24
25 30 24
F25
1024
22 21 25
21 16 25
16 11 25
11 58 25
58 44 25
44 60 25
F26
1024
100 76 26
76 98 26
98 63 26
F27
1024
26 21 27
21 16 27
16 11 27
11 58 27
58 56 27
56 83 27
F28
1024
20 58 28
58 11 28
11 13 28
13 9 28
F29
1024
10 12 29
12 14 29
14 11 29
11 56 29
56 79 29
79 75 29
F30
1024
2 1 30
1 6 30
6 8 30
8 35 30
35 55 30
55 67 30
67 62 30
62 64 30
