F1
256
5 7 1
7 9 1
9 13 1
13 11 1
11 16 1
16 21 1
21 26 1
26 19 1
F2
256
92 96 2
96 93 2
93 68 2
68 76 2
76 82 2
82 95 2
F3
256
80 78 3
78 93 3
93 68 3
68 76 3
76 100 3
100 91 3
F4
256
89 87 4
87 68 4
68 76 4
76 61 4
F5
256
10 12 5
12 14 5
14 11 5
11 56 5
56 79 5
79 75 5
F6
512
2 1 6
1 6 6
6 8 6
8 35 6
35 55 6
55 67 6
67 62 6
62 64 6
F7
512
89 87 7
87 68 7
68 76 7
76 61 7
F8
512
43 4 8
4 6 8
6 8 8
8 35 8
35 55 8
F9
512
25 28 9
28 61 9
61 76 9
76 98 9
98 63 9
63 65 9
F10
512
90 85 10
85 100 10
100 76 10
76 61 10
61 28 10
28 25 10
25 30 10
F11
512
42 77 11
77 70 11
70 98 11
98 76 11
76 68 11
68 87 11
F12
512
21 16 12
16 11 12
11 14 12
F13
512
22 18 13
18 14 13
14 11 13
11 58 13
58 52 13
52 71 13
F14
512
26 21 14
21 16 14
16 11 14
11 58 14
58 56 14
56 83 14
F15
512
24 20 15
20 16 15
16 11 15
11 13 15
13 12 15
F16
512
4 41 16
41 55 16
55 35 16
35 13 16
F17
512
99 89 17
89 87 17
87 53 17
53 50 17
50 33 17
33 32 17
32 29 17
F18
1024
48 34 18
34 33 18
33 50 18
50 53 18
53 73 18
73 51 18
F19
1024
92 96 19
96 93 19
93 68 19
68 76 19
76 82 19
82 95 19
F20
1024
33 50 20
50 57 20
F21
1024
72 50 21
50 53 21
53 73 21
F22
1024
24 20 22
20 16 22
16 11 22
11 13 22
13 12 22
F23
1024
54 31 23
31 41 23
41 8 23
8 35 23
35 56 23
56 58 23
58 16 23
F24
1024
7 9 24
9 13 24
13 11 24
11 58 24
58 52 24
F25
1024
26 21 25
21 16 25
16 11 25
11 58 25
58 56 25
56 83 25
F26
1024
18 14 26
14 11 26
11 56 26
56 83 26
83 49 26
49 69 26
F27
1024
22 18 27
18 14 27
14 11 27
11 58 27
58 52 27
52 71 27
F28
1024
94 97 28
97 86 28
86 68 28
68 76 28
76 82 28
82 74 28
F29
1024
99 89 29
89 87 29
87 53 29
53 50 29
50 33 29
33 32 29
32 29 29
F30
1024
90 85 30
85 100 30
100 76 30
76 61 30
61 28 30
28 25 30
25 30 30
