F1
256
80 78 1
78 93 1
93 68 1
68 76 1
76 100 1
100 91 1
F2
256
99 89 2
89 87 2
87 53 2
53 50 2
50 33 2
33 32 2
32 29 2
F3
256
2 1 3
1 6 3
6 8 3
8 35 3
35 55 3
55 67 3
67 62 3
62 64 3
F4
256
5 7 4
7 9 4
9 13 4
13 11 4
11 16 4
16 21 4
21 26 4
26 19 4
F5
256
22 21 5
21 16 5
16 11 5
11 58 5
58 44 5
44 60 5
F6
256
33 50 6
50 57 6
F7
512
54 31 7
31 41 7
41 8 7
8 35 7
35 56 7
56 58 7
58 16 7
F8
512
27 63 8
63 98 8
98 76 8
76 61 8
61 28 8
F9
512
46 52 9
52 58 9
58 11 9
11 16 9
16 21 9
21 24 9
24 15 9
F10
512
2 1 10
1 6 10
6 8 10
8 35 10
35 55 10
55 67 10
67 62 10
62 64 10
F11
512
27 63 11
63 98 11
98 76 11
76 61 11
61 28 11
F12
512
24 20 12
20 16 12
16 11 12
11 13 12
13 12 12
F13
512
94 97 13
97 86 13
86 68 13
68 76 13
76 82 13
82 74 13
F14
512
46 52 14
52 58 14
58 11 14
11 16 14
16 21 14
21 24 14
24 15 14
F15
512
90 85 15
85 100 15
100 76 15
76 61 15
61 28 15
28 25 15
25 30 15
F16
512
85 91 16
91 100 16
100 76 16
76 82 16
82 74 16
74 81 16
F17
512
92 96 17
96 93 17
93 68 17
68 76 17
76 82 17
82 95 17
F18
512
48 34 18
34 33 18
33 50 18
50 53 18
53 73 18
73 51 18
F19
512
66 49 19
49 83 19
83 35 19
35 56 19
F20
512
3 4 20
4 41 20
41 8 20
8 35 20
35 83 20
83 49 20
49 66 20
66 59 20
F21
512
1 6 21
6 8 21
8 35 21
35 56 21
56 44 21
44 60 21
F22
512
20 58 22
58 11 22
11 13 22
13 9 22
F23
512
72 50 23
50 53 23
53 73 23
F24
512
43 4 24
4 6 24
6 8 24
8 35 24
35 55 24
F25
1024
22 21 25
21 16 25
16 11 25
11 58 25
58 44 25
44 60 25
F26
1024
92 96 26
96 93 26
93 68 26
68 76 26
76 82 26
82 95 26
F27
1024
48 34 27
34 33 27
33 50 27
50 53 27
53 73 27
73 51 27
F28
1024
100 76 28
76 98 28
98 63 28
F29
1024
72 50 29
50 53 29
53 73 29
F30
1024
20 58 30
58 11 30
11 13 30
13 9 30
