F1
256
18 14 1
14 11 1
11 56 1
56 83 1
83 49 1
49 69 1
F2
256
72 50 2
50 53 2
53 73 2
F3
256
46 52 3
52 58 3
58 11 3
11 16 3
16 21 3
21 24 3
24 15 3
F4
256
7 9 4
9 13 4
13 11 4
11 58 4
58 52 4
F5
256
54 31 5
31 41 5
41 8 5
8 35 5
35 56 5
56 58 5
58 16 5
F6
256
3 4 6
4 41 6
41 8 6
8 35 6
35 83 6
83 49 6
49 66 6
66 59 6
F7
256
22 21 7
21 16 7
16 11 7
11 58 7
58 44 7
44 60 7
F8
256
17 14 8
14 11 8
11 56 8
56 79 8
79 88 8
F9
512
25 28 9
28 61 9
61 76 9
76 98 9
98 63 9
63 65 9
F10
512
20 58 10
58 11 10
11 13 10
13 9 10
F11
512
79 56 11
56 35 11
35 55 11
55 67 11
F12
512
18 14 12
14 11 12
11 56 12
56 83 12
83 49 12
49 69 12
F13
512
22 18 13
18 14 13
14 11 13
11 58 13
58 52 13
52 71 13
F14
512
92 96 14
96 93 14
93 68 14
68 76 14
76 82 14
82 95 14
F15
1024
45 37 15
37 32 15
32 39 15
39 50 15
50 72 15
72 68 15
68 86 15
86 97 15
F16
1024
38 47 16
47 53 16
53 50 16
50 72 16
72 68 16
68 93 16
F17
1024
22 21 17
21 16 17
16 11 17
11 58 17
58 44 17
44 60 17
F18
1024
7 9 18
9 13 18
13 11 18
11 58 18
58 52 18
F19
1024
89 87 19
87 68 19
68 76 19
76 61 19
F20
1024
18 14 20
14 11 20
11 56 20
56 83 20
83 49 20
49 69 20
F21
1024
43 4 21
4 6 21
6 8 21
8 35 21
35 55 21
F22
1024
66 49 22
49 83 22
83 35 22
35 56 22
F23
1024
5 7 23
7 9 23
9 13 23
13 11 23
11 16 23
16 21 23
21 26 23
26 19 23
F24
1024
79 56 24
56 35 24
35 55 24
55 67 24
F25
1024
21 16 25
16 11 25
11 14 25
F26
1024
80 78 26
78 93 26
93 68 26
68 76 26
76 100 26
100 91 26
F27
1024
43 4 27
4 6 27
6 8 27
8 35 27
35 55 27
F28
1024
46 52 28
52 58 28
58 11 28
11 16 28
16 21 28
21 24 28
24 15 28
F29
1024
25 28 29
28 61 29
61 76 29
76 98 29
98 63 29
63 65 29
F30
1024
24 20 30
20 16 30
16 11 30
11 13 30
13 12 30
