F1
256
1 6 1
6 8 1
8 35 1
35 56 1
56 44 1
44 60 1
F2
256
99 89 2
89 87 2
87 53 2
53 50 2
50 33 2
33 32 2
32 29 2
F3
256
90 85 3
85 100 3
100 76 3
76 61 3
61 28 3
28 25 3
25 30 3
F4
256
89 87 4
87 68 4
68 76 4
76 61 4
F5
256
80 78 5
78 93 5
93 68 5
68 76 5
76 100 5
100 91 5
F6
256
79 56 6
56 35 6
35 55 6
55 67 6
F7
256
45 37 7
37 32 7
32 39 7
39 50 7
50 72 7
72 68 7
68 86 7
86 97 7
F8
256
18 14 8
14 11 8
11 56 8
56 83 8
83 49 8
49 69 8
F9
256
38 47 9
47 53 9
53 50 9
50 72 9
72 68 9
68 93 9
F10
512
4 41 10
41 55 10
55 35 10
35 13 10
F11
512
42 77 11
77 70 11
70 98 11
98 76 11
76 68 11
68 87 11
F12
512
1 6 12
6 8 12
8 35 12
35 56 12
56 44 12
44 60 12
F13
512
54 31 13
31 41 13
41 8 13
8 35 13
35 56 13
56 58 13
58 16 13
F14
512
33 50 14
50 57 14
F15
512
85 91 15
91 100 15
100 76 15
76 82 15
82 74 15
74 81 15
F16
512
1 6 16
6 8 16
8 35 16
35 56 16
56 44 16
44 60 16
F17
512
21 16 17
16 11 17
11 14 17
F18
512
7 9 18
9 13 18
13 11 18
11 58 18
58 52 18
F19
512
54 31 19
31 41 19
41 8 19
8 35 19
35 56 19
56 58 19
58 16 19
F20
512
46 52 20
52 58 20
58 11 20
11 16 20
16 21 20
21 24 20
24 15 20
F21
1024
33 50 21
50 57 21
F22
1024
100 76 22
76 98 22
98 63 22
F23
1024
4 41 23
41 55 23
55 35 23
35 13 23
F24
1024
1 6 24
6 8 24
8 35 24
35 56 24
56 44 24
44 60 24
F25
1024
80 78 25
78 93 25
93 68 25
68 76 25
76 100 25
100 91 25
F26
1024
26 21 26
21 16 26
16 11 26
11 58 26
58 56 26
56 83 26
F27
1024
20 58 27
58 11 27
11 13 27
13 9 27
F28
1024
22 21 28
21 16 28
16 11 28
11 58 28
58 44 28
44 60 28
F29
1024
21 16 29
16 11 29
11 14 29
F30
1024
33 50 30
50 57 30
