F1
256
46 52 1
52 58 1
58 11 1
11 16 1
16 21 1
21 24 1
24 15 1
F2
256
2 1 2
1 6 2
6 8 2
8 35 2
35 55 2
55 67 2
67 62 2
62 64 2
F3
256
84 73 3
73 53 3
53 50 3
50 39 3
39 36 3
F4
256
99 89 4
89 87 4
87 53 4
53 50 4
50 33 4
33 32 4
32 29 4
F5
256
17 14 5
14 11 5
11 56 5
56 79 5
79 88 5
F6
256
66 49 6
49 83 6
83 35 6
35 56 6
F7
256
17 14 7
14 11 7
11 56 7
56 79 7
79 88 7
F8
512
20 58 8
58 11 8
11 13 8
13 9 8
F9
512
100 76 9
76 98 9
98 63 9
F10
512
85 91 10
91 100 10
100 76 10
76 82 10
82 74 10
74 81 10
F11
512
8 35 11
35 55 11
55 41 11
F12
512
17 14 12
14 11 12
11 56 12
56 79 12
79 88 12
F13
512
22 18 13
18 14 13
14 11 13
11 58 13
58 52 13
52 71 13
F14
512
17 14 14
14 11 14
11 56 14
56 79 14
79 88 14
F15
512
20 58 15
58 11 15
11 13 15
13 9 15
F16
512
17 14 16
14 11 16
11 56 16
56 79 16
79 88 16
F17
512
94 97 17
97 86 17
86 68 17
68 76 17
76 82 17
82 74 17
F18
512
21 16 18
16 11 18
11 14 18
F19
512
2 1 19
1 6 19
6 8 19
8 35 19
35 55 19
55 67 19
67 62 19
62 64 19
F20
512
20 58 20
58 11 20
11 13 20
13 9 20
F21
512
22 21 21
21 16 21
16 11 21
11 58 21
58 44 21
44 60 21
F22
512
47 33 22
33 50 22
50 39 22
F23
1024
20 58 23
58 11 23
11 13 23
13 9 23
F24
1024
42 77 24
77 70 24
70 98 24
98 76 24
76 68 24
68 87 24
F25
1024
90 85 25
85 100 25
100 76 25
76 61 25
61 28 25
28 25 25
25 30 25
F26
1024
46 52 26
52 58 26
58 11 26
11 16 26
16 21 26
21 24 26
24 15 26
F27
1024
1 6 27
6 8 27
8 35 27
35 56 27
56 44 27
44 60 27
F28
1024
1 6 28
6 8 28
8 35 28
35 56 28
56 44 28
44 60 28
F29
1024
7 9 29
9 13 29
13 11 29
11 58 29
58 52 29
F30
1024
54 31 30
31 41 30
41 8 30
8 35 30
35 56 30
56 58 30
58 16 30
