F1
256
33 50 1
50 57 1
F2
256
66 49 2
49 83 2
83 35 2
35 56 2
F3
256
46 52 3
52 58 3
58 11 3
11 16 3
16 21 3
21 24 3
24 15 3
F4
256
4 41 4
41 55 4
55 35 4
35 13 4
F5
256
94 97 5
97 86 5
86 68 5
68 76 5
76 82 5
82 74 5
F6
256
18 14 6
14 11 6
11 56 6
56 83 6
83 49 6
49 69 6
F7
256
5 7 7
7 9 7
9 13 7
13 11 7
11 16 7
16 21 7
21 26 7
26 19 7
F8
512
4 41 8
41 55 8
55 35 8
35 13 8
F9
512
72 50 9
50 53 9
53 73 9
F10
512
72 50 10
50 53 10
53 73 10
F11
512
25 28 11
28 61 11
61 76 11
76 98 11
98 63 11
63 65 11
F12
512
89 87 12
87 68 12
68 76 12
76 61 12
F13
512
90 85 13
85 100 13
100 76 13
76 61 13
61 28 13
28 25 13
25 30 13
F14
512
22 18 14
18 14 14
14 11 14
11 58 14
58 52 14
52 71 14
F15
512
2 1 15
1 6 15
6 8 15
8 35 15
35 55 15
55 67 15
67 62 15
62 64 15
F16
512
25 28 16
28 61 16
61 76 16
76 98 16
98 63 16
63 65 16
F17
512
7 9 17
9 13 17
13 11 17
11 58 17
58 52 17
F18
512
37 32 18
32 39 18
39 50 18
50 28 18
28 23 18
23 40 18
F19
512
7 9 19
9 13 19
13 11 19
11 58 19
58 52 19
F20
512
99 89 20
89 87 20
87 53 20
53 50 20
50 33 20
33 32 20
32 29 20
F21
1024
27 63 21
63 98 21
98 76 21
76 61 21
61 28 21
F22
1024
7 9 22
9 13 22
13 11 22
11 58 22
58 52 22
F23
1024
84 73 23
73 53 23
53 50 23
50 39 23
39 36 23
F24
1024
85 91 24
91 100 24
100 76 24
76 82 24
82 74 24
74 81 24
F25
1024
54 31 25
31 41 25
41 8 25
8 35 25
35 56 25
56 58 25
58 16 25
F26
1024
43 4 26
4 6 26
6 8 26
8 35 26
35 55 26
F27
1024
25 28 27
28 61 27
61 76 27
76 98 27
98 63 27
63 65 27
F28
1024
42 77 28
77 70 28
70 98 28
98 76 28
76 68 28
68 87 28
F29
1024
20 58 29
58 11 29
11 13 29
13 9 29
F30
1024
22 21 30
21 16 30
16 11 30
11 58 30
58 44 30
44 60 30
