F1
256
18 14 1
14 11 1
11 56 1
56 83 1
83 49 1
49 69 1
F2
256
43 4 2
4 6 2
6 8 2
8 35 2
35 55 2
F3
256
48 34 3
34 33 3
33 50 3
50 53 3
53 73 3
73 51 3
F4
256
24 20 4
20 16 4
16 11 4
11 13 4
13 12 4
F5
256
8 35 5
35 55 5
55 41 5
F6
256
37 32 6
32 39 6
39 50 6
50 28 6
28 23 6
23 40 6
F7
256
89 87 7
87 68 7
68 76 7
76 61 7
F8
256
24 20 8
20 16 8
16 11 8
11 13 8
13 12 8
F9
512
43 4 9
4 6 9
6 8 9
8 35 9
35 55 9
F10
512
94 97 10
97 86 10
86 68 10
68 76 10
76 82 10
82 74 10
F11
512
10 12 11
12 14 11
14 11 11
11 56 11
56 79 11
79 75 11
F12
512
26 21 12
21 16 12
16 11 12
11 58 12
58 56 12
56 83 12
F13
512
10 12 13
12 14 13
14 11 13
11 56 13
56 79 13
79 75 13
F14
512
22 21 14
21 16 14
16 11 14
11 58 14
58 44 14
44 60 14
F15
512
89 87 15
87 68 15
68 76 15
76 61 15
F16
512
1 6 16
6 8 16
8 35 16
35 56 16
56 44 16
44 60 16
F17
1024
7 9 17
9 13 17
13 11 17
11 58 17
58 52 17
F18
1024
66 49 18
49 83 18
83 35 18
35 56 18
F19
1024
1 6 19
6 8 19
8 35 19
35 56 19
56 44 19
44 60 19
F20
1024
47 33 20
33 50 20
50 39 20
F21
1024
21 16 21
16 11 21
11 14 21
F22
1024
46 52 22
52 58 22
58 11 22
11 16 22
16 21 22
21 24 22
24 15 22
F23
1024
84 73 23
73 53 23
53 50 23
50 39 23
39 36 23
F24
1024
38 47 24
47 53 24
53 50 24
50 72 24
72 68 24
68 93 24
F25
1024
46 52 25
52 58 25
58 11 25
11 16 25
16 21 25
21 24 25
24 15 25
F26
1024
92 96 26
96 93 26
93 68 26
68 76 26
76 82 26
82 95 26
F27
1024
21 16 27
16 11 27
11 14 27
F28
1024
100 76 28
76 98 28
98 63 28
F29
1024
42 77 29
77 70 29
70 98 29
98 76 29
76 68 29
68 87 29
F30
1024
22 21 30
21 16 30
16 11 30
11 58 30
58 44 30
44 60 30
