F1
256
89 87 1
87 68 1
68 76 1
76 61 1
F2
256
84 73 2
73 53 2
53 50 2
50 39 2
39 36 2
F3
256
7 9 3
9 13 3
13 11 3
11 58 3
58 52 3
F4
256
18 14 4
14 11 4
11 56 4
56 83 4
83 49 4
49 69 4
F5
256
27 63 5
63 98 5
98 76 5
76 61 5
61 28 5
F6
256
99 89 6
89 87 6
87 53 6
53 50 6
50 33 6
33 32 6
32 29 6
F7
256
4 41 7
41 55 7
55 35 7
35 13 7
F8
256
5 7 8
7 9 8
9 13 8
13 11 8
11 16 8
16 21 8
21 26 8
26 19 8
F9
256
27 63 9
63 98 9
98 76 9
76 61 9
61 28 9
F10
256
99 89 10
89 87 10
87 53 10
53 50 10
50 33 10
33 32 10
32 29 10
F11
256
22 18 11
18 14 11
14 11 11
11 58 11
58 52 11
52 71 11
F12
256
45 37 12
37 32 12
32 39 12
39 50 12
50 72 12
72 68 12
68 86 12
86 97 12
F13
256
66 49 13
49 83 13
83 35 13
35 56 13
F14
512
24 20 14
20 16 14
16 11 14
11 13 14
13 12 14
F15
512
3 4 15
4 41 15
41 8 15
8 35 15
35 83 15
83 49 15
49 66 15
66 59 15
F16
512
43 4 16
4 6 16
6 8 16
8 35 16
35 55 16
F17
512
33 50 17
50 57 17
F18
512
8 35 18
35 55 18
55 41 18
F19
512
3 4 19
4 41 19
41 8 19
8 35 19
35 83 19
83 49 19
49 66 19
66 59 19
F20
512
25 28 20
28 61 20
61 76 20
76 98 20
98 63 20
63 65 20
F21
512
42 77 21
77 70 21
70 98 21
98 76 21
76 68 21
68 87 21
F22
512
89 87 22
87 68 22
68 76 22
76 61 22
F23
1024
85 91 23
91 100 23
100 76 23
76 82 23
82 74 23
74 81 23
F24
1024
24 20 24
20 16 24
16 11 24
11 13 24
13 12 24
F25
1024
48 34 25
34 33 25
33 50 25
50 53 25
53 73 25
73 51 25
F26
1024
33 50 26
50 57 26
F27
1024
10 12 27
12 14 27
14 11 27
11 56 27
56 79 27
79 75 27
F28
1024
20 58 28
58 11 28
11 13 28
13 9 28
F29
1024
89 87 29
87 68 29
68 76 29
76 61 29
F30
1024
37 32 30
32 39 30
39 50 30
50 28 30
28 23 30
23 40 30
