F1
256
37 32 1
32 39 1
39 50 1
50 28 1
28 23 1
23 40 1
F2
256
10 12 2
12 14 2
14 11 2
11 56 2
56 79 2
79 75 2
F3
256
33 50 3
50 57 3
F4
256
22 21 4
21 16 4
16 11 4
11 58 4
58 44 4
44 60 4
F5
256
90 85 5
85 100 5
100 76 5
76 61 5
61 28 5
28 25 5
25 30 5
F6
256
79 56 6
56 35 6
35 55 6
55 67 6
F7
256
43 4 7
4 6 7
6 8 7
8 35 7
35 55 7
F8
256
10 12 8
12 14 8
14 11 8
11 56 8
56 79 8
79 75 8
F9
256
27 63 9
63 98 9
98 76 9
76 61 9
61 28 9
F10
256
10 12 10
12 14 10
14 11 10
11 56 10
56 79 10
79 75 10
F11
256
37 32 11
32 39 11
39 50 11
50 28 11
28 23 11
23 40 11
F12
512
92 96 12
96 93 12
93 68 12
68 76 12
76 82 12
82 95 12
F13
512
84 73 13
73 53 13
53 50 13
50 39 13
39 36 13
F14
512
92 96 14
96 93 14
93 68 14
68 76 14
76 82 14
82 95 14
F15
512
90 85 15
85 100 15
100 76 15
76 61 15
61 28 15
28 25 15
25 30 15
F16
512
92 96 16
96 93 16
93 68 16
68 76 16
76 82 16
82 95 16
F17
512
48 34 17
34 33 17
33 50 17
50 53 17
53 73 17
73 51 17
F18
512
21 16 18
16 11 18
11 14 18
F19
512
25 28 19
28 61 19
61 76 19
76 98 19
98 63 19
63 65 19
F20
512
54 31 20
31 41 20
41 8 20
8 35 20
35 56 20
56 58 20
58 16 20
F21
512
2 1 21
1 6 21
6 8 21
8 35 21
35 55 21
55 67 21
67 62 21
62 64 21
F22
512
85 91 22
91 100 22
100 76 22
76 82 22
82 74 22
74 81 22
F23
512
22 18 23
18 14 23
14 11 23
11 58 23
58 52 23
52 71 23
F24
1024
33 50 24
50 57 24
F25
1024
90 85 25
85 100 25
100 76 25
76 61 25
61 28 25
28 25 25
25 30 25
F26
1024
4 41 26
41 55 26
55 35 26
35 13 26
F27
1024
17 14 27
14 11 27
11 56 27
56 79 27
79 88 27
F28
1024
43 4 28
4 6 28
6 8 28
8 35 28
35 55 28
F29
1024
33 50 29
50 57 29
F30
1024
27 63 30
63 98 30
98 76 30
76 61 30
61 28 30
