F1
256
7 9 1
9 13 1
13 11 1
11 58 1
58 52 1
F2
256
21 16 2
16 11 2
11 14 2
F3
256
43 4 3
4 6 3
6 8 3
8 35 3
35 55 3
F4
256
94 97 4
97 86 4
86 68 4
68 76 4
76 82 4
82 74 4
F5
256
79 56 5
56 35 5
35 55 5
55 67 5
F6
256
48 34 6
34 33 6
33 50 6
50 53 6
53 73 6
73 51 6
F7
256
43 4 7
4 6 7
6 8 7
8 35 7
35 55 7
F8
256
24 20 8
20 16 8
16 11 8
11 13 8
13 12 8
F9
256
24 20 9
20 16 9
16 11 9
11 13 9
13 12 9
F10
256
94 97 10
97 86 10
86 68 10
68 76 10
76 82 10
82 74 10
F11
256
5 7 11
7 9 11
9 13 11
13 11 11
11 16 11
16 21 11
21 26 11
26 19 11
F12
512
17 14 12
14 11 12
11 56 12
56 79 12
79 88 12
F13
512
37 32 13
32 39 13
39 50 13
50 28 13
28 23 13
23 40 13
F14
512
45 37 14
37 32 14
32 39 14
39 50 14
50 72 14
72 68 14
68 86 14
86 97 14
F15
512
8 35 15
35 55 15
55 41 15
F16
512
85 91 16
91 100 16
100 76 16
76 82 16
82 74 16
74 81 16
F17
512
54 31 17
31 41 17
41 8 17
8 35 17
35 56 17
56 58 17
58 16 17
F18
1024
22 18 18
18 14 18
14 11 18
11 58 18
58 52 18
52 71 18
F19
1024
18 14 19
14 11 19
11 56 19
56 83 19
83 49 19
49 69 19
F20
1024
48 34 20
34 33 20
33 50 20
50 53 20
53 73 20
73 51 20
F21
1024
4 41 21
41 55 21
55 35 21
35 13 21
F22
1024
84 73 22
73 53 22
53 50 22
50 39 22
39 36 22
F23
1024
20 58 23
58 11 23
11 13 23
13 9 23
F24
1024
100 76 24
76 98 24
98 63 24
F25
1024
4 41 25
41 55 25
55 35 25
35 13 25
F26
1024
22 18 26
18 14 26
14 11 26
11 58 26
58 52 26
52 71 26
F27
1024
42 77 27
77 70 27
70 98 27
98 76 27
76 68 27
68 87 27
F28
1024
26 21 28
21 16 28
16 11 28
11 58 28
58 56 28
56 83 28
F29
1024
85 91 29
91 100 29
100 76 29
76 82 29
82 74 29
74 81 29
F30
1024
24 20 30
20 16 30
16 11 30
11 13 30
13 12 30
