F1
256
1 6 1
6 8 1
8 35 1
35 56 1
56 44 1
44 60 1
F2
256
22 21 2
21 16 2
16 11 2
11 58 2
58 44 2
44 60 2
F3
256
10 12 3
12 14 3
14 11 3
11 56 3
56 79 3
79 75 3
F4
256
22 21 4
21 16 4
16 11 4
11 58 4
58 44 4
44 60 4
F5
256
79 56 5
56 35 5
35 55 5
55 67 5
F6
256
10 12 6
12 14 6
14 11 6
11 56 6
56 79 6
79 75 6
F7
256
24 20 7
20 16 7
16 11 7
11 13 7
13 12 7
F8
512
8 35 8
35 55 8
55 41 8
F9
512
33 50 9
50 57 9
F10
512
48 34 10
34 33 10
33 50 10
50 53 10
53 73 10
73 51 10
F11
512
94 97 11
97 86 11
86 68 11
68 76 11
76 82 11
82 74 11
F12
512
20 58 12
58 11 12
11 13 12
13 9 12
F13
512
37 32 13
32 39 13
39 50 13
50 28 13
28 23 13
23 40 13
F14
512
22 18 14
18 14 14
14 11 14
11 58 14
58 52 14
52 71 14
F15
512
47 33 15
33 50 15
50 39 15
F16
512
94 97 16
97 86 16
86 68 16
68 76 16
76 82 16
82 74 16
F17
512
72 50 17
50 53 17
53 73 17
F18
512
24 20 18
20 16 18
16 11 18
11 13 18
13 12 18
F19
512
79 56 19
56 35 19
35 55 19
55 67 19
F20
512
5 7 20
7 9 20
9 13 20
13 11 20
11 16 20
16 21 20
21 26 20
26 19 20
F21
512
42 77 21
77 70 21
70 98 21
98 76 21
76 68 21
68 87 21
F22
512
20 58 22
58 11 22
11 13 22
13 9 22
F23
1024
21 16 23
16 11 23
11 14 23
F24
1024
20 58 24
58 11 24
11 13 24
13 9 24
F25
1024
1 6 25
6 8 25
8 35 25
35 56 25
56 44 25
44 60 25
F26
1024
80 78 26
78 93 26
93 68 26
68 76 26
76 100 26
100 91 26
F27
1024
89 87 27
87 68 27
68 76 27
76 61 27
F28
1024
18 14 28
14 11 28
11 56 28
56 83 28
83 49 28
49 69 28
F29
1024
3 4 29
4 41 29
41 8 29
8 35 29
35 83 29
83 49 29
49 66 29
66 59 29
F30
1024
5 7 30
7 9 30
9 13 30
13 11 30
11 16 30
16 21 30
21 26 30
26 19 30
