F1
256
46 52 1
52 58 1
58 11 1
11 16 1
16 21 1
21 24 1
24 15 1
F2
256
27 63 2
63 98 2
98 76 2
76 61 2
61 28 2
F3
256
7 9 3
9 13 3
13 11 3
11 58 3
58 52 3
F4
256
22 18 4
18 14 4
14 11 4
11 58 4
58 52 4
52 71 4
F5
256
45 37 5
37 32 5
32 39 5
39 50 5
50 72 5
72 68 5
68 86 5
86 97 5
F6
256
22 21 6
21 16 6
16 11 6
11 58 6
58 44 6
44 60 6
F7
256
84 73 7
73 53 7
53 50 7
50 39 7
39 36 7
F8
256
99 89 8
89 87 8
87 53 8
53 50 8
50 33 8
33 32 8
32 29 8
F9
256
21 16 9
16 11 9
11 14 9
F10
256
27 63 10
63 98 10
98 76 10
76 61 10
61 28 10
F11
256
25 28 11
28 61 11
61 76 11
76 98 11
98 63 11
63 65 11
F12
256
54 31 12
31 41 12
41 8 12
8 35 12
35 56 12
56 58 12
58 16 12
F13
256
7 9 13
9 13 13
13 11 13
11 58 13
58 52 13
F14
256
72 50 14
50 53 14
53 73 14
F15
256
3 4 15
4 41 15
41 8 15
8 35 15
35 83 15
83 49 15
49 66 15
66 59 15
F16
512
84 73 16
73 53 16
53 50 16
50 39 16
39 36 16
F17
512
18 14 17
14 11 17
11 56 17
56 83 17
83 49 17
49 69 17
F18
512
1 6 18
6 8 18
8 35 18
35 56 18
56 44 18
44 60 18
F19
512
48 34 19
34 33 19
33 50 19
50 53 19
53 73 19
73 51 19
F20
512
46 52 20
52 58 20
58 11 20
11 16 20
16 21 20
21 24 20
24 15 20
F21
512
27 63 21
63 98 21
98 76 21
76 61 21
61 28 21
F22
512
8 35 22
35 55 22
55 41 22
F23
512
20 58 23
58 11 23
11 13 23
13 9 23
F24
512
1 6 24
6 8 24
8 35 24
35 56 24
56 44 24
44 60 24
F25
512
18 14 25
14 11 25
11 56 25
56 83 25
83 49 25
49 69 25
F26
512
89 87 26
87 68 26
68 76 26
76 61 26
F27
512
45 37 27
37 32 27
32 39 27
39 50 27
50 72 27
72 68 27
68 86 27
86 97 27
F28
512
94 97 28
97 86 28
86 68 28
68 76 28
76 82 28
82 74 28
F29
512
38 47 29
47 53 29
53 50 29
50 72 29
72 68 29
68 93 29
F30
512
26 21 30
21 16 30
16 11 30
11 58 30
58 56 30
56 83 30
F31
1024
48 34 31
34 33 31
33 50 31
50 53 31
53 73 31
73 51 31
F32
1024
100 76 32
76 98 32
98 63 32
F33
1024
79 56 33
56 35 33
35 55 33
55 67 33
F34
1024
1 6 34
6 8 34
8 35 34
35 56 34
56 44 34
44 60 34
F35
1024
79 56 35
56 35 35
35 55 35
55 67 35
F36
1024
80 78 36
78 93 36
93 68 36
68 76 36
76 100 36
100 91 36
F37
1024
21 16 37
16 11 37
11 14 37
F38
1024
38 47 38
47 53 38
53 50 38
50 72 38
72 68 38
68 93 38
F39
1024
38 47 39
47 53 39
53 50 39
50 72 39
72 68 39
68 93 39
F40
1024
2 1 40
1 6 40
6 8 40
8 35 40
35 55 40
55 67 40
67 62 40
62 64 40
