F1
256
80 78 1
78 93 1
93 68 1
68 76 1
76 100 1
100 91 1
F2
256
2 1 2
1 6 2
6 8 2
8 35 2
35 55 2
55 67 2
67 62 2
62 64 2
F3
256
4 41 3
41 55 3
55 35 3
35 13 3
F4
256
38 47 4
47 53 4
53 50 4
50 72 4
72 68 4
68 93 4
F5
256
1 6 5
6 8 5
8 35 5
35 56 5
56 44 5
44 60 5
F6
256
94 97 6
97 86 6
86 68 6
68 76 6
76 82 6
82 74 6
F7
256
92 96 7
96 93 7
93 68 7
68 76 7
76 82 7
82 95 7
F8
256
8 35 8
35 55 8
55 41 8
F9
256
21 16 9
16 11 9
11 14 9
F10
256
22 18 10
18 14 10
14 11 10
11 58 10
58 52 10
52 71 10
F11
256
37 32 11
32 39 11
39 50 11
50 28 11
28 23 11
23 40 11
F12
256
5 7 12
7 9 12
9 13 12
13 11 12
11 16 12
16 21 12
21 26 12
26 19 12
F13
256
90 85 13
85 100 13
100 76 13
76 61 13
61 28 13
28 25 13
25 30 13
F14
256
42 77 14
77 70 14
70 98 14
98 76 14
76 68 14
68 87 14
F15
512
10 12 15
12 14 15
14 11 15
11 56 15
56 79 15
79 75 15
F16
512
26 21 16
21 16 16
16 11 16
11 58 16
58 56 16
56 83 16
F17
512
10 12 17
12 14 17
14 11 17
11 56 17
56 79 17
79 75 17
F18
512
80 78 18
78 93 18
93 68 18
68 76 18
76 100 18
100 91 18
F19
512
10 12 19
12 14 19
14 11 19
11 56 19
56 79 19
79 75 19
F20
512
46 52 20
52 58 20
58 11 20
11 16 20
16 21 20
21 24 20
24 15 20
F21
512
37 32 21
32 39 21
39 50 21
50 28 21
28 23 21
23 40 21
F22
512
89 87 22
87 68 22
68 76 22
76 61 22
F23
512
5 7 23
7 9 23
9 13 23
13 11 23
11 16 23
16 21 23
21 26 23
26 19 23
F24
1024
54 31 24
31 41 24
41 8 24
8 35 24
35 56 24
56 58 24
58 16 24
F25
1024
100 76 25
76 98 25
98 63 25
F26
1024
66 49 26
49 83 26
83 35 26
35 56 26
F27
1024
48 34 27
34 33 27
33 50 27
50 53 27
53 73 27
73 51 27
F28
1024
66 49 28
49 83 28
83 35 28
35 56 28
F29
1024
3 4 29
4 41 29
41 8 29
8 35 29
35 83 29
83 49 29
49 66 29
66 59 29
F30
1024
18 14 30
14 11 30
11 56 30
56 83 30
83 49 30
49 69 30
F31
1024
99 89 31
89 87 31
87 53 31
53 50 31
50 33 31
33 32 31
32 29 31
F32
1024
38 47 32
47 53 32
53 50 32
50 72 32
72 68 32
68 93 32
F33
1024
17 14 33
14 11 33
11 56 33
56 79 33
79 88 33
F34
1024
47 33 34
33 50 34
50 39 34
F35
1024
66 49 35
49 83 35
83 35 35
35 56 35
F36
1024
100 76 36
76 98 36
98 63 36
F37
1024
8 35 37
35 55 37
55 41 37
F38
1024
22 18 38
18 14 38
14 11 38
11 58 38
58 52 38
52 71 38
F39
1024
54 31 39
31 41 39
41 8 39
8 35 39
35 56 39
56 58 39
58 16 39
F40
1024
94 97 40
97 86 40
86 68 40
68 76 40
76 82 40
82 74 40
