F1
256
99 89 1
89 87 1
87 53 1
53 50 1
50 33 1
33 32 1
32 29 1
F2
256
5 7 2
7 9 2
9 13 2
13 11 2
11 16 2
16 21 2
21 26 2
26 19 2
F3
256
66 49 3
49 83 3
83 35 3
35 56 3
F4
256
48 34 4
34 33 4
33 50 4
50 53 4
53 73 4
73 51 4
F5
256
43 4 5
4 6 5
6 8 5
8 35 5
35 55 5
F6
256
10 12 6
12 14 6
14 11 6
11 56 6
56 79 6
79 75 6
F7
256
3 4 7
4 41 7
41 8 7
8 35 7
35 83 7
83 49 7
49 66 7
66 59 7
F8
256
99 89 8
89 87 8
87 53 8
53 50 8
50 33 8
33 32 8
32 29 8
F9
256
46 52 9
52 58 9
58 11 9
11 16 9
16 21 9
21 24 9
24 15 9
F10
256
90 85 10
85 100 10
100 76 10
76 61 10
61 28 10
28 25 10
25 30 10
F11
256
90 85 11
85 100 11
100 76 11
76 61 11
61 28 11
28 25 11
25 30 11
F12
256
10 12 12
12 14 12
14 11 12
11 56 12
56 79 12
79 75 12
F13
512
45 37 13
37 32 13
32 39 13
39 50 13
50 72 13
72 68 13
68 86 13
86 97 13
F14
512
5 7 14
7 9 14
9 13 14
13 11 14
11 16 14
16 21 14
21 26 14
26 19 14
F15
512
47 33 15
33 50 15
50 39 15
F16
512
94 97 16
97 86 16
86 68 16
68 76 16
76 82 16
82 74 16
F17
512
37 32 17
32 39 17
39 50 17
50 28 17
28 23 17
23 40 17
F18
512
27 63 18
63 98 18
98 76 18
76 61 18
61 28 18
F19
512
27 63 19
63 98 19
98 76 19
76 61 19
61 28 19
F20
512
38 47 20
47 53 20
53 50 20
50 72 20
72 68 20
68 93 20
F21
512
85 91 21
91 100 21
100 76 21
76 82 21
82 74 21
74 81 21
F22
512
27 63 22
63 98 22
98 76 22
76 61 22
61 28 22
F23
512
43 4 23
4 6 23
6 8 23
8 35 23
35 55 23
F24
512
43 4 24
4 6 24
6 8 24
8 35 24
35 55 24
F25
512
10 12 25
12 14 25
14 11 25
11 56 25
56 79 25
79 75 25
F26
512
79 56 26
56 35 26
35 55 26
55 67 26
F27
512
90 85 27
85 100 27
100 76 27
76 61 27
61 28 27
28 25 27
25 30 27
F28
1024
46 52 28
52 58 28
58 11 28
11 16 28
16 21 28
21 24 28
24 15 28
F29
1024
47 33 29
33 50 29
50 39 29
F30
1024
8 35 30
35 55 30
55 41 30
F31
1024
37 32 31
32 39 31
39 50 31
50 28 31
28 23 31
23 40 31
F32
1024
72 50 32
50 53 32
53 73 32
F33
1024
3 4 33
4 41 33
41 8 33
8 35 33
35 83 33
83 49 33
49 66 33
66 59 33
F34
1024
4 41 34
41 55 34
55 35 34
35 13 34
F35
1024
21 16 35
16 11 35
11 14 35
F36
1024
10 12 36
12 14 36
14 11 36
11 56 36
56 79 36
79 75 36
F37
1024
25 28 37
28 61 37
61 76 37
76 98 37
98 63 37
63 65 37
F38
1024
1 6 38
6 8 38
8 35 38
35 56 38
56 44 38
44 60 38
F39
1024
10 12 39
12 14 39
14 11 39
11 56 39
56 79 39
79 75 39
F40
1024
43 4 40
4 6 40
6 8 40
8 35 40
35 55 40
