F1
256
45 37 1
37 32 1
32 39 1
39 50 1
50 72 1
72 68 1
68 86 1
86 97 1
F2
256
2 1 2
1 6 2
6 8 2
8 35 2
35 55 2
55 67 2
67 62 2
62 64 2
F3
256
100 76 3
76 98 3
98 63 3
F4
256
46 52 4
52 58 4
58 11 4
11 16 4
16 21 4
21 24 4
24 15 4
F5
256
1 6 5
6 8 5
8 35 5
35 56 5
56 44 5
44 60 5
F6
256
99 89 6
89 87 6
87 53 6
53 50 6
50 33 6
33 32 6
32 29 6
F7
256
17 14 7
14 11 7
11 56 7
56 79 7
79 88 7
F8
256
4 41 8
41 55 8
55 35 8
35 13 8
F9
256
48 34 9
34 33 9
33 50 9
50 53 9
53 73 9
73 51 9
F10
256
20 58 10
58 11 10
11 13 10
13 9 10
F11
256
99 89 11
89 87 11
87 53 11
53 50 11
50 33 11
33 32 11
32 29 11
F12
512
80 78 12
78 93 12
93 68 12
68 76 12
76 100 12
100 91 12
F13
512
18 14 13
14 11 13
11 56 13
56 83 13
83 49 13
49 69 13
F14
512
3 4 14
4 41 14
41 8 14
8 35 14
35 83 14
83 49 14
49 66 14
66 59 14
F15
512
100 76 15
76 98 15
98 63 15
F16
512
47 33 16
33 50 16
50 39 16
F17
512
38 47 17
47 53 17
53 50 17
50 72 17
72 68 17
68 93 17
F18
512
94 97 18
97 86 18
86 68 18
68 76 18
76 82 18
82 74 18
F19
512
22 18 19
18 14 19
14 11 19
11 58 19
58 52 19
52 71 19
F20
512
7 9 20
9 13 20
13 11 20
11 58 20
58 52 20
F21
512
5 7 21
7 9 21
9 13 21
13 11 21
11 16 21
16 21 21
21 26 21
26 19 21
F22
512
46 52 22
52 58 22
58 11 22
11 16 22
16 21 22
21 24 22
24 15 22
F23
512
10 12 23
12 14 23
14 11 23
11 56 23
56 79 23
79 75 23
F24
512
21 16 24
16 11 24
11 14 24
F25
512
21 16 25
16 11 25
11 14 25
F26
512
1 6 26
6 8 26
8 35 26
35 56 26
56 44 26
44 60 26
F27
1024
94 97 27
97 86 27
86 68 27
68 76 27
76 82 27
82 74 27
F28
1024
84 73 28
73 53 28
53 50 28
50 39 28
39 36 28
F29
1024
24 20 29
20 16 29
16 11 29
11 13 29
13 12 29
F30
1024
48 34 30
34 33 30
33 50 30
50 53 30
53 73 30
73 51 30
F31
1024
54 31 31
31 41 31
41 8 31
8 35 31
35 56 31
56 58 31
58 16 31
F32
1024
1 6 32
6 8 32
8 35 32
35 56 32
56 44 32
44 60 32
F33
1024
25 28 33
28 61 33
61 76 33
76 98 33
98 63 33
63 65 33
F34
1024
90 85 34
85 100 34
100 76 34
76 61 34
61 28 34
28 25 34
25 30 34
F35
1024
100 76 35
76 98 35
98 63 35
F36
1024
22 21 36
21 16 36
16 11 36
11 58 36
58 44 36
44 60 36
F37
1024
80 78 37
78 93 37
93 68 37
68 76 37
76 100 37
100 91 37
F38
1024
89 87 38
87 68 38
68 76 38
76 61 38
F39
1024
99 89 39
89 87 39
87 53 39
53 50 39
50 33 39
33 32 39
32 29 39
F40
1024
22 18 40
18 14 40
14 11 40
11 58 40
58 52 40
52 71 40
