F1
256
18 14 1
14 11 1
11 56 1
56 83 1
83 49 1
49 69 1
F2
256
2 1 2
1 6 2
6 8 2
8 35 2
35 55 2
55 67 2
67 62 2
62 64 2
F3
256
100 76 3
76 98 3
98 63 3
F4
256
27 63 4
63 98 4
98 76 4
76 61 4
61 28 4
F5
256
80 78 5
78 93 5
93 68 5
68 76 5
76 100 5
100 91 5
F6
256
37 32 6
32 39 6
39 50 6
50 28 6
28 23 6
23 40 6
F7
256
89 87 7
87 68 7
68 76 7
76 61 7
F8
256
100 76 8
76 98 8
98 63 8
F9
256
89 87 9
87 68 9
68 76 9
76 61 9
F10
256
33 50 10
50 57 10
F11
256
2 1 11
1 6 11
6 8 11
8 35 11
35 55 11
55 67 11
67 62 11
62 64 11
F12
256
4 41 12
41 55 12
55 35 12
35 13 12
F13
256
100 76 13
76 98 13
98 63 13
F14
256
72 50 14
50 53 14
53 73 14
F15
512
24 20 15
20 16 15
16 11 15
11 13 15
13 12 15
F16
512
94 97 16
97 86 16
86 68 16
68 76 16
76 82 16
82 74 16
F17
512
8 35 17
35 55 17
55 41 17
F18
512
100 76 18
76 98 18
98 63 18
F19
512
47 33 19
33 50 19
50 39 19
F20
512
94 97 20
97 86 20
86 68 20
68 76 20
76 82 20
82 74 20
F21
512
17 14 21
14 11 21
11 56 21
56 79 21
79 88 21
F22
512
80 78 22
78 93 22
93 68 22
68 76 22
76 100 22
100 91 22
F23
512
80 78 23
78 93 23
93 68 23
68 76 23
76 100 23
100 91 23
F24
512
21 16 24
16 11 24
11 14 24
F25
1024
24 20 25
20 16 25
16 11 25
11 13 25
13 12 25
F26
1024
66 49 26
49 83 26
83 35 26
35 56 26
F27
1024
99 89 27
89 87 27
87 53 27
53 50 27
50 33 27
33 32 27
32 29 27
F28
1024
92 96 28
96 93 28
93 68 28
68 76 28
76 82 28
82 95 28
F29
1024
54 31 29
31 41 29
41 8 29
8 35 29
35 56 29
56 58 29
58 16 29
F30
1024
100 76 30
76 98 30
98 63 30
F31
1024
99 89 31
89 87 31
87 53 31
53 50 31
50 33 31
33 32 31
32 29 31
F32
1024
22 18 32
18 14 32
14 11 32
11 58 32
58 52 32
52 71 32
F33
1024
4 41 33
41 55 33
55 35 33
35 13 33
F34
1024
90 85 34
85 100 34
100 76 34
76 61 34
61 28 34
28 25 34
25 30 34
F35
1024
42 77 35
77 70 35
70 98 35
98 76 35
76 68 35
68 87 35
F36
1024
33 50 36
50 57 36
F37
1024
38 47 37
47 53 37
53 50 37
50 72 37
72 68 37
68 93 37
F38
1024
17 14 38
14 11 38
11 56 38
56 79 38
79 88 38
F39
1024
33 50 39
50 57 39
F40
1024
99 89 40
89 87 40
87 53 40
53 50 40
50 33 40
33 32 40
32 29 40
