F1
256
66 49 1
49 83 1
83 35 1
35 56 1
F2
256
94 97 2
97 86 2
86 68 2
68 76 2
76 82 2
82 74 2
F3
256
92 96 3
96 93 3
93 68 3
68 76 3
76 82 3
82 95 3
F4
256
45 37 4
37 32 4
32 39 4
39 50 4
50 72 4
72 68 4
68 86 4
86 97 4
F5
256
24 20 5
20 16 5
16 11 5
11 13 5
13 12 5
F6
256
26 21 6
21 16 6
16 11 6
11 58 6
58 56 6
56 83 6
F7
256
4 41 7
41 55 7
55 35 7
35 13 7
F8
256
7 9 8
9 13 8
13 11 8
11 58 8
58 52 8
F9
256
38 47 9
47 53 9
53 50 9
50 72 9
72 68 9
68 93 9
F10
256
17 14 10
14 11 10
11 56 10
56 79 10
79 88 10
F11
256
4 41 11
41 55 11
55 35 11
35 13 11
F12
256
92 96 12
96 93 12
93 68 12
68 76 12
76 82 12
82 95 12
F13
256
72 50 13
50 53 13
53 73 13
F14
256
89 87 14
87 68 14
68 76 14
76 61 14
F15
256
99 89 15
89 87 15
87 53 15
53 50 15
50 33 15
33 32 15
32 29 15
F16
256
37 32 16
32 39 16
39 50 16
50 28 16
28 23 16
23 40 16
F17
512
84 73 17
73 53 17
53 50 17
50 39 17
39 36 17
F18
512
80 78 18
78 93 18
93 68 18
68 76 18
76 100 18
100 91 18
F19
512
3 4 19
4 41 19
41 8 19
8 35 19
35 83 19
83 49 19
49 66 19
66 59 19
F20
512
22 21 20
21 16 20
16 11 20
11 58 20
58 44 20
44 60 20
F21
1024
38 47 21
47 53 21
53 50 21
50 72 21
72 68 21
68 93 21
F22
1024
33 50 22
50 57 22
F23
1024
43 4 23
4 6 23
6 8 23
8 35 23
35 55 23
F24
1024
24 20 24
20 16 24
16 11 24
11 13 24
13 12 24
F25
1024
92 96 25
96 93 25
93 68 25
68 76 25
76 82 25
82 95 25
F26
1024
43 4 26
4 6 26
6 8 26
8 35 26
35 55 26
F27
1024
8 35 27
35 55 27
55 41 27
F28
1024
24 20 28
20 16 28
16 11 28
11 13 28
13 12 28
F29
1024
10 12 29
12 14 29
14 11 29
11 56 29
56 79 29
79 75 29
F30
1024
22 21 30
21 16 30
16 11 30
11 58 30
58 44 30
44 60 30
F31
1024
94 97 31
97 86 31
86 68 31
68 76 31
76 82 31
82 74 31
F32
1024
25 28 32
28 61 32
61 76 32
76 98 32
98 63 32
63 65 32
F33
1024
38 47 33
47 53 33
53 50 33
50 72 33
72 68 33
68 93 33
F34
1024
94 97 34
97 86 34
86 68 34
68 76 34
76 82 34
82 74 34
F35
1024
38 47 35
47 53 35
53 50 35
50 72 35
72 68 35
68 93 35
F36
1024
26 21 36
21 16 36
16 11 36
11 58 36
58 56 36
56 83 36
F37
1024
24 20 37
20 16 37
16 11 37
11 13 37
13 12 37
F38
1024
24 20 38
20 16 38
16 11 38
11 13 38
13 12 38
F39
1024
99 89 39
89 87 39
87 53 39
53 50 39
50 33 39
33 32 39
32 29 39
F40
1024
18 14 40
14 11 40
11 56 40
56 83 40
83 49 40
49 69 40
