F1
256
21 16 1
16 11 1
11 14 1
F2
256
89 87 2
87 68 2
68 76 2
76 61 2
F3
256
54 31 3
31 41 3
41 8 3
8 35 3
35 56 3
56 58 3
58 16 3
F4
256
94 97 4
97 86 4
86 68 4
68 76 4
76 82 4
82 74 4
F5
256
33 50 5
50 57 5
F6
256
43 4 6
4 6 6
6 8 6
8 35 6
35 55 6
F7
256
89 87 7
87 68 7
68 76 7
76 61 7
F8
256
72 50 8
50 53 8
53 73 8
F9
256
94 97 9
97 86 9
86 68 9
68 76 9
76 82 9
82 74 9
F10
256
7 9 10
9 13 10
13 11 10
11 58 10
58 52 10
F11
256
24 20 11
20 16 11
16 11 11
11 13 11
13 12 11
F12
256
22 18 12
18 14 12
14 11 12
11 58 12
58 52 12
52 71 12
F13
256
27 63 13
63 98 13
98 76 13
76 61 13
61 28 13
F14
256
80 78 14
78 93 14
93 68 14
68 76 14
76 100 14
100 91 14
F15
256
8 35 15
35 55 15
55 41 15
F16
256
26 21 16
21 16 16
16 11 16
11 58 16
58 56 16
56 83 16
F17
512
17 14 17
14 11 17
11 56 17
56 79 17
79 88 17
F18
512
37 32 18
32 39 18
39 50 18
50 28 18
28 23 18
23 40 18
F19
512
18 14 19
14 11 19
11 56 19
56 83 19
83 49 19
49 69 19
F20
512
72 50 20
50 53 20
53 73 20
F21
512
79 56 21
56 35 21
35 55 21
55 67 21
F22
512
20 58 22
58 11 22
11 13 22
13 9 22
F23
512
99 89 23
89 87 23
87 53 23
53 50 23
50 33 23
33 32 23
32 29 23
F24
512
94 97 24
97 86 24
86 68 24
68 76 24
76 82 24
82 74 24
F25
512
38 47 25
47 53 25
53 50 25
50 72 25
72 68 25
68 93 25
F26
512
79 56 26
56 35 26
35 55 26
55 67 26
F27
512
85 91 27
91 100 27
100 76 27
76 82 27
82 74 27
74 81 27
F28
512
94 97 28
97 86 28
86 68 28
68 76 28
76 82 28
82 74 28
F29
512
8 35 29
35 55 29
55 41 29
F30
512
46 52 30
52 58 30
58 11 30
11 16 30
16 21 30
21 24 30
24 15 30
F31
512
72 50 31
50 53 31
53 73 31
F32
512
18 14 32
14 11 32
11 56 32
56 83 32
83 49 32
49 69 32
F33
1024
79 56 33
56 35 33
35 55 33
55 67 33
F34
1024
46 52 34
52 58 34
58 11 34
11 16 34
16 21 34
21 24 34
24 15 34
F35
1024
33 50 35
50 57 35
F36
1024
25 28 36
28 61 36
61 76 36
76 98 36
98 63 36
63 65 36
F37
1024
38 47 37
47 53 37
53 50 37
50 72 37
72 68 37
68 93 37
F38
1024
47 33 38
33 50 38
50 39 38
F39
1024
99 89 39
89 87 39
87 53 39
53 50 39
50 33 39
33 32 39
32 29 39
F40
1024
37 32 40
32 39 40
39 50 40
50 28 40
28 23 40
23 40 40
