F1
256
4 41 1
41 55 1
55 35 1
35 13 1
F2
256
4 41 2
41 55 2
55 35 2
35 13 2
F3
256
3 4 3
4 41 3
41 8 3
8 35 3
35 83 3
83 49 3
49 66 3
66 59 3
F4
256
89 87 4
87 68 4
68 76 4
76 61 4
F5
256
26 21 5
21 16 5
16 11 5
11 58 5
58 56 5
56 83 5
F6
256
42 77 6
77 70 6
70 98 6
98 76 6
76 68 6
68 87 6
F7
256
17 14 7
14 11 7
11 56 7
56 79 7
79 88 7
F8
256
43 4 8
4 6 8
6 8 8
8 35 8
35 55 8
F9
256
99 89 9
89 87 9
87 53 9
53 50 9
50 33 9
33 32 9
32 29 9
F10
256
100 76 10
76 98 10
98 63 10
F11
256
3 4 11
4 41 11
41 8 11
8 35 11
35 83 11
83 49 11
49 66 11
66 59 11
F12
256
99 89 12
89 87 12
87 53 12
53 50 12
50 33 12
33 32 12
32 29 12
F13
256
5 7 13
7 9 13
9 13 13
13 11 13
11 16 13
16 21 13
21 26 13
26 19 13
F14
256
72 50 14
50 53 14
53 73 14
F15
256
3 4 15
4 41 15
41 8 15
8 35 15
35 83 15
83 49 15
49 66 15
66 59 15
F16
256
22 18 16
18 14 16
14 11 16
11 58 16
58 52 16
52 71 16
F17
256
42 77 17
77 70 17
70 98 17
98 76 17
76 68 17
68 87 17
F18
256
17 14 18
14 11 18
11 56 18
56 79 18
79 88 18
F19
512
89 87 19
87 68 19
68 76 19
76 61 19
F20
512
27 63 20
63 98 20
98 76 20
76 61 20
61 28 20
F21
512
3 4 21
4 41 21
41 8 21
8 35 21
35 83 21
83 49 21
49 66 21
66 59 21
F22
512
24 20 22
20 16 22
16 11 22
11 13 22
13 12 22
F23
512
46 52 23
52 58 23
58 11 23
11 16 23
16 21 23
21 24 23
24 15 23
F24
512
26 21 24
21 16 24
16 11 24
11 58 24
58 56 24
56 83 24
F25
512
85 91 25
91 100 25
100 76 25
76 82 25
82 74 25
74 81 25
F26
512
99 89 26
89 87 26
87 53 26
53 50 26
50 33 26
33 32 26
32 29 26
F27
512
2 1 27
1 6 27
6 8 27
8 35 27
35 55 27
55 67 27
67 62 27
62 64 27
F28
512
37 32 28
32 39 28
39 50 28
50 28 28
28 23 28
23 40 28
F29
512
99 89 29
89 87 29
87 53 29
53 50 29
50 33 29
33 32 29
32 29 29
F30
1024
43 4 30
4 6 30
6 8 30
8 35 30
35 55 30
F31
1024
90 85 31
85 100 31
100 76 31
76 61 31
61 28 31
28 25 31
25 30 31
F32
1024
22 21 32
21 16 32
16 11 32
11 58 32
58 44 32
44 60 32
F33
1024
22 18 33
18 14 33
14 11 33
11 58 33
58 52 33
52 71 33
F34
1024
66 49 34
49 83 34
83 35 34
35 56 34
F35
1024
90 85 35
85 100 35
100 76 35
76 61 35
61 28 35
28 25 35
25 30 35
F36
1024
66 49 36
49 83 36
83 35 36
35 56 36
F37
1024
21 16 37
16 11 37
11 14 37
F38
1024
43 4 38
4 6 38
6 8 38
8 35 38
35 55 38
F39
1024
48 34 39
34 33 39
33 50 39
50 53 39
53 73 39
73 51 39
F40
1024
37 32 40
32 39 40
39 50 40
50 28 40
28 23 40
23 40 40
