F1
256
72 50 1
50 53 1
53 73 1
F2
256
27 63 2
63 98 2
98 76 2
76 61 2
61 28 2
F3
256
48 34 3
34 33 3
33 50 3
50 53 3
53 73 3
73 51 3
F4
256
5 7 4
7 9 4
9 13 4
13 11 4
11 16 4
16 21 4
21 26 4
26 19 4
F5
256
24 20 5
20 16 5
16 11 5
11 13 5
13 12 5
F6
256
90 85 6
85 100 6
100 76 6
76 61 6
61 28 6
28 25 6
25 30 6
F7
256
22 18 7
18 14 7
14 11 7
11 58 7
58 52 7
52 71 7
F8
256
8 35 8
35 55 8
55 41 8
F9
256
100 76 9
76 98 9
98 63 9
F10
256
72 50 10
50 53 10
53 73 10
F11
256
47 33 11
33 50 11
50 39 11
F12
256
21 16 12
16 11 12
11 14 12
F13
256
43 4 13
4 6 13
6 8 13
8 35 13
35 55 13
F14
256
10 12 14
12 14 14
14 11 14
11 56 14
56 79 14
79 75 14
F15
512
26 21 15
21 16 15
16 11 15
11 58 15
58 56 15
56 83 15
F16
512
100 76 16
76 98 16
98 63 16
F17
512
66 49 17
49 83 17
83 35 17
35 56 17
F18
512
72 50 18
50 53 18
53 73 18
F19
512
2 1 19
1 6 19
6 8 19
8 35 19
35 55 19
55 67 19
67 62 19
62 64 19
F20
512
38 47 20
47 53 20
53 50 20
50 72 20
72 68 20
68 93 20
F21
512
42 77 21
77 70 21
70 98 21
98 76 21
76 68 21
68 87 21
F22
512
5 7 22
7 9 22
9 13 22
13 11 22
11 16 22
16 21 22
21 26 22
26 19 22
F23
512
22 21 23
21 16 23
16 11 23
11 58 23
58 44 23
44 60 23
F24
512
10 12 24
12 14 24
14 11 24
11 56 24
56 79 24
79 75 24
F25
512
66 49 25
49 83 25
83 35 25
35 56 25
F26
512
84 73 26
73 53 26
53 50 26
50 39 26
39 36 26
F27
512
100 76 27
76 98 27
98 63 27
F28
512
80 78 28
78 93 28
93 68 28
68 76 28
76 100 28
100 91 28
F29
512
33 50 29
50 57 29
F30
1024
20 58 30
58 11 30
11 13 30
13 9 30
F31
1024
2 1 31
1 6 31
6 8 31
8 35 31
35 55 31
55 67 31
67 62 31
62 64 31
F32
1024
45 37 32
37 32 32
32 39 32
39 50 32
50 72 32
72 68 32
68 86 32
86 97 32
F33
1024
46 52 33
52 58 33
58 11 33
11 16 33
16 21 33
21 24 33
24 15 33
F34
1024
37 32 34
32 39 34
39 50 34
50 28 34
28 23 34
23 40 34
F35
1024
26 21 35
21 16 35
16 11 35
11 58 35
58 56 35
56 83 35
F36
1024
17 14 36
14 11 36
11 56 36
56 79 36
79 88 36
F37
1024
66 49 37
49 83 37
83 35 37
35 56 37
F38
1024
80 78 38
78 93 38
93 68 38
68 76 38
76 100 38
100 91 38
F39
1024
38 47 39
47 53 39
53 50 39
50 72 39
72 68 39
68 93 39
F40
1024
66 49 40
49 83 40
83 35 40
35 56 40
