F1
256
45 37 1
37 32 1
32 39 1
39 50 1
50 72 1
72 68 1
68 86 1
86 97 1
F2
256
42 77 2
77 70 2
70 98 2
98 76 2
76 68 2
68 87 2
F3
256
66 49 3
49 83 3
83 35 3
35 56 3
F4
256
24 20 4
20 16 4
16 11 4
11 13 4
13 12 4
F5
256
22 18 5
18 14 5
14 11 5
11 58 5
58 52 5
52 71 5
F6
256
48 34 6
34 33 6
33 50 6
50 53 6
53 73 6
73 51 6
F7
256
22 21 7
21 16 7
16 11 7
11 58 7
58 44 7
44 60 7
F8
256
94 97 8
97 86 8
86 68 8
68 76 8
76 82 8
82 74 8
F9
256
22 21 9
21 16 9
16 11 9
11 58 9
58 44 9
44 60 9
F10
256
27 63 10
63 98 10
98 76 10
76 61 10
61 28 10
F11
256
92 96 11
96 93 11
93 68 11
68 76 11
76 82 11
82 95 11
F12
256
47 33 12
33 50 12
50 39 12
F13
256
4 41 13
41 55 13
55 35 13
35 13 13
F14
256
89 87 14
87 68 14
68 76 14
76 61 14
F15
512
46 52 15
52 58 15
58 11 15
11 16 15
16 21 15
21 24 15
24 15 15
F16
512
3 4 16
4 41 16
41 8 16
8 35 16
35 83 16
83 49 16
49 66 16
66 59 16
F17
512
79 56 17
56 35 17
35 55 17
55 67 17
F18
512
2 1 18
1 6 18
6 8 18
8 35 18
35 55 18
55 67 18
67 62 18
62 64 18
F19
512
47 33 19
33 50 19
50 39 19
F20
512
26 21 20
21 16 20
16 11 20
11 58 20
58 56 20
56 83 20
F21
512
8 35 21
35 55 21
55 41 21
F22
512
27 63 22
63 98 22
98 76 22
76 61 22
61 28 22
F23
512
17 14 23
14 11 23
11 56 23
56 79 23
79 88 23
F24
512
3 4 24
4 41 24
41 8 24
8 35 24
35 83 24
83 49 24
49 66 24
66 59 24
F25
512
46 52 25
52 58 25
58 11 25
11 16 25
16 21 25
21 24 25
24 15 25
F26
512
27 63 26
63 98 26
98 76 26
76 61 26
61 28 26
F27
512
84 73 27
73 53 27
53 50 27
50 39 27
39 36 27
F28
512
79 56 28
56 35 28
35 55 28
55 67 28
F29
512
24 20 29
20 16 29
16 11 29
11 13 29
13 12 29
F30
512
1 6 30
6 8 30
8 35 30
35 56 30
56 44 30
44 60 30
F31
1024
94 97 31
97 86 31
86 68 31
68 76 31
76 82 31
82 74 31
F32
1024
99 89 32
89 87 32
87 53 32
53 50 32
50 33 32
33 32 32
32 29 32
F33
1024
5 7 33
7 9 33
9 13 33
13 11 33
11 16 33
16 21 33
21 26 33
26 19 33
F34
1024
27 63 34
63 98 34
98 76 34
76 61 34
61 28 34
F35
1024
46 52 35
52 58 35
58 11 35
11 16 35
16 21 35
21 24 35
24 15 35
F36
1024
100 76 36
76 98 36
98 63 36
F37
1024
99 89 37
89 87 37
87 53 37
53 50 37
50 33 37
33 32 37
32 29 37
F38
1024
3 4 38
4 41 38
41 8 38
8 35 38
35 83 38
83 49 38
49 66 38
66 59 38
F39
1024
3 4 39
4 41 39
41 8 39
8 35 39
35 83 39
83 49 39
49 66 39
66 59 39
F40
1024
20 58 40
58 11 40
11 13 40
13 9 40
