F1
256
90 85 1
85 100 1
100 76 1
76 61 1
61 28 1
28 25 1
25 30 1
F2
256
37 32 2
32 39 2
39 50 2
50 28 2
28 23 2
23 40 2
F3
256
25 28 3
28 61 3
61 76 3
76 98 3
98 63 3
63 65 3
F4
256
90 85 4
85 100 4
100 76 4
76 61 4
61 28 4
28 25 4
25 30 4
F5
256
7 9 5
9 13 5
13 11 5
11 58 5
58 52 5
F6
256
45 37 6
37 32 6
32 39 6
39 50 6
50 72 6
72 68 6
68 86 6
86 97 6
F7
256
21 16 7
16 11 7
11 14 7
F8
256
18 14 8
14 11 8
11 56 8
56 83 8
83 49 8
49 69 8
F9
256
7 9 9
9 13 9
13 11 9
11 58 9
58 52 9
F10
256
21 16 10
16 11 10
11 14 10
F11
256
89 87 11
87 68 11
68 76 11
76 61 11
F12
256
38 47 12
47 53 12
53 50 12
50 72 12
72 68 12
68 93 12
F13
256
72 50 13
50 53 13
53 73 13
F14
256
45 37 14
37 32 14
32 39 14
39 50 14
50 72 14
72 68 14
68 86 14
86 97 14
F15
256
89 87 15
87 68 15
68 76 15
76 61 15
F16
256
89 87 16
87 68 16
68 76 16
76 61 16
F17
256
2 1 17
1 6 17
6 8 17
8 35 17
35 55 17
55 67 17
67 62 17
62 64 17
F18
256
20 58 18
58 11 18
11 13 18
13 9 18
F19
256
80 78 19
78 93 19
93 68 19
68 76 19
76 100 19
100 91 19
F20
512
94 97 20
97 86 20
86 68 20
68 76 20
76 82 20
82 74 20
F21
512
45 37 21
37 32 21
32 39 21
39 50 21
50 72 21
72 68 21
68 86 21
86 97 21
F22
512
10 12 22
12 14 22
14 11 22
11 56 22
56 79 22
79 75 22
F23
512
25 28 23
28 61 23
61 76 23
76 98 23
98 63 23
63 65 23
F24
512
21 16 24
16 11 24
11 14 24
F25
512
100 76 25
76 98 25
98 63 25
F26
512
43 4 26
4 6 26
6 8 26
8 35 26
35 55 26
F27
512
26 21 27
21 16 27
16 11 27
11 58 27
58 56 27
56 83 27
F28
512
8 35 28
35 55 28
55 41 28
F29
512
20 58 29
58 11 29
11 13 29
13 9 29
F30
512
46 52 30
52 58 30
58 11 30
11 16 30
16 21 30
21 24 30
24 15 30
F31
1024
5 7 31
7 9 31
9 13 31
13 11 31
11 16 31
16 21 31
21 26 31
26 19 31
F32
1024
22 18 32
18 14 32
14 11 32
11 58 32
58 52 32
52 71 32
F33
1024
1 6 33
6 8 33
8 35 33
35 56 33
56 44 33
44 60 33
F34
1024
80 78 34
78 93 34
93 68 34
68 76 34
76 100 34
100 91 34
F35
1024
92 96 35
96 93 35
93 68 35
68 76 35
76 82 35
82 95 35
F36
1024
22 18 36
18 14 36
14 11 36
11 58 36
58 52 36
52 71 36
F37
1024
66 49 37
49 83 37
83 35 37
35 56 37
F38
1024
26 21 38
21 16 38
16 11 38
11 58 38
58 56 38
56 83 38
F39
1024
43 4 39
4 6 39
6 8 39
8 35 39
35 55 39
F40
1024
5 7 40
7 9 40
9 13 40
13 11 40
11 16 40
16 21 40
21 26 40
26 19 40
