F1
256
46 52 1
52 58 1
58 11 1
11 16 1
16 21 1
21 24 1
24 15 1
F2
256
43 4 2
4 6 2
6 8 2
8 35 2
35 55 2
F3
256
92 96 3
96 93 3
93 68 3
68 76 3
76 82 3
82 95 3
F4
256
4 41 4
41 55 4
55 35 4
35 13 4
F5
256
8 35 5
35 55 5
55 41 5
F6
256
2 1 6
1 6 6
6 8 6
8 35 6
35 55 6
55 67 6
67 62 6
62 64 6
F7
256
42 77 7
77 70 7
70 98 7
98 76 7
76 68 7
68 87 7
F8
256
27 63 8
63 98 8
98 76 8
76 61 8
61 28 8
F9
256
2 1 9
1 6 9
6 8 9
8 35 9
35 55 9
55 67 9
67 62 9
62 64 9
F10
256
89 87 10
87 68 10
68 76 10
76 61 10
F11
256
43 4 11
4 6 11
6 8 11
8 35 11
35 55 11
F12
512
45 37 12
37 32 12
32 39 12
39 50 12
50 72 12
72 68 12
68 86 12
86 97 12
F13
512
37 32 13
32 39 13
39 50 13
50 28 13
28 23 13
23 40 13
F14
512
94 97 14
97 86 14
86 68 14
68 76 14
76 82 14
82 74 14
F15
512
22 18 15
18 14 15
14 11 15
11 58 15
58 52 15
52 71 15
F16
512
37 32 16
32 39 16
39 50 16
50 28 16
28 23 16
23 40 16
F17
512
5 7 17
7 9 17
9 13 17
13 11 17
11 16 17
16 21 17
21 26 17
26 19 17
F18
512
18 14 18
14 11 18
11 56 18
56 83 18
83 49 18
49 69 18
F19
512
85 91 19
91 100 19
100 76 19
76 82 19
82 74 19
74 81 19
F20
512
46 52 20
52 58 20
58 11 20
11 16 20
16 21 20
21 24 20
24 15 20
F21
512
18 14 21
14 11 21
11 56 21
56 83 21
83 49 21
49 69 21
F22
512
45 37 22
37 32 22
32 39 22
39 50 22
50 72 22
72 68 22
68 86 22
86 97 22
F23
512
94 97 23
97 86 23
86 68 23
68 76 23
76 82 23
82 74 23
F24
512
66 49 24
49 83 24
83 35 24
35 56 24
F25
512
85 91 25
91 100 25
100 76 25
76 82 25
82 74 25
74 81 25
F26
1024
80 78 26
78 93 26
93 68 26
68 76 26
76 100 26
100 91 26
F27
1024
21 16 27
16 11 27
11 14 27
F28
1024
21 16 28
16 11 28
11 14 28
F29
1024
46 52 29
52 58 29
58 11 29
11 16 29
16 21 29
21 24 29
24 15 29
F30
1024
4 41 30
41 55 30
55 35 30
35 13 30
F31
1024
47 33 31
33 50 31
50 39 31
F32
1024
4 41 32
41 55 32
55 35 32
35 13 32
F33
1024
4 41 33
41 55 33
55 35 33
35 13 33
F34
1024
48 34 34
34 33 34
33 50 34
50 53 34
53 73 34
73 51 34
F35
1024
45 37 35
37 32 35
32 39 35
39 50 35
50 72 35
72 68 35
68 86 35
86 97 35
F36
1024
72 50 36
50 53 36
53 73 36
F37
1024
21 16 37
16 11 37
11 14 37
F38
1024
22 18 38
18 14 38
14 11 38
11 58 38
58 52 38
52 71 38
F39
1024
5 7 39
7 9 39
9 13 39
13 11 39
11 16 39
16 21 39
21 26 39
26 19 39
F40
1024
79 56 40
56 35 40
35 55 40
55 67 40
