F1
256
10 12 1
12 14 1
14 11 1
11 56 1
56 79 1
79 75 1
F2
256
1 6 2
6 8 2
8 35 2
35 56 2
56 44 2
44 60 2
F3
256
72 50 3
50 53 3
53 73 3
F4
256
89 87 4
87 68 4
68 76 4
76 61 4
F5
256
46 52 5
52 58 5
58 11 5
11 16 5
16 21 5
21 24 5
24 15 5
F6
256
10 12 6
12 14 6
14 11 6
11 56 6
56 79 6
79 75 6
F7
256
38 47 7
47 53 7
53 50 7
50 72 7
72 68 7
68 93 7
F8
256
10 12 8
12 14 8
14 11 8
11 56 8
56 79 8
79 75 8
F9
256
85 91 9
91 100 9
100 76 9
76 82 9
82 74 9
74 81 9
F10
256
2 1 10
1 6 10
6 8 10
8 35 10
35 55 10
55 67 10
67 62 10
62 64 10
F11
256
37 32 11
32 39 11
39 50 11
50 28 11
28 23 11
23 40 11
F12
512
4 41 12
41 55 12
55 35 12
35 13 12
F13
512
38 47 13
47 53 13
53 50 13
50 72 13
72 68 13
68 93 13
F14
512
22 21 14
21 16 14
16 11 14
11 58 14
58 44 14
44 60 14
F15
512
37 32 15
32 39 15
39 50 15
50 28 15
28 23 15
23 40 15
F16
512
46 52 16
52 58 16
58 11 16
11 16 16
16 21 16
21 24 16
24 15 16
F17
512
26 21 17
21 16 17
16 11 17
11 58 17
58 56 17
56 83 17
F18
512
45 37 18
37 32 18
32 39 18
39 50 18
50 72 18
72 68 18
68 86 18
86 97 18
F19
512
42 77 19
77 70 19
70 98 19
98 76 19
76 68 19
68 87 19
F20
512
37 32 20
32 39 20
39 50 20
50 28 20
28 23 20
23 40 20
F21
512
84 73 21
73 53 21
53 50 21
50 39 21
39 36 21
F22
512
46 52 22
52 58 22
58 11 22
11 16 22
16 21 22
21 24 22
24 15 22
F23
512
80 78 23
78 93 23
93 68 23
68 76 23
76 100 23
100 91 23
F24
512
89 87 24
87 68 24
68 76 24
76 61 24
F25
512
20 58 25
58 11 25
11 13 25
13 9 25
F26
512
47 33 26
33 50 26
50 39 26
F27
512
48 34 27
34 33 27
33 50 27
50 53 27
53 73 27
73 51 27
F28
512
80 78 28
78 93 28
93 68 28
68 76 28
76 100 28
100 91 28
F29
512
43 4 29
4 6 29
6 8 29
8 35 29
35 55 29
F30
1024
54 31 30
31 41 30
41 8 30
8 35 30
35 56 30
56 58 30
58 16 30
F31
1024
47 33 31
33 50 31
50 39 31
F32
1024
47 33 32
33 50 32
50 39 32
F33
1024
42 77 33
77 70 33
70 98 33
98 76 33
76 68 33
68 87 33
F34
1024
22 18 34
18 14 34
14 11 34
11 58 34
58 52 34
52 71 34
F35
1024
5 7 35
7 9 35
9 13 35
13 11 35
11 16 35
16 21 35
21 26 35
26 19 35
F36
1024
43 4 36
4 6 36
6 8 36
8 35 36
35 55 36
F37
1024
79 56 37
56 35 37
35 55 37
55 67 37
F38
1024
54 31 38
31 41 38
41 8 38
8 35 38
35 56 38
56 58 38
58 16 38
F39
1024
3 4 39
4 41 39
41 8 39
8 35 39
35 83 39
83 49 39
49 66 39
66 59 39
F40
1024
42 77 40
77 70 40
70 98 40
98 76 40
76 68 40
68 87 40
