F1
256
18 14 1
14 11 1
11 56 1
56 83 1
83 49 1
49 69 1
F2
256
37 32 2
32 39 2
39 50 2
50 28 2
28 23 2
23 40 2
F3
256
79 56 3
56 35 3
35 55 3
55 67 3
F4
256
1 6 4
6 8 4
8 35 4
35 56 4
56 44 4
44 60 4
F5
256
17 14 5
14 11 5
11 56 5
56 79 5
79 88 5
F6
256
79 56 6
56 35 6
35 55 6
55 67 6
F7
256
47 33 7
33 50 7
50 39 7
F8
256
8 35 8
35 55 8
55 41 8
F9
256
18 14 9
14 11 9
11 56 9
56 83 9
83 49 9
49 69 9
F10
256
18 14 10
14 11 10
11 56 10
56 83 10
83 49 10
49 69 10
F11
512
92 96 11
96 93 11
93 68 11
68 76 11
76 82 11
82 95 11
F12
512
100 76 12
76 98 12
98 63 12
F13
512
92 96 13
96 93 13
93 68 13
68 76 13
76 82 13
82 95 13
F14
512
2 1 14
1 6 14
6 8 14
8 35 14
35 55 14
55 67 14
67 62 14
62 64 14
F15
512
72 50 15
50 53 15
53 73 15
F16
512
2 1 16
1 6 16
6 8 16
8 35 16
35 55 16
55 67 16
67 62 16
62 64 16
F17
512
79 56 17
56 35 17
35 55 17
55 67 17
F18
512
66 49 18
49 83 18
83 35 18
35 56 18
F19
512
20 58 19
58 11 19
11 13 19
13 9 19
F20
512
42 77 20
77 70 20
70 98 20
98 76 20
76 68 20
68 87 20
F21
512
21 16 21
16 11 21
11 14 21
F22
512
46 52 22
52 58 22
58 11 22
11 16 22
16 21 22
21 24 22
24 15 22
F23
512
90 85 23
85 100 23
100 76 23
76 61 23
61 28 23
28 25 23
25 30 23
F24
512
5 7 24
7 9 24
9 13 24
13 11 24
11 16 24
16 21 24
21 26 24
26 19 24
F25
1024
18 14 25
14 11 25
11 56 25
56 83 25
83 49 25
49 69 25
F26
1024
27 63 26
63 98 26
98 76 26
76 61 26
61 28 26
F27
1024
47 33 27
33 50 27
50 39 27
F28
1024
99 89 28
89 87 28
87 53 28
53 50 28
50 33 28
33 32 28
32 29 28
F29
1024
25 28 29
28 61 29
61 76 29
76 98 29
98 63 29
63 65 29
F30
1024
99 89 30
89 87 30
87 53 30
53 50 30
50 33 30
33 32 30
32 29 30
F31
1024
20 58 31
58 11 31
11 13 31
13 9 31
F32
1024
10 12 32
12 14 32
14 11 32
11 56 32
56 79 32
79 75 32
F33
1024
37 32 33
32 39 33
39 50 33
50 28 33
28 23 33
23 40 33
F34
1024
27 63 34
63 98 34
98 76 34
76 61 34
61 28 34
F35
1024
21 16 35
16 11 35
11 14 35
F36
1024
5 7 36
7 9 36
9 13 36
13 11 36
11 16 36
16 21 36
21 26 36
26 19 36
F37
1024
92 96 37
96 93 37
93 68 37
68 76 37
76 82 37
82 95 37
F38
1024
92 96 38
96 93 38
93 68 38
68 76 38
76 82 38
82 95 38
F39
1024
38 47 39
47 53 39
53 50 39
50 72 39
72 68 39
68 93 39
F40
1024
22 21 40
21 16 40
16 11 40
11 58 40
58 44 40
44 60 40
