F1
256
21 16 1
16 11 1
11 14 1
F2
256
3 4 2
4 41 2
41 8 2
8 35 2
35 83 2
83 49 2
49 66 2
66 59 2
F3
256
18 14 3
14 11 3
11 56 3
56 83 3
83 49 3
49 69 3
F4
256
37 32 4
32 39 4
39 50 4
50 28 4
28 23 4
23 40 4
F5
256
4 41 5
41 55 5
55 35 5
35 13 5
F6
256
33 50 6
50 57 6
F7
256
26 21 7
21 16 7
16 11 7
11 58 7
58 56 7
56 83 7
F8
256
18 14 8
14 11 8
11 56 8
56 83 8
83 49 8
49 69 8
F9
256
21 16 9
16 11 9
11 14 9
F10
256
10 12 10
12 14 10
14 11 10
11 56 10
56 79 10
79 75 10
F11
256
26 21 11
21 16 11
16 11 11
11 58 11
58 56 11
56 83 11
F12
256
5 7 12
7 9 12
9 13 12
13 11 12
11 16 12
16 21 12
21 26 12
26 19 12
F13
256
100 76 13
76 98 13
98 63 13
F14
256
47 33 14
33 50 14
50 39 14
F15
256
85 91 15
91 100 15
100 76 15
76 82 15
82 74 15
74 81 15
F16
256
4 41 16
41 55 16
55 35 16
35 13 16
F17
256
45 37 17
37 32 17
32 39 17
39 50 17
50 72 17
72 68 17
68 86 17
86 97 17
F18
256
72 50 18
50 53 18
53 73 18
F19
256
72 50 19
50 53 19
53 73 19
F20
256
5 7 20
7 9 20
9 13 20
13 11 20
11 16 20
16 21 20
21 26 20
26 19 20
F21
512
27 63 21
63 98 21
98 76 21
76 61 21
61 28 21
F22
512
46 52 22
52 58 22
58 11 22
11 16 22
16 21 22
21 24 22
24 15 22
F23
512
21 16 23
16 11 23
11 14 23
F24
512
37 32 24
32 39 24
39 50 24
50 28 24
28 23 24
23 40 24
F25
512
5 7 25
7 9 25
9 13 25
13 11 25
11 16 25
16 21 25
21 26 25
26 19 25
F26
512
48 34 26
34 33 26
33 50 26
50 53 26
53 73 26
73 51 26
F27
512
22 18 27
18 14 27
14 11 27
11 58 27
58 52 27
52 71 27
F28
512
27 63 28
63 98 28
98 76 28
76 61 28
61 28 28
F29
512
99 89 29
89 87 29
87 53 29
53 50 29
50 33 29
33 32 29
32 29 29
F30
1024
25 28 30
28 61 30
61 76 30
76 98 30
98 63 30
63 65 30
F31
1024
25 28 31
28 61 31
61 76 31
76 98 31
98 63 31
63 65 31
F32
1024
43 4 32
4 6 32
6 8 32
8 35 32
35 55 32
F33
1024
90 85 33
85 100 33
100 76 33
76 61 33
61 28 33
28 25 33
25 30 33
F34
1024
46 52 34
52 58 34
58 11 34
11 16 34
16 21 34
21 24 34
24 15 34
F35
1024
26 21 35
21 16 35
16 11 35
11 58 35
58 56 35
56 83 35
F36
1024
22 21 36
21 16 36
16 11 36
11 58 36
58 44 36
44 60 36
F37
1024
22 18 37
18 14 37
14 11 37
11 58 37
58 52 37
52 71 37
F38
1024
42 77 38
77 70 38
70 98 38
98 76 38
76 68 38
68 87 38
F39
1024
99 89 39
89 87 39
87 53 39
53 50 39
50 33 39
33 32 39
32 29 39
F40
1024
5 7 40
7 9 40
9 13 40
13 11 40
11 16 40
16 21 40
21 26 40
26 19 40
