0.0599963355811
0.0715633411002
0.0655146789679
0.0677984402717
0.0747371075182
0.0631015303274
0.0713909543294
0.0675671895374
0.0627840973267
0.0642011706155
0.0670211831553
0.0737953055419
0.0674779164083
0.0761766098953
0.0703193073053
0.0766056960537
0.0617602371101
0.0615971414794
0.0552286359647
0.062838222135
0.0735988169474
0.0645462439925
0.0747112847372
0.0604538454278
0.0613767049513
0.0608733050461
0.0662486588274
0.0721486010343
0.0760463963003
0.0591322404622
0.0583104680466
0.0664896487974
0.0703051223952
0.0604878780084
0.0694454795392
0.0664077455258
0.0640087300072
0.0675124984673
0.0815353768138
0.0758231202077
0.0828563552367
0.0766113560621
0.0651983355226
0.0759611536973
0.0727127905168
0.0722378631079
0.0684830154586
0.0703046586528
0.0712513973999
0.0666435887184
0.0571476938865
0.0545780762616
0.0590931358289
0.0694289434249
0.0717097689589
0.073675452056
0.0752037176799
0.0710331139544
0.0617953720592
0.0646248753579
0.075855146044
0.0754448586885
0.0675359431137
0.0768278651759
0.0724373519667
0.073491233601
0.0651080733608
0.0703765987173
0.0662469663785
0.065788518439
0.075544641284
0.0666672249567
0.0731935677913
0.0776926099939
0.0715407151187
0.0714354804511
0.0599374450873
0.0731642804041
0.066735702653
0.0648403315911
0.0615467737841
0.0699289633607
0.0774776129328
0.0639321863314
0.0638182009093
0.0635384012748
0.0715819135985
0.0687494432966
0.0607649733672
0.0619500423606
0.063668241577
0.0660281759337
0.0617865395847
0.0646763991049
0.0604258157715
0.0703600732693
0.0708051348466
0.065542281585
0.0734495022934
0.0617602371101
