0.137526708371
0.135103747144
0.178037440341
0.15386704544
0.158755528811
0.161054816574
0.133447996766
0.159171768299
0.15019986265
0.138563341017
0.138670695988
0.13737871409
0.146040535744
0.136361133171
0.137421842371
0.132460529427
0.134520665349
0.145208389224
0.145339306775
0.139976859394
0.136245211127
0.128347928312
0.153394095334
0.123298958316
0.137699791536
0.139305595295
0.134317276208
0.127485933658
0.143320795892
0.147829911641
0.139360735532
0.144625725404
0.146071991241
0.131412266877
0.11360398168
0.14426136506
0.130680916386
0.134087680503
0.144416925002
0.139300614424
0.135424827485
0.142623169877
0.141007166348
0.141331476115
0.137766714886
0.148117741897
0.138344616691
0.136584504773
0.140876617876
0.140147134502
0.136401496307
0.132135398887
0.139260963537
0.130833726614
0.137018540433
0.1348062235
0.147633455786
0.134929483088
0.142417903061
0.136629605649
0.139641736983
0.128792204228
0.128656042127
0.142565863414
0.139851089111
0.137393686258
0.141872131804
0.141136115778
0.128525748257
0.123204002446
0.151320847402
0.135279303075
0.135469935314
0.133620626647
0.153060097861
0.147693513089
0.122393740123
0.128619452566
0.138010269341
0.13028150923
0.128801355265
0.129970282763
0.124487346337
0.143979841074
0.13149971996
0.148791749266
0.137030568957
0.13987536852
0.137033290411
0.140742754888
0.134944992986
0.154242442939
0.145536109072
0.133741224123
0.137114750866
0.136875578184
0.125063829673
0.146274048453
0.137056728002
0.15070235099
