F1
256
17 18 1
18 49 1
49 63 1
63 77 1
F2
256
54 68 2
68 82 2
82 81 2
81 80 2
80 79 2
F3
256
66 80 3
80 81 3
81 82 3
82 68 3
F4
256
52 51 4
51 50 4
50 49 4
49 63 4
63 64 4
64 65 4
F5
256
71 56 5
56 38 5
38 40 5
40 36 5
36 32 5
32 34 5
34 31 5
31 28 5
F6
256
72 20 6
20 17 6
17 14 6
14 11 6
11 8 6
8 9 6
9 6 6
F7
256
88 83 7
83 69 7
69 55 7
55 54 7
54 53 7
F8
256
52 51 8
51 50 8
50 49 8
49 63 8
63 64 8
64 65 8
F9
256
4 9 9
9 8 9
8 11 9
11 12 9
12 47 9
47 46 9
F10
256
59 39 10
39 40 10
40 36 10
36 37 10
37 33 10
33 98 10
F11
256
95 76 11
76 77 11
77 63 11
63 49 11
49 50 11
50 22 11
22 18 11
F12
512
83 82 12
82 68 12
68 54 12
54 34 12
F13
512
42 41 13
41 40 13
40 36 13
36 37 13
37 73 13
73 98 13
98 100 13
F14
512
97 76 14
76 77 14
77 63 14
63 49 14
49 48 14
48 16 14
16 14 14
F15
512
69 68 15
68 82 15
82 81 15
81 80 15
F16
512
56 55 16
55 54 16
54 68 16
68 82 16
82 81 16
81 67 16
F17
512
51 50 17
50 49 17
49 63 17
63 64 17
F18
512
41 40 18
40 36 18
36 37 18
37 73 18
F19
512
2 15 19
15 14 19
14 11 19
11 12 19
12 47 19
47 61 19
61 75 19
F20
1024
74 75 20
75 76 20
76 77 20
77 63 20
63 64 20
64 78 20
78 77 20
77 94 20
F21
1024
43 38 21
38 40 21
40 36 21
36 32 21
32 29 21
29 27 21
27 26 21
F22
1024
1 13 22
13 11 22
11 12 22
12 47 22
47 61 22
61 60 22
F23
1024
72 20 23
20 17 23
17 14 23
14 11 23
11 8 23
8 9 23
9 6 23
F24
1024
95 76 24
76 77 24
77 63 24
63 49 24
49 50 24
50 22 24
22 18 24
F25
1024
69 68 25
68 82 25
82 81 25
81 80 25
F26
1024
85 84 26
84 83 26
83 82 26
82 81 26
81 80 26
80 91 26
F27
1024
50 64 27
64 63 27
63 77 27
77 76 27
F28
1024
41 40 28
40 36 28
36 37 28
37 73 28
F29
1024
58 19 29
19 15 29
15 13 29
13 11 29
11 8 29
8 10 29
10 7 29
F30
1024
23 20 30
20 17 30
17 14 30
14 11 30
11 12 30
12 16 30
