F1
256
95 76 1
76 77 1
77 63 1
63 49 1
49 50 1
50 22 1
22 18 1
F2
256
19 15 2
15 13 2
13 11 2
11 12 2
12 10 2
F3
256
52 51 3
51 50 3
50 49 3
49 63 3
63 64 3
64 65 3
F4
256
59 39 4
39 40 4
40 36 4
36 37 4
37 33 4
33 98 4
F5
256
58 19 5
19 15 5
15 13 5
13 11 5
11 8 5
8 10 5
10 7 5
F6
256
59 39 6
39 40 6
40 36 6
36 37 6
37 33 6
33 98 6
F7
256
9 8 7
8 11 7
11 14 7
14 15 7
F8
256
69 68 8
68 82 8
82 81 8
81 80 8
F9
256
96 95 9
95 76 9
75 77 9
77 63 9
63 49 9
49 18 9
18 17 9
17 20 9
F10
256
2 15 10
15 14 10
14 11 10
11 12 10
12 47 10
47 61 10
61 75 10
F11
256
70 69 11
69 68 11
68 82 11
82 81 11
F12
512
96 95 12
95 76 12
75 77 12
77 63 12
63 49 12
49 18 12
18 17 12
17 20 12
F13
512
19 15 13
15 13 13
13 11 13
11 12 13
12 10 13
F14
512
96 95 14
95 76 14
75 77 14
77 63 14
63 49 14
49 18 14
18 17 14
17 20 14
F15
512
56 55 15
55 54 15
54 68 15
68 82 15
82 81 15
81 67 15
F16
512
17 18 16
18 49 16
49 63 16
63 77 16
F17
512
96 95 17
95 76 17
75 77 17
77 63 17
63 49 17
49 18 17
18 17 17
17 20 17
F18
512
66 80 18
80 81 18
81 82 18
82 68 18
F19
512
21 19 19
19 17 19
17 14 19
14 11 19
11 8 19
8 5 19
F20
512
3 6 20
6 9 20
9 13 20
13 11 20
11 14 20
14 16 20
16 48 20
48 62 20
F21
512
57 56 21
56 55 21
55 35 21
35 36 21
36 32 21
32 29 21
29 30 21
F22
512
54 68 22
68 82 22
82 81 22
81 80 22
80 79 22
F23
1024
17 18 23
18 49 23
49 63 23
63 77 23
F24
1024
17 18 24
18 49 24
49 63 24
63 77 24
F25
1024
45 42 25
42 39 25
39 40 25
40 36 25
36 37 25
37 33 25
33 98 25
F26
1024
45 42 26
42 39 26
39 40 26
40 36 26
36 37 26
37 33 26
33 98 26
F27
1024
83 82 27
82 68 27
68 54 27
54 34 27
F28
1024
59 39 28
39 40 28
40 36 28
36 37 28
37 33 28
33 98 28
F29
1024
72 20 29
20 17 29
17 14 29
14 11 29
11 8 29
8 9 29
9 6 29
F30
1024
56 55 30
55 54 30
54 68 30
68 82 30
82 81 30
81 67 30
