F1
256
86 87 1
87 88 1
88 83 1
83 82 1
82 81 1
81 80 1
80 79 1
79 92 1
F2
256
85 84 2
84 83 2
83 82 2
82 81 2
81 80 2
80 91 2
F3
256
44 19 3
19 15 3
15 14 3
14 11 3
11 12 3
12 47 3
47 48 3
48 49 3
F4
256
71 56 4
56 38 4
38 40 4
40 36 4
36 32 4
32 34 4
34 31 4
31 28 4
F5
256
95 76 5
76 77 5
77 63 5
63 49 5
49 50 5
50 22 5
22 18 5
F6
256
96 95 6
95 76 6
75 77 6
77 63 6
63 49 6
49 18 6
18 17 6
17 20 6
F7
256
97 76 7
76 77 7
77 63 7
63 49 7
49 48 7
48 16 7
16 14 7
F8
256
52 51 8
51 50 8
50 49 8
49 63 8
63 64 8
64 65 8
F9
256
93 78 9
78 64 9
64 63 9
63 49 9
49 18 9
18 16 9
16 12 9
F10
256
85 84 10
84 83 10
83 82 10
82 81 10
81 80 10
80 91 10
F11
512
41 40 11
40 36 11
36 37 11
37 73 11
F12
512
52 51 12
51 50 12
50 49 12
49 63 12
63 64 12
64 65 12
F13
512
1 13 13
13 11 13
11 12 13
12 47 13
47 61 13
61 60 13
F14
512
21 19 14
19 17 14
17 14 14
14 11 14
11 8 14
8 5 14
F15
512
50 64 15
64 63 15
63 77 15
77 76 15
F16
512
2 15 16
15 14 16
14 11 16
11 12 16
12 47 16
47 61 16
61 75 16
F17
512
86 87 17
87 88 17
88 83 17
83 82 17
82 81 17
81 80 17
80 79 17
79 92 17
F18
512
59 39 18
39 40 18
40 36 18
36 37 18
37 33 18
33 98 18
F19
512
19 15 19
15 13 19
13 11 19
11 12 19
12 10 19
F20
512
95 76 20
76 77 20
77 63 20
63 49 20
49 50 20
50 22 20
22 18 20
F21
512
3 6 21
6 9 21
9 13 21
13 11 21
11 14 21
14 16 21
16 48 21
48 62 21
F22
512
21 19 22
19 17 22
17 14 22
14 11 22
11 8 22
8 5 22
F23
512
43 38 23
38 40 23
40 36 23
36 32 23
32 29 23
29 27 23
27 26 23
F24
512
83 82 24
82 68 24
68 54 24
54 34 24
F25
1024
95 76 25
76 77 25
77 63 25
63 49 25
49 50 25
50 22 25
22 18 25
F26
1024
19 15 26
15 13 26
13 11 26
11 12 26
12 10 26
F27
1024
66 80 27
80 81 27
81 82 27
82 68 27
F28
1024
56 55 28
55 54 28
54 68 28
68 82 28
82 81 28
81 67 28
F29
1024
74 75 29
75 76 29
76 77 29
77 63 29
63 64 29
64 78 29
78 77 29
77 94 29
F30
1024
84 83 30
83 82 30
82 81 30
81 90 30
