F1
256
1 13 1
13 11 1
11 12 1
12 47 1
47 61 1
61 60 1
F2
256
71 56 2
56 38 2
38 40 2
40 36 2
36 32 2
32 34 2
34 31 2
31 28 2
F3
256
58 19 3
19 15 3
15 13 3
13 11 3
11 8 3
8 10 3
10 7 3
F4
256
83 82 4
82 68 4
68 54 4
54 34 4
F5
256
59 39 5
39 40 5
40 36 5
36 37 5
37 33 5
33 98 5
F6
256
93 78 6
78 64 6
64 63 6
63 49 6
49 18 6
18 16 6
16 12 6
F7
256
51 50 7
50 49 7
49 63 7
63 64 7
F8
256
95 76 8
76 77 8
77 63 8
63 49 8
49 50 8
50 22 8
22 18 8
F9
256
95 76 9
76 77 9
77 63 9
63 49 9
49 50 9
50 22 9
22 18 9
F10
256
19 15 10
15 13 10
13 11 10
11 12 10
12 10 10
F11
512
27 29 11
29 32 11
32 36 11
36 35 11
35 55 11
F12
512
59 39 12
39 40 12
40 36 12
36 37 12
37 33 12
33 98 12
F13
512
66 80 13
80 81 13
81 82 13
82 68 13
F14
512
9 8 14
8 11 14
11 14 14
14 15 14
F15
512
23 20 15
20 17 15
17 14 15
14 11 15
11 12 15
12 16 15
F16
512
72 20 16
20 17 16
17 14 16
14 11 16
11 8 16
8 9 16
9 6 16
F17
512
59 39 17
39 40 17
40 36 17
36 37 17
37 33 17
33 98 17
F18
512
58 19 18
19 15 18
15 13 18
13 11 18
11 8 18
8 10 18
10 7 18
F19
512
84 83 19
83 82 19
82 81 19
81 90 19
F20
1024
2 15 20
15 14 20
14 11 20
11 12 20
12 47 20
47 61 20
61 75 20
F21
1024
66 80 21
80 81 21
81 82 21
82 68 21
F22
1024
52 51 22
51 50 22
50 49 22
49 63 22
63 64 22
64 65 22
F23
1024
44 19 23
19 15 23
15 14 23
14 11 23
11 12 23
12 47 23
47 48 23
48 49 23
F24
1024
56 55 24
55 54 24
54 68 24
68 82 24
82 81 24
81 67 24
F25
1024
51 50 25
50 49 25
49 63 25
63 64 25
F26
1024
56 55 26
55 54 26
54 68 26
68 82 26
82 81 26
81 67 26
F27
1024
42 41 27
41 40 27
40 36 27
36 37 27
37 73 27
73 98 27
98 100 27
F28
1024
45 42 28
42 39 28
39 40 28
40 36 28
36 37 28
37 33 28
33 98 28
F29
1024
45 42 29
42 39 29
39 40 29
40 36 29
36 37 29
37 33 29
33 98 29
F30
1024
50 64 30
64 63 30
63 77 30
77 76 30
