F1
256
43 38 1
38 40 1
40 36 1
36 32 1
32 29 1
29 27 1
27 26 1
F2
256
69 68 2
68 82 2
82 81 2
81 80 2
F3
256
74 75 3
75 76 3
76 77 3
77 63 3
63 64 3
64 78 3
78 77 3
77 94 3
F4
256
96 95 4
95 76 4
75 77 4
77 63 4
63 49 4
49 18 4
18 17 4
17 20 4
F5
256
44 19 5
19 15 5
15 14 5
14 11 5
11 12 5
12 47 5
47 48 5
48 49 5
F6
256
3 6 6
6 9 6
9 13 6
13 11 6
11 14 6
14 16 6
16 48 6
48 62 6
F7
512
19 15 7
15 13 7
13 11 7
11 12 7
12 10 7
F8
512
85 84 8
84 83 8
83 82 8
82 81 8
81 80 8
80 91 8
F9
512
93 78 9
78 64 9
64 63 9
63 49 9
49 18 9
18 16 9
16 12 9
F10
512
21 19 10
19 17 10
17 14 10
14 11 10
11 8 10
8 5 10
F11
512
59 39 11
39 40 11
40 36 11
36 37 11
37 33 11
33 98 11
F12
512
71 56 12
56 38 12
38 40 12
40 36 12
36 32 12
32 34 12
34 31 12
31 28 12
F13
512
19 15 13
15 13 13
13 11 13
11 12 13
12 10 13
F14
512
88 83 14
83 69 14
69 55 14
55 54 14
54 53 14
F15
512
85 84 15
84 83 15
83 82 15
82 81 15
81 80 15
80 91 15
F16
512
43 38 16
38 40 16
40 36 16
36 32 16
32 29 16
29 27 16
27 26 16
F17
512
1 13 17
13 11 17
11 12 17
12 47 17
47 61 17
61 60 17
F18
512
44 19 18
19 15 18
15 14 18
14 11 18
11 12 18
12 47 18
47 48 18
48 49 18
F19
1024
85 84 19
84 83 19
83 82 19
82 81 19
81 80 19
80 91 19
F20
1024
70 69 20
69 68 20
68 82 20
82 81 20
F21
1024
21 19 21
19 17 21
17 14 21
14 11 21
11 8 21
8 5 21
F22
1024
57 56 22
56 55 22
55 35 22
35 36 22
36 32 22
32 29 22
29 30 22
F23
1024
22 50 23
50 49 23
49 63 23
63 62 23
62 61 23
F24
1024
51 50 24
50 49 24
49 63 24
63 64 24
F25
1024
52 51 25
51 50 25
50 49 25
49 63 25
63 64 25
64 65 25
F26
1024
54 68 26
68 82 26
82 81 26
81 80 26
80 79 26
F27
1024
54 68 27
68 82 27
82 81 27
81 80 27
80 79 27
F28
1024
54 68 28
68 82 28
82 81 28
81 80 28
80 79 28
F29
1024
87 84 29
84 83 29
83 82 29
82 89 29
F30
1024
44 19 30
19 15 30
15 14 30
14 11 30
11 12 30
12 47 30
47 48 30
48 49 30
