F1
256
66 80 1
80 81 1
81 82 1
82 68 1
F2
256
88 83 2
83 69 2
69 55 2
55 54 2
54 53 2
F3
256
44 19 3
19 15 3
15 14 3
14 11 3
11 12 3
12 47 3
47 48 3
48 49 3
F4
256
97 76 4
76 77 4
77 63 4
63 49 4
49 48 4
48 16 4
16 14 4
F5
256
44 19 5
19 15 5
15 14 5
14 11 5
11 12 5
12 47 5
47 48 5
48 49 5
F6
256
69 68 6
68 82 6
82 81 6
81 80 6
F7
512
72 20 7
20 17 7
17 14 7
14 11 7
11 8 7
8 9 7
9 6 7
F8
512
72 20 8
20 17 8
17 14 8
14 11 8
11 8 8
8 9 8
9 6 8
F9
512
4 9 9
9 8 9
8 11 9
11 12 9
12 47 9
47 46 9
F10
512
71 56 10
56 38 10
38 40 10
40 36 10
36 32 10
32 34 10
34 31 10
31 28 10
F11
512
93 78 11
78 64 11
64 63 11
63 49 11
49 18 11
18 16 11
16 12 11
F12
512
3 6 12
6 9 12
9 13 12
13 11 12
11 14 12
14 16 12
16 48 12
48 62 12
F13
512
43 38 13
38 40 13
40 36 13
36 32 13
32 29 13
29 27 13
27 26 13
F14
512
69 68 14
68 82 14
82 81 14
81 80 14
F15
512
1 13 15
13 11 15
11 12 15
12 47 15
47 61 15
61 60 15
F16
512
19 15 16
15 13 16
13 11 16
11 12 16
12 10 16
F17
512
66 80 17
80 81 17
81 82 17
82 68 17
F18
512
1 13 18
13 11 18
11 12 18
12 47 18
47 61 18
61 60 18
F19
512
85 84 19
84 83 19
83 82 19
82 81 19
81 80 19
80 91 19
F20
1024
57 56 20
56 55 20
55 35 20
35 36 20
36 32 20
32 29 20
29 30 20
F21
1024
83 82 21
82 68 21
68 54 21
54 34 21
F22
1024
57 56 22
56 55 22
55 35 22
35 36 22
36 32 22
32 29 22
29 30 22
F23
1024
72 20 23
20 17 23
17 14 23
14 11 23
11 8 23
8 9 23
9 6 23
F24
1024
50 64 24
64 63 24
63 77 24
77 76 24
F25
1024
27 29 25
29 32 25
32 36 25
36 35 25
35 55 25
F26
1024
52 51 26
51 50 26
50 49 26
49 63 26
63 64 26
64 65 26
F27
1024
43 38 27
38 40 27
40 36 27
36 32 27
32 29 27
29 27 27
27 26 27
F28
1024
1 13 28
13 11 28
11 12 28
12 47 28
47 61 28
61 60 28
F29
1024
4 9 29
9 8 29
8 11 29
11 12 29
12 47 29
47 46 29
F30
1024
22 50 30
50 49 30
49 63 30
63 62 30
62 61 30
