F1
256
66 80 1
80 81 1
81 82 1
82 68 1
F2
256
71 56 2
56 38 2
38 40 2
40 36 2
36 32 2
32 34 2
34 31 2
31 28 2
F3
256
2 15 3
15 14 3
14 11 3
11 12 3
12 47 3
47 61 3
61 75 3
F4
256
56 55 4
55 54 4
54 68 4
68 82 4
82 81 4
81 67 4
F5
256
27 29 5
29 32 5
32 36 5
36 35 5
35 55 5
F6
256
57 56 6
56 55 6
55 35 6
35 36 6
36 32 6
32 29 6
29 30 6
F7
256
74 75 7
75 76 7
76 77 7
77 63 7
63 64 7
64 78 7
78 77 7
77 94 7
F8
256
69 68 8
68 82 8
82 81 8
81 80 8
F9
256
93 78 9
78 64 9
64 63 9
63 49 9
49 18 9
18 16 9
16 12 9
F10
512
17 18 10
18 49 10
49 63 10
63 77 10
F11
512
84 83 11
83 82 11
82 81 11
81 90 11
F12
512
85 84 12
84 83 12
83 82 12
82 81 12
81 80 12
80 91 12
F13
512
45 42 13
42 39 13
39 40 13
40 36 13
36 37 13
37 33 13
33 98 13
F14
512
45 42 14
42 39 14
39 40 14
40 36 14
36 37 14
37 33 14
33 98 14
F15
512
23 20 15
20 17 15
17 14 15
14 11 15
11 12 15
12 16 15
F16
512
96 95 16
95 76 16
75 77 16
77 63 16
63 49 16
49 18 16
18 17 16
17 20 16
F17
512
96 95 17
95 76 17
75 77 17
77 63 17
63 49 17
49 18 17
18 17 17
17 20 17
F18
512
41 40 18
40 36 18
36 37 18
37 73 18
F19
512
3 6 19
6 9 19
9 13 19
13 11 19
11 14 19
14 16 19
16 48 19
48 62 19
F20
512
85 84 20
84 83 20
83 82 20
82 81 20
81 80 20
80 91 20
F21
512
43 38 21
38 40 21
40 36 21
36 32 21
32 29 21
29 27 21
27 26 21
F22
512
51 50 22
50 49 22
49 63 22
63 64 22
F23
1024
95 76 23
76 77 23
77 63 23
63 49 23
49 50 23
50 22 23
22 18 23
F24
1024
4 9 24
9 8 24
8 11 24
11 12 24
12 47 24
47 46 24
F25
1024
97 76 25
76 77 25
77 63 25
63 49 25
49 48 25
48 16 25
16 14 25
F26
1024
3 6 26
6 9 26
9 13 26
13 11 26
11 14 26
14 16 26
16 48 26
48 62 26
F27
1024
17 18 27
18 49 27
49 63 27
63 77 27
F28
1024
56 55 28
55 54 28
54 68 28
68 82 28
82 81 28
81 67 28
F29
1024
56 55 29
55 54 29
54 68 29
68 82 29
82 81 29
81 67 29
F30
1024
59 39 30
39 40 30
40 36 30
36 37 30
37 33 30
33 98 30
