F1
256
21 19 1
19 17 1
17 14 1
14 11 1
11 8 1
8 5 1
F2
256
70 69 2
69 68 2
68 82 2
82 81 2
F3
256
83 82 3
82 68 3
68 54 3
54 34 3
F4
256
27 29 4
29 32 4
32 36 4
36 35 4
35 55 4
F5
256
22 50 5
50 49 5
49 63 5
63 62 5
62 61 5
F6
256
86 87 6
87 88 6
88 83 6
83 82 6
82 81 6
81 80 6
80 79 6
79 92 6
F7
256
50 64 7
64 63 7
63 77 7
77 76 7
F8
512
97 76 8
76 77 8
77 63 8
63 49 8
49 48 8
48 16 8
16 14 8
F9
512
50 64 9
64 63 9
63 77 9
77 76 9
F10
512
97 76 10
76 77 10
77 63 10
63 49 10
49 48 10
48 16 10
16 14 10
F11
512
71 56 11
56 38 11
38 40 11
40 36 11
36 32 11
32 34 11
34 31 11
31 28 11
F12
512
17 18 12
18 49 12
49 63 12
63 77 12
F13
512
84 83 13
83 82 13
82 81 13
81 90 13
F14
512
66 80 14
80 81 14
81 82 14
82 68 14
F15
512
4 9 15
9 8 15
8 11 15
11 12 15
12 47 15
47 46 15
F16
1024
88 83 16
83 69 16
69 55 16
55 54 16
54 53 16
F17
1024
43 38 17
38 40 17
40 36 17
36 32 17
32 29 17
29 27 17
27 26 17
F18
1024
54 68 18
68 82 18
82 81 18
81 80 18
80 79 18
F19
1024
17 18 19
18 49 19
49 63 19
63 77 19
F20
1024
84 83 20
83 82 20
82 81 20
81 90 20
F21
1024
44 19 21
19 15 21
15 14 21
14 11 21
11 12 21
12 47 21
47 48 21
48 49 21
F22
1024
43 38 22
38 40 22
40 36 22
36 32 22
32 29 22
29 27 22
27 26 22
F23
1024
43 38 23
38 40 23
40 36 23
36 32 23
32 29 23
29 27 23
27 26 23
F24
1024
72 20 24
20 17 24
17 14 24
14 11 24
11 8 24
8 9 24
9 6 24
F25
1024
3 6 25
6 9 25
9 13 25
13 11 25
11 14 25
14 16 25
16 48 25
48 62 25
F26
1024
2 15 26
15 14 26
14 11 26
11 12 26
12 47 26
47 61 26
61 75 26
F27
1024
23 20 27
20 17 27
17 14 27
14 11 27
11 12 27
12 16 27
F28
1024
87 84 28
84 83 28
83 82 28
82 89 28
F29
1024
66 80 29
80 81 29
81 82 29
82 68 29
F30
1024
52 51 30
51 50 30
50 49 30
49 63 30
63 64 30
64 65 30
