F1
256
88 83 1
83 69 1
69 55 1
55 54 1
54 53 1
F2
256
45 42 2
42 39 2
39 40 2
40 36 2
36 37 2
37 33 2
33 98 2
F3
256
70 69 3
69 68 3
68 82 3
82 81 3
F4
256
93 78 4
78 64 4
64 63 4
63 49 4
49 18 4
18 16 4
16 12 4
F5
256
4 9 5
9 8 5
8 11 5
11 12 5
12 47 5
47 46 5
F6
256
3 6 6
6 9 6
9 13 6
13 11 6
11 14 6
14 16 6
16 48 6
48 62 6
F7
256
22 50 7
50 49 7
49 63 7
63 62 7
62 61 7
F8
256
50 64 8
64 63 8
63 77 8
77 76 8
F9
256
41 40 9
40 36 9
36 37 9
37 73 9
F10
256
44 19 10
19 15 10
15 14 10
14 11 10
11 12 10
12 47 10
47 48 10
48 49 10
F11
256
52 51 11
51 50 11
50 49 11
49 63 11
63 64 11
64 65 11
F12
256
43 38 12
38 40 12
40 36 12
36 32 12
32 29 12
29 27 12
27 26 12
F13
256
56 55 13
55 54 13
54 68 13
68 82 13
82 81 13
81 67 13
F14
256
43 38 14
38 40 14
40 36 14
36 32 14
32 29 14
29 27 14
27 26 14
F15
512
27 29 15
29 32 15
32 36 15
36 35 15
35 55 15
F16
512
21 19 16
19 17 16
17 14 16
14 11 16
11 8 16
8 5 16
F17
512
57 56 17
56 55 17
55 35 17
35 36 17
36 32 17
32 29 17
29 30 17
F18
512
83 82 18
82 68 18
68 54 18
54 34 18
F19
512
57 56 19
56 55 19
55 35 19
35 36 19
36 32 19
32 29 19
29 30 19
F20
512
85 84 20
84 83 20
83 82 20
82 81 20
81 80 20
80 91 20
F21
512
70 69 21
69 68 21
68 82 21
82 81 21
F22
512
44 19 22
19 15 22
15 14 22
14 11 22
11 12 22
12 47 22
47 48 22
48 49 22
F23
512
3 6 23
6 9 23
9 13 23
13 11 23
11 14 23
14 16 23
16 48 23
48 62 23
F24
1024
54 68 24
68 82 24
82 81 24
81 80 24
80 79 24
F25
1024
71 56 25
56 38 25
38 40 25
40 36 25
36 32 25
32 34 25
34 31 25
31 28 25
F26
1024
19 15 26
15 13 26
13 11 26
11 12 26
12 10 26
F27
1024
52 51 27
51 50 27
50 49 27
49 63 27
63 64 27
64 65 27
F28
1024
4 9 28
9 8 28
8 11 28
11 12 28
12 47 28
47 46 28
F29
1024
22 50 29
50 49 29
49 63 29
63 62 29
62 61 29
F30
1024
42 41 30
41 40 30
40 36 30
36 37 30
37 73 30
73 98 30
98 100 30
