F1
256
3 6 1
6 9 1
9 13 1
13 11 1
11 14 1
14 16 1
16 48 1
48 62 1
F2
256
56 55 2
55 54 2
54 68 2
68 82 2
82 81 2
81 67 2
F3
256
42 41 3
41 40 3
40 36 3
36 37 3
37 73 3
73 98 3
98 100 3
F4
256
88 83 4
83 69 4
69 55 4
55 54 4
54 53 4
F5
256
84 83 5
83 82 5
82 81 5
81 90 5
F6
256
70 69 6
69 68 6
68 82 6
82 81 6
F7
256
66 80 7
80 81 7
81 82 7
82 68 7
F8
256
52 51 8
51 50 8
50 49 8
49 63 8
63 64 8
64 65 8
F9
256
2 15 9
15 14 9
14 11 9
11 12 9
12 47 9
47 61 9
61 75 9
F10
256
84 83 10
83 82 10
82 81 10
81 90 10
F11
256
2 15 11
15 14 11
14 11 11
11 12 11
12 47 11
47 61 11
61 75 11
F12
256
56 55 12
55 54 12
54 68 12
68 82 12
82 81 12
81 67 12
F13
256
52 51 13
51 50 13
50 49 13
49 63 13
63 64 13
64 65 13
F14
512
74 75 14
75 76 14
76 77 14
77 63 14
63 64 14
64 78 14
78 77 14
77 94 14
F15
512
50 64 15
64 63 15
63 77 15
77 76 15
F16
512
57 56 16
56 55 16
55 35 16
35 36 16
36 32 16
32 29 16
29 30 16
F17
512
22 50 17
50 49 17
49 63 17
63 62 17
62 61 17
F18
512
88 83 18
83 69 18
69 55 18
55 54 18
54 53 18
F19
512
74 75 19
75 76 19
76 77 19
77 63 19
63 64 19
64 78 19
78 77 19
77 94 19
F20
512
17 18 20
18 49 20
49 63 20
63 77 20
F21
512
22 50 21
50 49 21
49 63 21
63 62 21
62 61 21
F22
512
9 8 22
8 11 22
11 14 22
14 15 22
F23
512
9 8 23
8 11 23
11 14 23
14 15 23
F24
1024
54 68 24
68 82 24
82 81 24
81 80 24
80 79 24
F25
1024
21 19 25
19 17 25
17 14 25
14 11 25
11 8 25
8 5 25
F26
1024
97 76 26
76 77 26
77 63 26
63 49 26
49 48 26
48 16 26
16 14 26
F27
1024
3 6 27
6 9 27
9 13 27
13 11 27
11 14 27
14 16 27
16 48 27
48 62 27
F28
1024
9 8 28
8 11 28
11 14 28
14 15 28
F29
1024
54 68 29
68 82 29
82 81 29
81 80 29
80 79 29
F30
1024
43 38 30
38 40 30
40 36 30
36 32 30
32 29 30
29 27 30
27 26 30
