F1
256
54 68 1
68 82 1
82 81 1
81 80 1
80 79 1
F2
256
23 20 2
20 17 2
17 14 2
14 11 2
11 12 2
12 16 2
F3
256
66 80 3
80 81 3
81 82 3
82 68 3
F4
256
43 38 4
38 40 4
40 36 4
36 32 4
32 29 4
29 27 4
27 26 4
F5
256
52 51 5
51 50 5
50 49 5
49 63 5
63 64 5
64 65 5
F6
256
19 15 6
15 13 6
13 11 6
11 12 6
12 10 6
F7
256
66 80 7
80 81 7
81 82 7
82 68 7
F8
256
45 42 8
42 39 8
39 40 8
40 36 8
36 37 8
37 33 8
33 98 8
F9
256
2 15 9
15 14 9
14 11 9
11 12 9
12 47 9
47 61 9
61 75 9
F10
256
56 55 10
55 54 10
54 68 10
68 82 10
82 81 10
81 67 10
F11
256
41 40 11
40 36 11
36 37 11
37 73 11
F12
512
1 13 12
13 11 12
11 12 12
12 47 12
47 61 12
61 60 12
F13
512
85 84 13
84 83 13
83 82 13
82 81 13
81 80 13
80 91 13
F14
512
93 78 14
78 64 14
64 63 14
63 49 14
49 18 14
18 16 14
16 12 14
F15
512
95 76 15
76 77 15
77 63 15
63 49 15
49 50 15
50 22 15
22 18 15
F16
512
69 68 16
68 82 16
82 81 16
81 80 16
F17
512
43 38 17
38 40 17
40 36 17
36 32 17
32 29 17
29 27 17
27 26 17
F18
512
83 82 18
82 68 18
68 54 18
54 34 18
F19
512
86 87 19
87 88 19
88 83 19
83 82 19
82 81 19
81 80 19
80 79 19
79 92 19
F20
512
21 19 20
19 17 20
17 14 20
14 11 20
11 8 20
8 5 20
F21
1024
23 20 21
20 17 21
17 14 21
14 11 21
11 12 21
12 16 21
F22
1024
43 38 22
38 40 22
40 36 22
36 32 22
32 29 22
29 27 22
27 26 22
F23
1024
93 78 23
78 64 23
64 63 23
63 49 23
49 18 23
18 16 23
16 12 23
F24
1024
95 76 24
76 77 24
77 63 24
63 49 24
49 50 24
50 22 24
22 18 24
F25
1024
4 9 25
9 8 25
8 11 25
11 12 25
12 47 25
47 46 25
F26
1024
85 84 26
84 83 26
83 82 26
82 81 26
81 80 26
80 91 26
F27
1024
27 29 27
29 32 27
32 36 27
36 35 27
35 55 27
F28
1024
74 75 28
75 76 28
76 77 28
77 63 28
63 64 28
64 78 28
78 77 28
77 94 28
F29
1024
59 39 29
39 40 29
40 36 29
36 37 29
37 33 29
33 98 29
F30
1024
9 8 30
8 11 30
11 14 30
14 15 30
