F1
256
95 76 1
76 77 1
77 63 1
63 49 1
49 50 1
50 22 1
22 18 1
F2
256
66 80 2
80 81 2
81 82 2
82 68 2
F3
256
56 55 3
55 54 3
54 68 3
68 82 3
82 81 3
81 67 3
F4
256
97 76 4
76 77 4
77 63 4
63 49 4
49 48 4
48 16 4
16 14 4
F5
256
43 38 5
38 40 5
40 36 5
36 32 5
32 29 5
29 27 5
27 26 5
F6
256
50 64 6
64 63 6
63 77 6
77 76 6
F7
256
59 39 7
39 40 7
40 36 7
36 37 7
37 33 7
33 98 7
F8
256
96 95 8
95 76 8
75 77 8
77 63 8
63 49 8
49 18 8
18 17 8
17 20 8
F9
256
3 6 9
6 9 9
9 13 9
13 11 9
11 14 9
14 16 9
16 48 9
48 62 9
F10
256
51 50 10
50 49 10
49 63 10
63 64 10
F11
256
66 80 11
80 81 11
81 82 11
82 68 11
F12
256
59 39 12
39 40 12
40 36 12
36 37 12
37 33 12
33 98 12
F13
256
71 56 13
56 38 13
38 40 13
40 36 13
36 32 13
32 34 13
34 31 13
31 28 13
F14
256
1 13 14
13 11 14
11 12 14
12 47 14
47 61 14
61 60 14
F15
256
72 20 15
20 17 15
17 14 15
14 11 15
11 8 15
8 9 15
9 6 15
F16
256
3 6 16
6 9 16
9 13 16
13 11 16
11 14 16
14 16 16
16 48 16
48 62 16
F17
512
87 84 17
84 83 17
83 82 17
82 89 17
F18
512
95 76 18
76 77 18
77 63 18
63 49 18
49 50 18
50 22 18
22 18 18
F19
512
43 38 19
38 40 19
40 36 19
36 32 19
32 29 19
29 27 19
27 26 19
F20
512
4 9 20
9 8 20
8 11 20
11 12 20
12 47 20
47 46 20
F21
512
87 84 21
84 83 21
83 82 21
82 89 21
F22
1024
52 51 22
51 50 22
50 49 22
49 63 22
63 64 22
64 65 22
F23
1024
44 19 23
19 15 23
15 14 23
14 11 23
11 12 23
12 47 23
47 48 23
48 49 23
F24
1024
88 83 24
83 69 24
69 55 24
55 54 24
54 53 24
F25
1024
1 13 25
13 11 25
11 12 25
12 47 25
47 61 25
61 60 25
F26
1024
22 50 26
50 49 26
49 63 26
63 62 26
62 61 26
F27
1024
97 76 27
76 77 27
77 63 27
63 49 27
49 48 27
48 16 27
16 14 27
F28
1024
71 56 28
56 38 28
38 40 28
40 36 28
36 32 28
32 34 28
34 31 28
31 28 28
F29
1024
56 55 29
55 54 29
54 68 29
68 82 29
82 81 29
81 67 29
F30
1024
52 51 30
51 50 30
50 49 30
49 63 30
63 64 30
64 65 30
