F1
256
2 15 1
15 14 1
14 11 1
11 12 1
12 47 1
47 61 1
61 75 1
F2
256
52 51 2
51 50 2
50 49 2
49 63 2
63 64 2
64 65 2
F3
256
43 38 3
38 40 3
40 36 3
36 32 3
32 29 3
29 27 3
27 26 3
F4
256
54 68 4
68 82 4
82 81 4
81 80 4
80 79 4
F5
256
41 40 5
40 36 5
36 37 5
37 73 5
F6
256
43 38 6
38 40 6
40 36 6
36 32 6
32 29 6
29 27 6
27 26 6
F7
256
97 76 7
76 77 7
77 63 7
63 49 7
49 48 7
48 16 7
16 14 7
F8
256
69 68 8
68 82 8
82 81 8
81 80 8
F9
256
88 83 9
83 69 9
69 55 9
55 54 9
54 53 9
F10
256
97 76 10
76 77 10
77 63 10
63 49 10
49 48 10
48 16 10
16 14 10
F11
512
87 84 11
84 83 11
83 82 11
82 89 11
F12
512
70 69 12
69 68 12
68 82 12
82 81 12
F13
512
72 20 13
20 17 13
17 14 13
14 11 13
11 8 13
8 9 13
9 6 13
F14
512
71 56 14
56 38 14
38 40 14
40 36 14
36 32 14
32 34 14
34 31 14
31 28 14
F15
512
43 38 15
38 40 15
40 36 15
36 32 15
32 29 15
29 27 15
27 26 15
F16
512
83 82 16
82 68 16
68 54 16
54 34 16
F17
512
21 19 17
19 17 17
17 14 17
14 11 17
11 8 17
8 5 17
F18
512
17 18 18
18 49 18
49 63 18
63 77 18
F19
512
45 42 19
42 39 19
39 40 19
40 36 19
36 37 19
37 33 19
33 98 19
F20
1024
27 29 20
29 32 20
32 36 20
36 35 20
35 55 20
F21
1024
85 84 21
84 83 21
83 82 21
82 81 21
81 80 21
80 91 21
F22
1024
85 84 22
84 83 22
83 82 22
82 81 22
81 80 22
80 91 22
F23
1024
88 83 23
83 69 23
69 55 23
55 54 23
54 53 23
F24
1024
72 20 24
20 17 24
17 14 24
14 11 24
11 8 24
8 9 24
9 6 24
F25
1024
2 15 25
15 14 25
14 11 25
11 12 25
12 47 25
47 61 25
61 75 25
F26
1024
71 56 26
56 38 26
38 40 26
40 36 26
36 32 26
32 34 26
34 31 26
31 28 26
F27
1024
97 76 27
76 77 27
77 63 27
63 49 27
49 48 27
48 16 27
16 14 27
F28
1024
84 83 28
83 82 28
82 81 28
81 90 28
F29
1024
1 13 29
13 11 29
11 12 29
12 47 29
47 61 29
61 60 29
F30
1024
83 82 30
82 68 30
68 54 30
54 34 30
