F1
256
96 95 1
95 76 1
75 77 1
77 63 1
63 49 1
49 18 1
18 17 1
17 20 1
F2
256
23 20 2
20 17 2
17 14 2
14 11 2
11 12 2
12 16 2
F3
256
50 64 3
64 63 3
63 77 3
77 76 3
F4
256
84 83 4
83 82 4
82 81 4
81 90 4
F5
256
17 18 5
18 49 5
49 63 5
63 77 5
F6
256
87 84 6
84 83 6
83 82 6
82 89 6
F7
256
22 50 7
50 49 7
49 63 7
63 62 7
62 61 7
F8
256
9 8 8
8 11 8
11 14 8
14 15 8
F9
256
96 95 9
95 76 9
75 77 9
77 63 9
63 49 9
49 18 9
18 17 9
17 20 9
F10
256
85 84 10
84 83 10
83 82 10
82 81 10
81 80 10
80 91 10
F11
256
50 64 11
64 63 11
63 77 11
77 76 11
F12
512
21 19 12
19 17 12
17 14 12
14 11 12
11 8 12
8 5 12
F13
512
9 8 13
8 11 13
11 14 13
14 15 13
F14
512
27 29 14
29 32 14
32 36 14
36 35 14
35 55 14
F15
512
44 19 15
19 15 15
15 14 15
14 11 15
11 12 15
12 47 15
47 48 15
48 49 15
F16
512
50 64 16
64 63 16
63 77 16
77 76 16
F17
512
27 29 17
29 32 17
32 36 17
36 35 17
35 55 17
F18
512
44 19 18
19 15 18
15 14 18
14 11 18
11 12 18
12 47 18
47 48 18
48 49 18
F19
512
96 95 19
95 76 19
75 77 19
77 63 19
63 49 19
49 18 19
18 17 19
17 20 19
F20
512
50 64 20
64 63 20
63 77 20
77 76 20
F21
512
45 42 21
42 39 21
39 40 21
40 36 21
36 37 21
37 33 21
33 98 21
F22
512
9 8 22
8 11 22
11 14 22
14 15 22
F23
1024
93 78 23
78 64 23
64 63 23
63 49 23
49 18 23
18 16 23
16 12 23
F24
1024
23 20 24
20 17 24
17 14 24
14 11 24
11 12 24
12 16 24
F25
1024
88 83 25
83 69 25
69 55 25
55 54 25
54 53 25
F26
1024
21 19 26
19 17 26
17 14 26
14 11 26
11 8 26
8 5 26
F27
1024
54 68 27
68 82 27
82 81 27
81 80 27
80 79 27
F28
1024
50 64 28
64 63 28
63 77 28
77 76 28
F29
1024
84 83 29
83 82 29
82 81 29
81 90 29
F30
1024
74 75 30
75 76 30
76 77 30
77 63 30
63 64 30
64 78 30
78 77 30
77 94 30
