F1
256
41 40 1
40 36 1
36 37 1
37 73 1
F2
256
88 83 2
83 69 2
69 55 2
55 54 2
54 53 2
F3
256
85 84 3
84 83 3
83 82 3
82 81 3
81 80 3
80 91 3
F4
256
69 68 4
68 82 4
82 81 4
81 80 4
F5
256
42 41 5
41 40 5
40 36 5
36 37 5
37 73 5
73 98 5
98 100 5
F6
256
45 42 6
42 39 6
39 40 6
40 36 6
36 37 6
37 33 6
33 98 6
F7
256
43 38 7
38 40 7
40 36 7
36 32 7
32 29 7
29 27 7
27 26 7
F8
256
19 15 8
15 13 8
13 11 8
11 12 8
12 10 8
F9
512
58 19 9
19 15 9
15 13 9
13 11 9
11 8 9
8 10 9
10 7 9
F10
512
86 87 10
87 88 10
88 83 10
83 82 10
82 81 10
81 80 10
80 79 10
79 92 10
F11
512
43 38 11
38 40 11
40 36 11
36 32 11
32 29 11
29 27 11
27 26 11
F12
512
23 20 12
20 17 12
17 14 12
14 11 12
11 12 12
12 16 12
F13
512
85 84 13
84 83 13
83 82 13
82 81 13
81 80 13
80 91 13
F14
512
51 50 14
50 49 14
49 63 14
63 64 14
F15
512
51 50 15
50 49 15
49 63 15
63 64 15
F16
512
87 84 16
84 83 16
83 82 16
82 89 16
F17
512
2 15 17
15 14 17
14 11 17
11 12 17
12 47 17
47 61 17
61 75 17
F18
512
85 84 18
84 83 18
83 82 18
82 81 18
81 80 18
80 91 18
F19
512
86 87 19
87 88 19
88 83 19
83 82 19
82 81 19
81 80 19
80 79 19
79 92 19
F20
512
95 76 20
76 77 20
77 63 20
63 49 20
49 50 20
50 22 20
22 18 20
F21
512
87 84 21
84 83 21
83 82 21
82 89 21
F22
512
41 40 22
40 36 22
36 37 22
37 73 22
F23
1024
72 20 23
20 17 23
17 14 23
14 11 23
11 8 23
8 9 23
9 6 23
F24
1024
4 9 24
9 8 24
8 11 24
11 12 24
12 47 24
47 46 24
F25
1024
74 75 25
75 76 25
76 77 25
77 63 25
63 64 25
64 78 25
78 77 25
77 94 25
F26
1024
41 40 26
40 36 26
36 37 26
37 73 26
F27
1024
57 56 27
56 55 27
55 35 27
35 36 27
36 32 27
32 29 27
29 30 27
F28
1024
41 40 28
40 36 28
36 37 28
37 73 28
F29
1024
4 9 29
9 8 29
8 11 29
11 12 29
12 47 29
47 46 29
F30
1024
17 18 30
18 49 30
49 63 30
63 77 30
