F1
256
83 82 1
82 68 1
68 54 1
54 34 1
F2
256
71 56 2
56 38 2
38 40 2
40 36 2
36 32 2
32 34 2
34 31 2
31 28 2
F3
256
3 6 3
6 9 3
9 13 3
13 11 3
11 14 3
14 16 3
16 48 3
48 62 3
F4
256
19 15 4
15 13 4
13 11 4
11 12 4
12 10 4
F5
256
2 15 5
15 14 5
14 11 5
11 12 5
12 47 5
47 61 5
61 75 5
F6
256
88 83 6
83 69 6
69 55 6
55 54 6
54 53 6
F7
256
22 50 7
50 49 7
49 63 7
63 62 7
62 61 7
F8
256
1 13 8
13 11 8
11 12 8
12 47 8
47 61 8
61 60 8
F9
256
72 20 9
20 17 9
17 14 9
14 11 9
11 8 9
8 9 9
9 6 9
F10
256
56 55 10
55 54 10
54 68 10
68 82 10
82 81 10
81 67 10
F11
512
96 95 11
95 76 11
75 77 11
77 63 11
63 49 11
49 18 11
18 17 11
17 20 11
F12
512
27 29 12
29 32 12
32 36 12
36 35 12
35 55 12
F13
512
59 39 13
39 40 13
40 36 13
36 37 13
37 33 13
33 98 13
F14
512
27 29 14
29 32 14
32 36 14
36 35 14
35 55 14
F15
512
69 68 15
68 82 15
82 81 15
81 80 15
F16
512
57 56 16
56 55 16
55 35 16
35 36 16
36 32 16
32 29 16
29 30 16
F17
512
93 78 17
78 64 17
64 63 17
63 49 17
49 18 17
18 16 17
16 12 17
F18
512
84 83 18
83 82 18
82 81 18
81 90 18
F19
512
1 13 19
13 11 19
11 12 19
12 47 19
47 61 19
61 60 19
F20
1024
87 84 20
84 83 20
83 82 20
82 89 20
F21
1024
72 20 21
20 17 21
17 14 21
14 11 21
11 8 21
8 9 21
9 6 21
F22
1024
71 56 22
56 38 22
38 40 22
40 36 22
36 32 22
32 34 22
34 31 22
31 28 22
F23
1024
86 87 23
87 88 23
88 83 23
83 82 23
82 81 23
81 80 23
80 79 23
79 92 23
F24
1024
1 13 24
13 11 24
11 12 24
12 47 24
47 61 24
61 60 24
F25
1024
96 95 25
95 76 25
75 77 25
77 63 25
63 49 25
49 18 25
18 17 25
17 20 25
F26
1024
54 68 26
68 82 26
82 81 26
81 80 26
80 79 26
F27
1024
84 83 27
83 82 27
82 81 27
81 90 27
F28
1024
84 83 28
83 82 28
82 81 28
81 90 28
F29
1024
71 56 29
56 38 29
38 40 29
40 36 29
36 32 29
32 34 29
34 31 29
31 28 29
F30
1024
72 20 30
20 17 30
17 14 30
14 11 30
11 8 30
8 9 30
9 6 30
