F1
256
71 56 1
56 38 1
38 40 1
40 36 1
36 32 1
32 34 1
34 31 1
31 28 1
F2
256
87 84 2
84 83 2
83 82 2
82 89 2
F3
256
44 19 3
19 15 3
15 14 3
14 11 3
11 12 3
12 47 3
47 48 3
48 49 3
F4
256
44 19 4
19 15 4
15 14 4
14 11 4
11 12 4
12 47 4
47 48 4
48 49 4
F5
256
85 84 5
84 83 5
83 82 5
82 81 5
81 80 5
80 91 5
F6
256
69 68 6
68 82 6
82 81 6
81 80 6
F7
512
58 19 7
19 15 7
15 13 7
13 11 7
11 8 7
8 10 7
10 7 7
F8
512
93 78 8
78 64 8
64 63 8
63 49 8
49 18 8
18 16 8
16 12 8
F9
512
4 9 9
9 8 9
8 11 9
11 12 9
12 47 9
47 46 9
F10
512
95 76 10
76 77 10
77 63 10
63 49 10
49 50 10
50 22 10
22 18 10
F11
512
88 83 11
83 69 11
69 55 11
55 54 11
54 53 11
F12
512
74 75 12
75 76 12
76 77 12
77 63 12
63 64 12
64 78 12
78 77 12
77 94 12
F13
512
17 18 13
18 49 13
49 63 13
63 77 13
F14
512
57 56 14
56 55 14
55 35 14
35 36 14
36 32 14
32 29 14
29 30 14
F15
512
4 9 15
9 8 15
8 11 15
11 12 15
12 47 15
47 46 15
F16
512
17 18 16
18 49 16
49 63 16
63 77 16
F17
512
66 80 17
80 81 17
81 82 17
82 68 17
F18
512
88 83 18
83 69 18
69 55 18
55 54 18
54 53 18
F19
512
45 42 19
42 39 19
39 40 19
40 36 19
36 37 19
37 33 19
33 98 19
F20
512
97 76 20
76 77 20
77 63 20
63 49 20
49 48 20
48 16 20
16 14 20
F21
512
95 76 21
76 77 21
77 63 21
63 49 21
49 50 21
50 22 21
22 18 21
F22
1024
21 19 22
19 17 22
17 14 22
14 11 22
11 8 22
8 5 22
F23
1024
21 19 23
19 17 23
17 14 23
14 11 23
11 8 23
8 5 23
F24
1024
19 15 24
15 13 24
13 11 24
11 12 24
12 10 24
F25
1024
87 84 25
84 83 25
83 82 25
82 89 25
F26
1024
69 68 26
68 82 26
82 81 26
81 80 26
F27
1024
52 51 27
51 50 27
50 49 27
49 63 27
63 64 27
64 65 27
F28
1024
59 39 28
39 40 28
40 36 28
36 37 28
37 33 28
33 98 28
F29
1024
59 39 29
39 40 29
40 36 29
36 37 29
37 33 29
33 98 29
F30
1024
66 80 30
80 81 30
81 82 30
82 68 30
