F1
256
70 69 1
69 68 1
68 82 1
82 81 1
F2
256
66 80 2
80 81 2
81 82 2
82 68 2
F3
256
66 80 3
80 81 3
81 82 3
82 68 3
F4
256
41 40 4
40 36 4
36 37 4
37 73 4
F5
256
27 29 5
29 32 5
32 36 5
36 35 5
35 55 5
F6
256
43 38 6
38 40 6
40 36 6
36 32 6
32 29 6
29 27 6
27 26 6
F7
256
54 68 7
68 82 7
82 81 7
81 80 7
80 79 7
F8
256
43 38 8
38 40 8
40 36 8
36 32 8
32 29 8
29 27 8
27 26 8
F9
256
22 50 9
50 49 9
49 63 9
63 62 9
62 61 9
F10
512
56 55 10
55 54 10
54 68 10
68 82 10
82 81 10
81 67 10
F11
512
57 56 11
56 55 11
55 35 11
35 36 11
36 32 11
32 29 11
29 30 11
F12
512
88 83 12
83 69 12
69 55 12
55 54 12
54 53 12
F13
512
9 8 13
8 11 13
11 14 13
14 15 13
F14
512
57 56 14
56 55 14
55 35 14
35 36 14
36 32 14
32 29 14
29 30 14
F15
512
17 18 15
18 49 15
49 63 15
63 77 15
F16
512
4 9 16
9 8 16
8 11 16
11 12 16
12 47 16
47 46 16
F17
512
70 69 17
69 68 17
68 82 17
82 81 17
F18
512
66 80 18
80 81 18
81 82 18
82 68 18
F19
512
93 78 19
78 64 19
64 63 19
63 49 19
49 18 19
18 16 19
16 12 19
F20
512
23 20 20
20 17 20
17 14 20
14 11 20
11 12 20
12 16 20
F21
512
41 40 21
40 36 21
36 37 21
37 73 21
F22
512
71 56 22
56 38 22
38 40 22
40 36 22
36 32 22
32 34 22
34 31 22
31 28 22
F23
1024
21 19 23
19 17 23
17 14 23
14 11 23
11 8 23
8 5 23
F24
1024
59 39 24
39 40 24
40 36 24
36 37 24
37 33 24
33 98 24
F25
1024
1 13 25
13 11 25
11 12 25
12 47 25
47 61 25
61 60 25
F26
1024
3 6 26
6 9 26
9 13 26
13 11 26
11 14 26
14 16 26
16 48 26
48 62 26
F27
1024
21 19 27
19 17 27
17 14 27
14 11 27
11 8 27
8 5 27
F28
1024
45 42 28
42 39 28
39 40 28
40 36 28
36 37 28
37 33 28
33 98 28
F29
1024
17 18 29
18 49 29
49 63 29
63 77 29
F30
1024
54 68 30
68 82 30
82 81 30
81 80 30
80 79 30
