F1
256
41 40 1
40 36 1
36 37 1
37 73 1
F2
256
71 56 2
56 38 2
38 40 2
40 36 2
36 32 2
32 34 2
34 31 2
31 28 2
F3
256
9 8 3
8 11 3
11 14 3
14 15 3
F4
256
50 64 4
64 63 4
63 77 4
77 76 4
F5
256
84 83 5
83 82 5
82 81 5
81 90 5
F6
256
21 19 6
19 17 6
17 14 6
14 11 6
11 8 6
8 5 6
F7
256
69 68 7
68 82 7
82 81 7
81 80 7
F8
256
41 40 8
40 36 8
36 37 8
37 73 8
F9
512
74 75 9
75 76 9
76 77 9
77 63 9
63 64 9
64 78 9
78 77 9
77 94 9
F10
512
93 78 10
78 64 10
64 63 10
63 49 10
49 18 10
18 16 10
16 12 10
F11
512
71 56 11
56 38 11
38 40 11
40 36 11
36 32 11
32 34 11
34 31 11
31 28 11
F12
512
51 50 12
50 49 12
49 63 12
63 64 12
F13
512
86 87 13
87 88 13
88 83 13
83 82 13
82 81 13
81 80 13
80 79 13
79 92 13
F14
512
74 75 14
75 76 14
76 77 14
77 63 14
63 64 14
64 78 14
78 77 14
77 94 14
F15
512
83 82 15
82 68 15
68 54 15
54 34 15
F16
512
83 82 16
82 68 16
68 54 16
54 34 16
F17
512
96 95 17
95 76 17
75 77 17
77 63 17
63 49 17
49 18 17
18 17 17
17 20 17
F18
1024
4 9 18
9 8 18
8 11 18
11 12 18
12 47 18
47 46 18
F19
1024
85 84 19
84 83 19
83 82 19
82 81 19
81 80 19
80 91 19
F20
1024
83 82 20
82 68 20
68 54 20
54 34 20
F21
1024
42 41 21
41 40 21
40 36 21
36 37 21
37 73 21
73 98 21
98 100 21
F22
1024
69 68 22
68 82 22
82 81 22
81 80 22
F23
1024
27 29 23
29 32 23
32 36 23
36 35 23
35 55 23
F24
1024
51 50 24
50 49 24
49 63 24
63 64 24
F25
1024
97 76 25
76 77 25
77 63 25
63 49 25
49 48 25
48 16 25
16 14 25
F26
1024
44 19 26
19 15 26
15 14 26
14 11 26
11 12 26
12 47 26
47 48 26
48 49 26
F27
1024
51 50 27
50 49 27
49 63 27
63 64 27
F28
1024
69 68 28
68 82 28
82 81 28
81 80 28
F29
1024
43 38 29
38 40 29
40 36 29
36 32 29
32 29 29
29 27 29
27 26 29
F30
1024
85 84 30
84 83 30
83 82 30
82 81 30
81 80 30
80 91 30
