F1
256
70 69 1
69 68 1
68 82 1
82 81 1
F2
256
1 13 2
13 11 2
11 12 2
12 47 2
47 61 2
61 60 2
F3
256
97 76 3
76 77 3
77 63 3
63 49 3
49 48 3
48 16 3
16 14 3
F4
256
66 80 4
80 81 4
81 82 4
82 68 4
F5
256
84 83 5
83 82 5
82 81 5
81 90 5
F6
256
17 18 6
18 49 6
49 63 6
63 77 6
F7
256
52 51 7
51 50 7
50 49 7
49 63 7
63 64 7
64 65 7
F8
256
74 75 8
75 76 8
76 77 8
77 63 8
63 64 8
64 78 8
78 77 8
77 94 8
F9
256
9 8 9
8 11 9
11 14 9
14 15 9
F10
256
17 18 10
18 49 10
49 63 10
63 77 10
F11
512
50 64 11
64 63 11
63 77 11
77 76 11
F12
512
72 20 12
20 17 12
17 14 12
14 11 12
11 8 12
8 9 12
9 6 12
F13
512
86 87 13
87 88 13
88 83 13
83 82 13
82 81 13
81 80 13
80 79 13
79 92 13
F14
512
54 68 14
68 82 14
82 81 14
81 80 14
80 79 14
F15
512
84 83 15
83 82 15
82 81 15
81 90 15
F16
512
50 64 16
64 63 16
63 77 16
77 76 16
F17
1024
56 55 17
55 54 17
54 68 17
68 82 17
82 81 17
81 67 17
F18
1024
71 56 18
56 38 18
38 40 18
40 36 18
36 32 18
32 34 18
34 31 18
31 28 18
F19
1024
85 84 19
84 83 19
83 82 19
82 81 19
81 80 19
80 91 19
F20
1024
86 87 20
87 88 20
88 83 20
83 82 20
82 81 20
81 80 20
80 79 20
79 92 20
F21
1024
70 69 21
69 68 21
68 82 21
82 81 21
F22
1024
21 19 22
19 17 22
17 14 22
14 11 22
11 8 22
8 5 22
F23
1024
4 9 23
9 8 23
8 11 23
11 12 23
12 47 23
47 46 23
F24
1024
87 84 24
84 83 24
83 82 24
82 89 24
F25
1024
59 39 25
39 40 25
40 36 25
36 37 25
37 33 25
33 98 25
F26
1024
41 40 26
40 36 26
36 37 26
37 73 26
F27
1024
87 84 27
84 83 27
83 82 27
82 89 27
F28
1024
19 15 28
15 13 28
13 11 28
11 12 28
12 10 28
F29
1024
23 20 29
20 17 29
17 14 29
14 11 29
11 12 29
12 16 29
F30
1024
66 80 30
80 81 30
81 82 30
82 68 30
