F1
256
97 76 1
76 77 1
77 63 1
63 49 1
49 48 1
48 16 1
16 14 1
F2
256
50 64 2
64 63 2
63 77 2
77 76 2
F3
256
88 83 3
83 69 3
69 55 3
55 54 3
54 53 3
F4
256
71 56 4
56 38 4
38 40 4
40 36 4
36 32 4
32 34 4
34 31 4
31 28 4
F5
256
93 78 5
78 64 5
64 63 5
63 49 5
49 18 5
18 16 5
16 12 5
F6
256
51 50 6
50 49 6
49 63 6
63 64 6
F7
256
21 19 7
19 17 7
17 14 7
14 11 7
11 8 7
8 5 7
F8
256
95 76 8
76 77 8
77 63 8
63 49 8
49 50 8
50 22 8
22 18 8
F9
512
3 6 9
6 9 9
9 13 9
13 11 9
11 14 9
14 16 9
16 48 9
48 62 9
F10
512
27 29 10
29 32 10
32 36 10
36 35 10
35 55 10
F11
512
70 69 11
69 68 11
68 82 11
82 81 11
F12
512
93 78 12
78 64 12
64 63 12
63 49 12
49 18 12
18 16 12
16 12 12
F13
512
83 82 13
82 68 13
68 54 13
54 34 13
F14
512
52 51 14
51 50 14
50 49 14
49 63 14
63 64 14
64 65 14
F15
512
84 83 15
83 82 15
82 81 15
81 90 15
F16
512
87 84 16
84 83 16
83 82 16
82 89 16
F17
512
83 82 17
82 68 17
68 54 17
54 34 17
F18
1024
45 42 18
42 39 18
39 40 18
40 36 18
36 37 18
37 33 18
33 98 18
F19
1024
70 69 19
69 68 19
68 82 19
82 81 19
F20
1024
93 78 20
78 64 20
64 63 20
63 49 20
49 18 20
18 16 20
16 12 20
F21
1024
71 56 21
56 38 21
38 40 21
40 36 21
36 32 21
32 34 21
34 31 21
31 28 21
F22
1024
95 76 22
76 77 22
77 63 22
63 49 22
49 50 22
50 22 22
22 18 22
F23
1024
57 56 23
56 55 23
55 35 23
35 36 23
36 32 23
32 29 23
29 30 23
F24
1024
66 80 24
80 81 24
81 82 24
82 68 24
F25
1024
43 38 25
38 40 25
40 36 25
36 32 25
32 29 25
29 27 25
27 26 25
F26
1024
27 29 26
29 32 26
32 36 26
36 35 26
35 55 26
F27
1024
52 51 27
51 50 27
50 49 27
49 63 27
63 64 27
64 65 27
F28
1024
9 8 28
8 11 28
11 14 28
14 15 28
F29
1024
86 87 29
87 88 29
88 83 29
83 82 29
82 81 29
81 80 29
80 79 29
79 92 29
F30
1024
21 19 30
19 17 30
17 14 30
14 11 30
11 8 30
8 5 30
