F1
256
43 38 1
38 40 1
40 36 1
36 32 1
32 29 1
29 27 1
27 26 1
F2
256
19 15 2
15 13 2
13 11 2
11 12 2
12 10 2
F3
256
95 76 3
76 77 3
77 63 3
63 49 3
49 50 3
50 22 3
22 18 3
F4
256
84 83 4
83 82 4
82 81 4
81 90 4
F5
256
22 50 5
50 49 5
49 63 5
63 62 5
62 61 5
F6
256
74 75 6
75 76 6
76 77 6
77 63 6
63 64 6
64 78 6
78 77 6
77 94 6
F7
256
21 19 7
19 17 7
17 14 7
14 11 7
11 8 7
8 5 7
F8
256
42 41 8
41 40 8
40 36 8
36 37 8
37 73 8
73 98 8
98 100 8
F9
256
87 84 9
84 83 9
83 82 9
82 89 9
F10
256
50 64 10
64 63 10
63 77 10
77 76 10
F11
256
3 6 11
6 9 11
9 13 11
13 11 11
11 14 11
14 16 11
16 48 11
48 62 11
F12
256
44 19 12
19 15 12
15 14 12
14 11 12
11 12 12
12 47 12
47 48 12
48 49 12
F13
512
27 29 13
29 32 13
32 36 13
36 35 13
35 55 13
F14
512
57 56 14
56 55 14
55 35 14
35 36 14
36 32 14
32 29 14
29 30 14
F15
512
52 51 15
51 50 15
50 49 15
49 63 15
63 64 15
64 65 15
F16
512
41 40 16
40 36 16
36 37 16
37 73 16
F17
512
88 83 17
83 69 17
69 55 17
55 54 17
54 53 17
F18
512
71 56 18
56 38 18
38 40 18
40 36 18
36 32 18
32 34 18
34 31 18
31 28 18
F19
512
54 68 19
68 82 19
82 81 19
81 80 19
80 79 19
F20
512
57 56 20
56 55 20
55 35 20
35 36 20
36 32 20
32 29 20
29 30 20
F21
512
56 55 21
55 54 21
54 68 21
68 82 21
82 81 21
81 67 21
F22
512
95 76 22
76 77 22
77 63 22
63 49 22
49 50 22
50 22 22
22 18 22
F23
512
84 83 23
83 82 23
82 81 23
81 90 23
F24
512
93 78 24
78 64 24
64 63 24
63 49 24
49 18 24
18 16 24
16 12 24
F25
512
86 87 25
87 88 25
88 83 25
83 82 25
82 81 25
81 80 25
80 79 25
79 92 25
F26
1024
19 15 26
15 13 26
13 11 26
11 12 26
12 10 26
F27
1024
66 80 27
80 81 27
81 82 27
82 68 27
F28
1024
42 41 28
41 40 28
40 36 28
36 37 28
37 73 28
73 98 28
98 100 28
F29
1024
96 95 29
95 76 29
75 77 29
77 63 29
63 49 29
49 18 29
18 17 29
17 20 29
F30
1024
44 19 30
19 15 30
15 14 30
14 11 30
11 12 30
12 47 30
47 48 30
48 49 30
