F1
256
2 15 1
15 14 1
14 11 1
11 12 1
12 47 1
47 61 1
61 75 1
F2
256
17 18 2
18 49 2
49 63 2
63 77 2
F3
256
21 19 3
19 17 3
17 14 3
14 11 3
11 8 3
8 5 3
F4
256
84 83 4
83 82 4
82 81 4
81 90 4
F5
256
86 87 5
87 88 5
88 83 5
83 82 5
82 81 5
81 80 5
80 79 5
79 92 5
F6
256
45 42 6
42 39 6
39 40 6
40 36 6
36 37 6
37 33 6
33 98 6
F7
256
87 84 7
84 83 7
83 82 7
82 89 7
F8
256
96 95 8
95 76 8
75 77 8
77 63 8
63 49 8
49 18 8
18 17 8
17 20 8
F9
256
4 9 9
9 8 9
8 11 9
11 12 9
12 47 9
47 46 9
F10
256
45 42 10
42 39 10
39 40 10
40 36 10
36 37 10
37 33 10
33 98 10
F11
512
3 6 11
6 9 11
9 13 11
13 11 11
11 14 11
14 16 11
16 48 11
48 62 11
F12
512
84 83 12
83 82 12
82 81 12
81 90 12
F13
512
69 68 13
68 82 13
82 81 13
81 80 13
F14
512
84 83 14
83 82 14
82 81 14
81 90 14
F15
512
17 18 15
18 49 15
49 63 15
63 77 15
F16
512
95 76 16
76 77 16
77 63 16
63 49 16
49 50 16
50 22 16
22 18 16
F17
512
66 80 17
80 81 17
81 82 17
82 68 17
F18
512
23 20 18
20 17 18
17 14 18
14 11 18
11 12 18
12 16 18
F19
512
74 75 19
75 76 19
76 77 19
77 63 19
63 64 19
64 78 19
78 77 19
77 94 19
F20
512
59 39 20
39 40 20
40 36 20
36 37 20
37 33 20
33 98 20
F21
512
93 78 21
78 64 21
64 63 21
63 49 21
49 18 21
18 16 21
16 12 21
F22
512
87 84 22
84 83 22
83 82 22
82 89 22
F23
1024
21 19 23
19 17 23
17 14 23
14 11 23
11 8 23
8 5 23
F24
1024
88 83 24
83 69 24
69 55 24
55 54 24
54 53 24
F25
1024
9 8 25
8 11 25
11 14 25
14 15 25
F26
1024
57 56 26
56 55 26
55 35 26
35 36 26
36 32 26
32 29 26
29 30 26
F27
1024
50 64 27
64 63 27
63 77 27
77 76 27
F28
1024
58 19 28
19 15 28
15 13 28
13 11 28
11 8 28
8 10 28
10 7 28
F29
1024
51 50 29
50 49 29
49 63 29
63 64 29
F30
1024
84 83 30
83 82 30
82 81 30
81 90 30
