F1
256
84 83 1
83 82 1
82 81 1
81 90 1
F2
256
41 40 2
40 36 2
36 37 2
37 73 2
F3
256
52 51 3
51 50 3
50 49 3
49 63 3
63 64 3
64 65 3
F4
256
56 55 4
55 54 4
54 68 4
68 82 4
82 81 4
81 67 4
F5
256
21 19 5
19 17 5
17 14 5
14 11 5
11 8 5
8 5 5
F6
256
9 8 6
8 11 6
11 14 6
14 15 6
F7
256
41 40 7
40 36 7
36 37 7
37 73 7
F8
256
2 15 8
15 14 8
14 11 8
11 12 8
12 47 8
47 61 8
61 75 8
F9
256
19 15 9
15 13 9
13 11 9
11 12 9
12 10 9
F10
512
97 76 10
76 77 10
77 63 10
63 49 10
49 48 10
48 16 10
16 14 10
F11
512
1 13 11
13 11 11
11 12 11
12 47 11
47 61 11
61 60 11
F12
512
23 20 12
20 17 12
17 14 12
14 11 12
11 12 12
12 16 12
F13
512
93 78 13
78 64 13
64 63 13
63 49 13
49 18 13
18 16 13
16 12 13
F14
512
95 76 14
76 77 14
77 63 14
63 49 14
49 50 14
50 22 14
22 18 14
F15
512
59 39 15
39 40 15
40 36 15
36 37 15
37 33 15
33 98 15
F16
1024
97 76 16
76 77 16
77 63 16
63 49 16
49 48 16
48 16 16
16 14 16
F17
1024
84 83 17
83 82 17
82 81 17
81 90 17
F18
1024
83 82 18
82 68 18
68 54 18
54 34 18
F19
1024
56 55 19
55 54 19
54 68 19
68 82 19
82 81 19
81 67 19
F20
1024
19 15 20
15 13 20
13 11 20
11 12 20
12 10 20
F21
1024
43 38 21
38 40 21
40 36 21
36 32 21
32 29 21
29 27 21
27 26 21
F22
1024
2 15 22
15 14 22
14 11 22
11 12 22
12 47 22
47 61 22
61 75 22
F23
1024
23 20 23
20 17 23
17 14 23
14 11 23
11 12 23
12 16 23
F24
1024
86 87 24
87 88 24
88 83 24
83 82 24
82 81 24
81 80 24
80 79 24
79 92 24
F25
1024
71 56 25
56 38 25
38 40 25
40 36 25
36 32 25
32 34 25
34 31 25
31 28 25
F26
1024
71 56 26
56 38 26
38 40 26
40 36 26
36 32 26
32 34 26
34 31 26
31 28 26
F27
1024
95 76 27
76 77 27
77 63 27
63 49 27
49 50 27
50 22 27
22 18 27
F28
1024
41 40 28
40 36 28
36 37 28
37 73 28
F29
1024
72 20 29
20 17 29
17 14 29
14 11 29
11 8 29
8 9 29
9 6 29
F30
1024
58 19 30
19 15 30
15 13 30
13 11 30
11 8 30
8 10 30
10 7 30
