F1
256
42 41 1
41 40 1
40 36 1
36 37 1
37 73 1
73 98 1
98 100 1
F2
256
52 51 2
51 50 2
50 49 2
49 63 2
63 64 2
64 65 2
F3
512
42 41 3
41 40 3
40 36 3
36 37 3
37 73 3
73 98 3
98 100 3
F4
512
3 6 4
6 9 4
9 13 4
13 11 4
11 14 4
14 16 4
16 48 4
48 62 4
F5
512
21 19 5
19 17 5
17 14 5
14 11 5
11 8 5
8 5 5
F6
512
71 56 6
56 38 6
38 40 6
40 36 6
36 32 6
32 34 6
34 31 6
31 28 6
F7
1024
17 18 7
18 49 7
49 63 7
63 77 7
F8
1024
56 55 8
55 54 8
54 68 8
68 82 8
82 81 8
81 67 8
F9
1024
41 40 9
40 36 9
36 37 9
37 73 9
F10
1024
69 68 10
68 82 10
82 81 10
81 80 10
