F1
256
93 78 1
78 64 1
64 63 1
63 49 1
49 18 1
18 16 1
16 12 1
F2
256
44 19 2
19 15 2
15 14 2
14 11 2
11 12 2
12 47 2
47 48 2
48 49 2
F3
512
86 87 3
87 88 3
88 83 3
83 82 3
82 81 3
81 80 3
80 79 3
79 92 3
F4
512
43 38 4
38 40 4
40 36 4
36 32 4
32 29 4
29 27 4
27 26 4
F5
512
59 39 5
39 40 5
40 36 5
36 37 5
37 33 5
33 98 5
F6
512
52 51 6
51 50 6
50 49 6
49 63 6
63 64 6
64 65 6
F7
1024
17 18 7
18 49 7
49 63 7
63 77 7
F8
1024
50 64 8
64 63 8
63 77 8
77 76 8
F9
1024
59 39 9
39 40 9
40 36 9
36 37 9
37 33 9
33 98 9
F10
1024
42 41 10
41 40 10
40 36 10
36 37 10
37 73 10
73 98 10
98 100 10
