F1
256
96 95 1
95 76 1
75 77 1
77 63 1
63 49 1
49 18 1
18 17 1
17 20 1
F2
256
22 50 2
50 49 2
49 63 2
63 62 2
62 61 2
F3
256
52 51 3
51 50 3
50 49 3
49 63 3
63 64 3
64 65 3
F4
512
56 55 4
55 54 4
54 68 4
68 82 4
82 81 4
81 67 4
F5
512
43 38 5
38 40 5
40 36 5
36 32 5
32 29 5
29 27 5
27 26 5
F6
512
42 41 6
41 40 6
40 36 6
36 37 6
37 73 6
73 98 6
98 100 6
F7
512
21 19 7
19 17 7
17 14 7
14 11 7
11 8 7
8 5 7
F8
1024
19 15 8
15 13 8
13 11 8
11 12 8
12 10 8
F9
1024
23 20 9
20 17 9
17 14 9
14 11 9
11 12 9
12 16 9
F10
1024
51 50 10
50 49 10
49 63 10
63 64 10
