F1
256
66 80 1
80 81 1
81 82 1
82 68 1
F2
256
84 83 2
83 82 2
82 81 2
81 90 2
F3
512
85 84 3
84 83 3
83 82 3
82 81 3
81 80 3
80 91 3
F4
512
56 55 4
55 54 4
54 68 4
68 82 4
82 81 4
81 67 4
F5
512
21 19 5
19 17 5
17 14 5
14 11 5
11 8 5
8 5 5
F6
512
43 38 6
38 40 6
40 36 6
36 32 6
32 29 6
29 27 6
27 26 6
F7
512
9 8 7
8 11 7
11 14 7
14 15 7
F8
1024
96 95 8
95 76 8
75 77 8
77 63 8
63 49 8
49 18 8
18 17 8
17 20 8
F9
1024
52 51 9
51 50 9
50 49 9
49 63 9
63 64 9
64 65 9
F10
1024
51 50 10
50 49 10
49 63 10
63 64 10
