F1
256
27 29 1
29 32 1
32 36 1
36 35 1
35 55 1
F2
256
2 15 2
15 14 2
14 11 2
11 12 2
12 47 2
47 61 2
61 75 2
F3
512
51 50 3
50 49 3
49 63 3
63 64 3
F4
512
71 56 4
56 38 4
38 40 4
40 36 4
36 32 4
32 34 4
34 31 4
31 28 4
F5
512
74 75 5
75 76 5
76 77 5
77 63 5
63 64 5
64 78 5
78 77 5
77 94 5
F6
512
83 82 6
82 68 6
68 54 6
54 34 6
F7
1024
72 20 7
20 17 7
17 14 7
14 11 7
11 8 7
8 9 7
9 6 7
F8
1024
70 69 8
69 68 8
68 82 8
82 81 8
F9
1024
54 68 9
68 82 9
82 81 9
81 80 9
80 79 9
F10
1024
71 56 10
56 38 10
38 40 10
40 36 10
36 32 10
32 34 10
34 31 10
31 28 10
