F1
256
51 50 1
50 49 1
49 63 1
63 64 1
F2
256
97 76 2
76 77 2
77 63 2
63 49 2
49 48 2
48 16 2
16 14 2
F3
256
19 15 3
15 13 3
13 11 3
11 12 3
12 10 3
F4
256
27 29 4
29 32 4
32 36 4
36 35 4
35 55 4
F5
256
97 76 5
76 77 5
77 63 5
63 49 5
49 48 5
48 16 5
16 14 5
F6
512
86 87 6
87 88 6
88 83 6
83 82 6
82 81 6
81 80 6
80 79 6
79 92 6
F7
512
57 56 7
56 55 7
55 35 7
35 36 7
36 32 7
32 29 7
29 30 7
F8
512
86 87 8
87 88 8
88 83 8
83 82 8
82 81 8
81 80 8
80 79 8
79 92 8
F9
1024
43 38 9
38 40 9
40 36 9
36 32 9
32 29 9
29 27 9
27 26 9
F10
1024
70 69 10
69 68 10
68 82 10
82 81 10
