F1
256
42 41 1
41 40 1
40 36 1
36 37 1
37 73 1
73 98 1
98 100 1
F2
256
72 20 2
20 17 2
17 14 2
14 11 2
11 8 2
8 9 2
9 6 2
F3
256
96 95 3
95 76 3
75 77 3
77 63 3
63 49 3
49 18 3
18 17 3
17 20 3
F4
256
52 51 4
51 50 4
50 49 4
49 63 4
63 64 4
64 65 4
F5
512
42 41 5
41 40 5
40 36 5
36 37 5
37 73 5
73 98 5
98 100 5
F6
512
50 64 6
64 63 6
63 77 6
77 76 6
F7
512
56 55 7
55 54 7
54 68 7
68 82 7
82 81 7
81 67 7
F8
1024
43 38 8
38 40 8
40 36 8
36 32 8
32 29 8
29 27 8
27 26 8
F9
1024
21 19 9
19 17 9
17 14 9
14 11 9
11 8 9
8 5 9
F10
1024
4 9 10
9 8 10
8 11 10
11 12 10
12 47 10
47 46 10
