F1
256
54 68 1
68 82 1
82 81 1
81 80 1
80 79 1
F2
256
66 80 2
80 81 2
81 82 2
82 68 2
F3
256
50 64 3
64 63 3
63 77 3
77 76 3
F4
256
45 42 4
42 39 4
39 40 4
40 36 4
36 37 4
37 33 4
33 98 4
F5
256
95 76 5
76 77 5
77 63 5
63 49 5
49 50 5
50 22 5
22 18 5
F6
256
58 19 6
19 15 6
15 13 6
13 11 6
11 8 6
8 10 6
10 7 6
F7
512
69 68 7
68 82 7
82 81 7
81 80 7
F8
1024
43 38 8
38 40 8
40 36 8
36 32 8
32 29 8
29 27 8
27 26 8
F9
1024
42 41 9
41 40 9
40 36 9
36 37 9
37 73 9
73 98 9
98 100 9
F10
1024
21 19 10
19 17 10
17 14 10
14 11 10
11 8 10
8 5 10
