F1
256
97 76 1
76 77 1
77 63 1
63 49 1
49 48 1
48 16 1
16 14 1
F2
256
4 9 2
9 8 2
8 11 2
11 12 2
12 47 2
47 46 2
F3
512
45 42 3
42 39 3
39 40 3
40 36 3
36 37 3
37 33 3
33 98 3
F4
512
23 20 4
20 17 4
17 14 4
14 11 4
11 12 4
12 16 4
F5
512
2 15 5
15 14 5
14 11 5
11 12 5
12 47 5
47 61 5
61 75 5
F6
512
95 76 6
76 77 6
77 63 6
63 49 6
49 50 6
50 22 6
22 18 6
F7
1024
57 56 7
56 55 7
55 35 7
35 36 7
36 32 7
32 29 7
29 30 7
F8
1024
88 83 8
83 69 8
69 55 8
55 54 8
54 53 8
F9
1024
74 75 9
75 76 9
76 77 9
77 63 9
63 64 9
64 78 9
78 77 9
77 94 9
F10
1024
58 19 10
19 15 10
15 13 10
13 11 10
11 8 10
8 10 10
10 7 10
