F1
256
57 56 1
56 55 1
55 35 1
35 36 1
36 32 1
32 29 1
29 30 1
F2
256
3 6 2
6 9 2
9 13 2
13 11 2
11 14 2
14 16 2
16 48 2
48 62 2
F3
256
50 64 3
64 63 3
63 77 3
77 76 3
F4
256
96 95 4
95 76 4
75 77 4
77 63 4
63 49 4
49 18 4
18 17 4
17 20 4
F5
512
86 87 5
87 88 5
88 83 5
83 82 5
82 81 5
81 80 5
80 79 5
79 92 5
F6
512
66 80 6
80 81 6
81 82 6
82 68 6
F7
512
9 8 7
8 11 7
11 14 7
14 15 7
F8
512
4 9 8
9 8 8
8 11 8
11 12 8
12 47 8
47 46 8
F9
1024
44 19 9
19 15 9
15 14 9
14 11 9
11 12 9
12 47 9
47 48 9
48 49 9
F10
1024
1 13 10
13 11 10
11 12 10
12 47 10
47 61 10
61 60 10
