F1
256
96 95 1
95 76 1
75 77 1
77 63 1
63 49 1
49 18 1
18 17 1
17 20 1
F2
256
43 38 2
38 40 2
40 36 2
36 32 2
32 29 2
29 27 2
27 26 2
F3
512
58 19 3
19 15 3
15 13 3
13 11 3
11 8 3
8 10 3
10 7 3
F4
512
70 69 4
69 68 4
68 82 4
82 81 4
F5
1024
56 55 5
55 54 5
54 68 5
68 82 5
82 81 5
81 67 5
F6
1024
3 6 6
6 9 6
9 13 6
13 11 6
11 14 6
14 16 6
16 48 6
48 62 6
F7
1024
72 20 7
20 17 7
17 14 7
14 11 7
11 8 7
8 9 7
9 6 7
F8
1024
56 55 8
55 54 8
54 68 8
68 82 8
82 81 8
81 67 8
F9
1024
93 78 9
78 64 9
64 63 9
63 49 9
49 18 9
18 16 9
16 12 9
F10
1024
43 38 10
38 40 10
40 36 10
36 32 10
32 29 10
29 27 10
27 26 10
