F1
256
74 75 1
75 76 1
76 77 1
77 63 1
63 64 1
64 78 1
78 77 1
77 94 1
F2
256
41 40 2
40 36 2
36 37 2
37 73 2
F3
256
23 20 3
20 17 3
17 14 3
14 11 3
11 12 3
12 16 3
F4
512
4 9 4
9 8 4
8 11 4
11 12 4
12 47 4
47 46 4
F5
512
27 29 5
29 32 5
32 36 5
36 35 5
35 55 5
F6
512
51 50 6
50 49 6
49 63 6
63 64 6
F7
512
96 95 7
95 76 7
75 77 7
77 63 7
63 49 7
49 18 7
18 17 7
17 20 7
F8
1024
58 19 8
19 15 8
15 13 8
13 11 8
11 8 8
8 10 8
10 7 8
F9
1024
54 68 9
68 82 9
82 81 9
81 80 9
80 79 9
F10
1024
17 18 10
18 49 10
49 63 10
63 77 10
