F1
256
44 19 1
19 15 1
15 14 1
14 11 1
11 12 1
12 47 1
47 48 1
48 49 1
F2
256
95 76 2
76 77 2
77 63 2
63 49 2
49 50 2
50 22 2
22 18 2
F3
512
74 75 3
75 76 3
76 77 3
77 63 3
63 64 3
64 78 3
78 77 3
77 94 3
F4
512
54 68 4
68 82 4
82 81 4
81 80 4
80 79 4
F5
512
27 29 5
29 32 5
32 36 5
36 35 5
35 55 5
F6
1024
85 84 6
84 83 6
83 82 6
82 81 6
81 80 6
80 91 6
F7
1024
59 39 7
39 40 7
40 36 7
36 37 7
37 33 7
33 98 7
F8
1024
44 19 8
19 15 8
15 14 8
14 11 8
11 12 8
12 47 8
47 48 8
48 49 8
F9
1024
66 80 9
80 81 9
81 82 9
82 68 9
F10
1024
70 69 10
69 68 10
68 82 10
82 81 10
