F1
256
84 83 1
83 82 1
82 81 1
81 90 1
F2
256
43 38 2
38 40 2
40 36 2
36 32 2
32 29 2
29 27 2
27 26 2
F3
256
23 20 3
20 17 3
17 14 3
14 11 3
11 12 3
12 16 3
F4
256
93 78 4
78 64 4
64 63 4
63 49 4
49 18 4
18 16 4
16 12 4
F5
512
70 69 5
69 68 5
68 82 5
82 81 5
F6
512
97 76 6
76 77 6
77 63 6
63 49 6
49 48 6
48 16 6
16 14 6
F7
512
41 40 7
40 36 7
36 37 7
37 73 7
F8
1024
84 83 8
83 82 8
82 81 8
81 90 8
F9
1024
43 38 9
38 40 9
40 36 9
36 32 9
32 29 9
29 27 9
27 26 9
F10
1024
93 78 10
78 64 10
64 63 10
63 49 10
49 18 10
18 16 10
16 12 10
