F1
256
51 50 1
50 49 1
49 63 1
63 64 1
F2
256
72 20 2
20 17 2
17 14 2
14 11 2
11 8 2
8 9 2
9 6 2
F3
256
59 39 3
39 40 3
40 36 3
36 37 3
37 33 3
33 98 3
F4
256
86 87 4
87 88 4
88 83 4
83 82 4
82 81 4
81 80 4
80 79 4
79 92 4
F5
512
45 42 5
42 39 5
39 40 5
40 36 5
36 37 5
37 33 5
33 98 5
F6
512
87 84 6
84 83 6
83 82 6
82 89 6
F7
1024
97 76 7
76 77 7
77 63 7
63 49 7
49 48 7
48 16 7
16 14 7
F8
1024
88 83 8
83 69 8
69 55 8
55 54 8
54 53 8
F9
1024
9 8 9
8 11 9
11 14 9
14 15 9
F10
1024
56 55 10
55 54 10
54 68 10
68 82 10
82 81 10
81 67 10
