F1
256
84 83 1
83 82 1
82 81 1
81 90 1
F2
256
17 18 2
18 49 2
49 63 2
63 77 2
F3
512
86 87 3
87 88 3
88 83 3
83 82 3
82 81 3
81 80 3
80 79 3
79 92 3
F4
512
84 83 4
83 82 4
82 81 4
81 90 4
F5
512
56 55 5
55 54 5
54 68 5
68 82 5
82 81 5
81 67 5
F6
1024
83 82 6
82 68 6
68 54 6
54 34 6
F7
1024
95 76 7
76 77 7
77 63 7
63 49 7
49 50 7
50 22 7
22 18 7
F8
1024
51 50 8
50 49 8
49 63 8
63 64 8
F9
1024
1 13 9
13 11 9
11 12 9
12 47 9
47 61 9
61 60 9
F10
1024
59 39 10
39 40 10
40 36 10
36 37 10
37 33 10
33 98 10
