F1
256
71 56 1
56 38 1
38 40 1
40 36 1
36 32 1
32 34 1
34 31 1
31 28 1
F2
256
41 40 2
40 36 2
36 37 2
37 73 2
F3
256
19 15 3
15 13 3
13 11 3
11 12 3
12 10 3
F4
256
93 78 4
78 64 4
64 63 4
63 49 4
49 18 4
18 16 4
16 12 4
F5
256
72 20 5
20 17 5
17 14 5
14 11 5
11 8 5
8 9 5
9 6 5
F6
512
4 9 6
9 8 6
8 11 6
11 12 6
12 47 6
47 46 6
F7
1024
88 83 7
83 69 7
69 55 7
55 54 7
54 53 7
F8
1024
21 19 8
19 17 8
17 14 8
14 11 8
11 8 8
8 5 8
F9
1024
9 8 9
8 11 9
11 14 9
14 15 9
F10
1024
66 80 10
80 81 10
81 82 10
82 68 10
