F1
256
66 80 1
80 81 1
81 82 1
82 68 1
F2
256
21 19 2
19 17 2
17 14 2
14 11 2
11 8 2
8 5 2
F3
256
57 56 3
56 55 3
55 35 3
35 36 3
36 32 3
32 29 3
29 30 3
F4
256
86 87 4
87 88 4
88 83 4
83 82 4
82 81 4
81 80 4
80 79 4
79 92 4
F5
256
97 76 5
76 77 5
77 63 5
63 49 5
49 48 5
48 16 5
16 14 5
F6
512
96 95 6
95 76 6
75 77 6
77 63 6
63 49 6
49 18 6
18 17 6
17 20 6
F7
512
86 87 7
87 88 7
88 83 7
83 82 7
82 81 7
81 80 7
80 79 7
79 92 7
F8
1024
27 29 8
29 32 8
32 36 8
36 35 8
35 55 8
F9
1024
22 50 9
50 49 9
49 63 9
63 62 9
62 61 9
F10
1024
86 87 10
87 88 10
88 83 10
83 82 10
82 81 10
81 80 10
80 79 10
79 92 10
