F1
256
3 6 1
6 9 1
9 13 1
13 11 1
11 14 1
14 16 1
16 48 1
48 62 1
F2
256
42 41 2
41 40 2
40 36 2
36 37 2
37 73 2
73 98 2
98 100 2
F3
256
88 83 3
83 69 3
69 55 3
55 54 3
54 53 3
F4
512
66 80 4
80 81 4
81 82 4
82 68 4
F5
512
27 29 5
29 32 5
32 36 5
36 35 5
35 55 5
F6
512
83 82 6
82 68 6
68 54 6
54 34 6
F7
512
88 83 7
83 69 7
69 55 7
55 54 7
54 53 7
F8
1024
9 8 8
8 11 8
11 14 8
14 15 8
F9
1024
43 38 9
38 40 9
40 36 9
36 32 9
32 29 9
29 27 9
27 26 9
F10
1024
42 41 10
41 40 10
40 36 10
36 37 10
37 73 10
73 98 10
98 100 10
