F1
256
45 42 1
42 39 1
39 40 1
40 36 1
36 37 1
37 33 1
33 98 1
F2
256
23 20 2
20 17 2
17 14 2
14 11 2
11 12 2
12 16 2
F3
256
43 38 3
38 40 3
40 36 3
36 32 3
32 29 3
29 27 3
27 26 3
F4
256
69 68 4
68 82 4
82 81 4
81 80 4
F5
256
59 39 5
39 40 5
40 36 5
36 37 5
37 33 5
33 98 5
F6
256
51 50 6
50 49 6
49 63 6
63 64 6
F7
512
95 76 7
76 77 7
77 63 7
63 49 7
49 50 7
50 22 7
22 18 7
F8
512
84 83 8
83 82 8
82 81 8
81 90 8
F9
512
27 29 9
29 32 9
32 36 9
36 35 9
35 55 9
F10
512
22 50 10
50 49 10
49 63 10
63 62 10
62 61 10
