F1
256
52 51 1
51 50 1
50 49 1
49 63 1
63 64 1
64 65 1
F2
256
1 13 2
13 11 2
11 12 2
12 47 2
47 61 2
61 60 2
F3
512
59 39 3
39 40 3
40 36 3
36 37 3
37 33 3
33 98 3
F4
512
93 78 4
78 64 4
64 63 4
63 49 4
49 18 4
18 16 4
16 12 4
F5
512
54 68 5
68 82 5
82 81 5
81 80 5
80 79 5
F6
512
50 64 6
64 63 6
63 77 6
77 76 6
F7
1024
43 38 7
38 40 7
40 36 7
36 32 7
32 29 7
29 27 7
27 26 7
F8
1024
9 8 8
8 11 8
11 14 8
14 15 8
F9
1024
95 76 9
76 77 9
77 63 9
63 49 9
49 50 9
50 22 9
22 18 9
F10
1024
57 56 10
56 55 10
55 35 10
35 36 10
36 32 10
32 29 10
29 30 10
