2674.83400452
2254.39407709
2103.00601796
1638.94072318
2096.10171802
1397.60778831
1337.94608537
2405.97080083
1123.91478752
2156.35316009
2089.77095103
1164.9332976
2602.38606644
1733.45975745
2200.94351326
1631.76289007
2005.77062641
2576.53679562
2073.46596329
2420.72400463
2511.41106674
2814.63367367
1283.61140728
2052.90328635
2168.17658939
1958.17682613
2178.61403206
3228.5216403
1970.48292457
1769.64526992
1908.90363243
1458.47756193
1930.51786917
1999.78692778
2070.83380834
2558.33715443
1848.4766023
1479.67826486
1787.54113423
1851.75862872
3270.64176982
1074.52508734
1922.98801462
1963.63105302
1833.58465382
1995.74141817
1788.64964716
2010.71439459
2113.51521107
2344.64789798
1357.62393737
2108.07503222
3210.77961133
1509.55458678
1371.9181067
1605.22644025
1811.50197214
1597.34396413
2371.01024667
2528.34330238
1888.26086945
2614.55977744
1983.88946846
2063.0285306
1896.07013262
2433.01165575
2193.45212307
2593.80770281
1723.76645346
1971.71319201
2517.7773887
2607.41902666
2115.68583042
1514.78161157
1636.86902103
1552.58030856
1584.70259706
1469.93191379
1343.48445138
2267.32166359
2357.96400871
1587.52878771
2868.35046497
1764.76919611
1485.47756095
1337.07648128
1765.52989984
2999.20609428
1977.78925304
1676.46060521
1351.30604654
1821.37268191
2157.14692745
1442.54528097
2280.29136746
1116.87831497
2324.23377227
1197.25339921
2348.93524831
1933.82167529
%
4306.9844667
4243.45436438
3457.29223898
4007.75031444
4039.45341477
3498.54531828
3158.04095563
3159.57093208
3804.14085425
4224.7384491
4292.79098673
3253.47275326
3785.15738243
3721.50627286
3621.57142513
4404.83630309
3484.16515703
3350.3688281
4890.6604847
3095.6233164
3861.84069797
3984.94021541
4252.54705687
2998.84076435
4108.5586425
3573.6364839
3571.01972939
4307.73625885
3407.15843765
4182.48298181
4837.31754282
4016.84089738
3380.06393847
4176.79543891
4790.25969258
3451.67197894
3890.40041346
4187.00785595
4252.98255759
4049.33582027
3197.01885586
3845.12711723
4796.91431877
3757.56643102
3860.54186051
4510.18970329
4043.9292399
3111.48404471
2991.13291436
4410.17100837
3019.35022347
4288.08196283
4352.51773799
4189.59128595
3396.06508714
3257.9526526
4273.16119323
4612.23804518
4320.82068043
3236.77344699
3598.80184964
4300.77976295
3013.49513235
4653.35592086
3910.75137353
4048.25088829
4348.7932769
3952.46189932
3960.17902576
4333.73118345
4573.72961753
5185.20940859
1837.52932617
3813.94866757
3844.07812802
3761.86373086
3858.21929754
4213.01532558
4259.01908571
3607.19299833
3657.66822649
4840.90700476
3982.3123282
4326.33236496
4497.3848769
4955.42213344
4032.83161301
4596.54026909
4002.79783843
3354.65545857
4667.83921359
3675.37490978
3873.81997417
3518.27434766
4306.87427002
3586.21074057
3044.86951648
4175.45878634
4322.04826536
3703.0823213
%
6050.16438442
5657.70843362
6062.93541609
5702.21238127
6096.32929483
5322.72299963
6050.17200902
6516.46259236
6136.07317713
6309.58797556
6293.93171279
4836.2164381
5783.3655664
6256.88487528
5915.38826782
5837.74154673
6496.06159205
6589.67314698
4685.91703218
5664.03260041
5434.09354287
5064.02066791
6057.56424514
5685.16581002
6104.49476285
5291.95219381
5644.3973546
5223.35865902
6186.65691593
4536.82352851
5608.13308113
5342.00099908
7091.67254319
6128.28078552
5285.12666033
7217.33788159
5952.81325403
5839.89663597
5321.33834978
5651.82774227
5514.11291904
5790.74781581
6312.57057107
6256.12434574
5095.31850558
6599.95584165
6498.28336177
5114.93326265
6327.25446941
5089.845195
4824.14732553
5431.89966056
6060.08624688
5894.74227701
6262.02241278
4904.39327888
3928.94072912
5154.54208613
4481.11044704
6386.18783846
4103.38815789
6670.08215588
6805.1737232
6219.83605368
5490.54265528
4774.20262484
6294.30227665
6385.69242846
6106.62552988
5902.0606207
5682.65085539
5490.57349617
5865.76297727
6378.73867368
6198.22444965
6180.51455893
5396.161741
5099.34937153
4762.98251378
5176.91306916
6299.64104847
6002.94130706
5785.25412979
7042.02257162
5774.52257421
5613.43385367
6138.62109187
7043.88861679
6057.28265945
6623.96031175
4731.77637336
6331.47043386
6163.65382665
5034.81246141
5221.22441068
6492.07121046
5936.35742985
6248.90563164
5284.81233784
6272.0633289
%
5189.68248585
5092.92909893
5725.95706284
5132.20747076
5986.83210355
5757.95929881
5031.73007071
4817.11520617
6122.84578864
5487.24982643
5675.28476992
5481.23414017
5098.16272376
5795.01948485
5637.91256439
5362.39558704
5650.44908997
5229.87451854
5639.09670688
4680.64280906
5224.53293893
5230.51913229
5942.46692373
5861.89609799
5691.97132736
6107.46010275
6284.74517997
5468.06552333
5766.14721195
5794.35933375
5510.00338888
5977.03843702
6135.72262186
5483.24458994
5709.44925723
5322.33407315
5019.55181758
5659.50843776
4667.97282791
5356.4022435
5550.96034044
6149.69137924
5324.32520474
4701.19392821
4788.69388454
5727.71574399
5729.33085101
5287.69493353
5769.15544869
5628.12201006
5523.35586222
5696.48590663
6113.5873592
5963.93268862
5381.79094739
5949.48649698
5850.98311
5642.20838435
6934.38408273
5834.3457608
6261.23817668
6571.87494418
6135.44254788
6024.28411714
5724.38677411
4988.76348834
5222.244115
6192.93103629
5944.00756316
5345.84593185
4656.13532558
5291.963649
5489.16873256
5355.33148545
5504.36264895
5440.30426425
5002.72278006
5230.38224305
5089.95982482
5267.1184235
6237.56729937
5400.52838634
5236.39236359
5645.75101225
5518.89166837
5433.67830946
5630.41711589
4840.48492339
5588.75138037
5994.50619877
5761.93199825
5674.39706006
5781.55291509
4679.52127252
5987.69326904
5429.97862602
6087.307456
5605.10813438
5213.25697555
5288.91189729
%
720.010221878
516.873585345
815.581753543
500.84098266
955.81851722
805.806153816
742.491675502
714.73525062
961.095284606
705.635053587
529.025684172
828.483601036
785.553035091
625.997163412
827.692146198
656.302788697
556.526053983
616.886742746
783.494981859
772.698754654
794.259435844
814.942359013
852.965055674
612.455609269
670.420505652
611.694174153
988.270898953
806.066227512
622.347684872
797.394197326
696.183240652
742.610881221
759.059904301
748.645698198
691.231771602
799.306298788
834.818319844
138.375506579
582.865792789
663.572753139
762.231424253
892.675976463
896.20413725
815.680099134
723.463501067
1001.27917357
710.030792776
412.458601209
722.782996643
691.363882944
1059.33483468
618.103400714
833.542162407
146.434951079
821.773114838
740.842771166
651.840316684
590.472568134
803.699958821
725.225030864
594.102244486
477.209573605
646.595740277
818.187508221
789.563549043
569.885787991
637.970529491
724.462802975
564.804388164
779.884217235
820.754539043
133.183329756
901.011704467
759.923013428
851.684609273
736.380833551
874.380949945
863.250851387
746.955637142
918.360355756
822.829474666
550.311967929
925.249346541
759.744171866
693.009015024
652.832409783
728.747734608
733.34733902
754.763108028
746.822949399
801.927079121
748.750260051
763.01859723
558.80547005
481.419973466
553.424076838
775.477542842
922.284332279
827.164688449
752.464705327
%
1297.12583768
1879.30123054
1343.80705846
1507.49166427
1576.66768049
1540.06772697
1570.49311799
1487.0336531
1698.78447828
1510.90640324
1503.75072252
1415.98679843
1646.0630232
1632.63265372
1574.69562884
1080.59923994
1521.18240529
1435.94914855
1697.160964
1647.2417086
1844.02183663
1598.69418502
1691.79211856
1844.07189426
1874.76868185
1420.82416937
1518.13818491
1471.40368196
1667.73187377
1656.30931714
1308.80264678
1825.18780979
1300.34806793
1408.88883295
1507.75984485
1394.30393716
1414.53168249
1218.34209213
1532.18840374
1591.52403912
1668.66241749
1336.82372124
1327.81118927
1553.98448623
1556.76382984
1548.24722986
1335.31036156
1597.92444753
1329.97350607
1521.58828367
1485.13523076
1216.70513877
1479.68106366
1531.84035835
1383.46495566
1522.43368331
1684.334577
1658.84527459
1210.09652768
1477.45479778
1593.91581524
1701.88912151
1284.75563695
1420.91988424
1027.68323301
1580.53929106
1381.88110466
1350.96947236
1491.32656784
1463.56228515
1690.1168717
1713.52212518
1536.20644058
1198.37605172
1277.92558517
1357.65414316
1496.33145671
1366.45745722
1490.86974917
1053.66378858
1643.2500092
1340.41501392
1225.94505138
1510.82366112
1632.44047662
1573.67971798
1358.90541469
1649.34951992
1391.74684804
1599.22644366
1520.09665452
1446.24382853
1271.36183537
1307.37939131
1644.8510131
1458.55486163
1556.65305509
989.711506687
1357.52715369
1656.39238361
%
2464.86577428
2098.56135106
2138.30321791
2181.09052382
2462.09431458
2260.77922038
2336.50599241
2648.7652991
1888.14685479
2275.10680831
2001.42154987
2282.06659283
2233.16676575
1852.87333353
2042.4701409
2225.08707762
2372.34236657
2259.25141682
2163.71781632
2379.95639001
1927.84074157
2269.65671596
2319.19245243
2392.55907887
2170.96076587
1829.45236116
2246.97599972
1969.93378799
2144.62219632
1971.23096847
2019.11853321
2015.19634027
2464.1272214
1868.29876898
2671.24550482
2257.32012855
2032.38433208
2213.90642293
2229.60455326
1879.37625824
1994.38604462
2367.54723801
2096.04123913
2137.60964308
2352.68742261
2344.00218539
2392.04438426
1899.02002936
2322.81693045
2160.28804735
1996.08523984
2169.55275941
2232.64875368
2171.70734483
2443.75179528
2192.83677812
2059.6573954
2039.00154483
1973.16488826
1999.17354796
2331.30725253
2160.80367824
2005.21702414
2096.4028703
1781.65117628
2386.52832063
1928.73238753
2634.53359985
2051.78267417
2264.54509658
1972.64126647
2234.60284187
2189.67778334
2384.36500757
1947.18479368
2127.81459443
1721.7637326
2228.57373892
1914.84686106
2480.32413291
2192.02374672
1928.81647751
1968.92397771
1953.77220658
2108.89727531
2177.19974904
2281.96597258
2257.20817766
1641.36366623
1524.17321938
2006.09366337
1980.57938403
2356.67469995
2193.52790633
1710.47944858
1972.51348787
2303.16739166
2272.98419365
2512.20447968
1849.91335492
%
3303.18520339
3061.48397652
3323.95760305
2791.32496017
2758.47997926
2960.84316557
2653.67417728
3380.98582693
3382.37114927
2594.24141355
2600.09332572
3711.30413735
3188.41977492
3141.26966589
2913.20942236
2863.6960513
2662.91002995
2891.57944139
2702.25716967
3529.29717205
2727.61920332
2692.50524521
2929.00585209
2819.18192449
2573.19118843
3101.22864782
3266.50987596
2658.70415273
3135.40564528
2639.33693827
3499.63900676
2757.16584487
2623.54011762
2788.54644106
3095.41731985
2933.15304437
2756.03522585
3016.36363809
3228.85683372
3076.63387409
3063.82895347
3002.89365577
3003.14928171
2939.75250583
3011.08163919
3074.69691515
2991.06752308
2525.63815218
2907.54214837
2954.77242743
2933.04548365
2954.39573196
2700.44408338
2707.66902294
2934.83061545
2939.52971036
2617.45830113
2833.03242876
3042.67313491
2961.73387757
2813.10951985
3090.82557716
2733.27913228
3375.36483605
3113.29285881
3021.61555195
3136.26792668
2431.11567872
2956.86292332
3093.31137147
3042.78296356
2981.50272864
2970.45668084
2722.76429478
2391.60506925
3121.74244284
2899.00323239
2943.18550407
2627.46568053
2554.95951208
3333.74784369
2997.42803523
2509.13514716
3029.62361751
2635.41155133
2622.79359832
2345.70176024
3224.75410044
2760.61855156
3011.23658056
3314.48314222
2535.02900151
2710.75731382
2824.20385103
3096.62621717
3016.51417978
2892.15341259
2617.44746445
2994.0917041
2939.59168176
%
640.126656976
884.742735046
987.960626288
798.614954697
931.381656824
675.220054519
857.07999159
712.526752066
479.928012101
709.499044147
667.943699632
834.018113998
710.731504467
715.091767904
731.391715439
795.699929014
947.004036866
581.721478033
902.316162344
706.01389343
782.831978881
565.972398118
555.24210688
680.028136971
782.811074494
558.413506901
821.550817476
831.551466782
972.624666517
931.093287553
976.035931568
957.898212682
836.769272442
572.397870743
669.858478807
591.651357983
649.090396955
781.998421118
503.259464511
652.607597841
622.090101463
929.419059441
738.90512064
792.626396841
776.656247143
828.657905338
959.432804631
989.579632141
854.517832632
669.628036236
732.560474927
945.123875796
640.712425273
688.161350299
865.773145587
651.357107356
687.28841254
620.842104778
632.048992128
613.320835188
659.521398048
702.655866861
896.936548551
728.95886303
689.887308431
730.042044253
761.74881116
678.031736836
916.845277898
612.860659852
968.935503388
578.312274356
653.558815416
703.424301737
814.451272381
857.595319328
584.44912372
503.585166925
753.420380873
862.284733545
784.888286295
992.640227085
829.381162717
682.196742512
505.087431423
660.617107855
866.476280193
745.693400791
787.349668067
721.513052392
886.658993886
574.430919873
685.763008085
598.944620032
598.944620032
972.713068618
903.139245356
845.363140026
677.307282622
777.62808154
%
1400.82480588
1475.77302042
1454.17432441
1895.18587263
1614.77958555
1665.67834969
1394.91182025
1681.20954185
1368.27552183
1596.15528533
1532.90699957
1593.80336581
1607.73585046
1385.49438851
1373.3639655
1623.39120314
1301.12410891
1650.81023325
1261.6106292
1668.28173005
1969.31996885
1453.48298716
1492.90344801
1498.48462756
1464.59466317
1700.06788987
1756.80200972
1537.5112066
1229.71659647
1628.50898087
1722.56228977
1267.30206199
1709.98646831
1807.72022935
1392.86618956
1372.9168219
1228.48250986
1741.97158845
1383.12415257
1544.73708601
1420.54567459
1649.66730435
1244.71643079
1338.37850281
1585.20026783
1825.94290437
1461.26079509
1762.31345568
1482.56892235
1774.87390984
1506.83521893
1432.90803554
1328.53107498
2032.63802699
1179.7661392
1988.19007655
1307.16647597
1753.30804936
1543.80707875
1878.02188023
1318.49850678
1505.40831573
1453.63106154
1687.62668293
1942.42724491
1642.74739599
1474.60912623
1480.85882936
1507.73056477
1347.53032082
1435.59621613
1406.38843835
1270.33099198
1558.95248696
1471.42743582
1725.8213979
1831.63935563
1648.78219592
1573.73452768
1844.39902059
2060.08941088
1392.98623703
1665.61790135
1413.12621802
1333.42209442
1268.08664367
1771.13830051
1465.85094043
1495.74610479
1315.36420513
1574.7425467
1333.4705868
1470.84735633
1516.52860089
1414.33939381
1552.44431631
1696.02922459
1083.48085643
1328.67539897
1285.20488691
%
2216.57355222
2598.10117177
2564.50422943
2058.56966152
2610.54878459
1933.15423991
2022.09698998
2452.27857053
2162.44832395
1957.73688958
2087.60401432
2420.19768917
2023.87202959
1986.32718737
2408.24945197
2056.17551765
2589.80664533
2022.18172518
1887.63663127
1994.37982657
2368.24801589
2624.3162962
2046.5895776
2182.6939039
2119.86039306
1663.58844891
1949.6552835
2598.56776218
2000.08971247
2182.04190443
2298.96365287
2158.4799502
2540.91662432
2300.55264689
2016.75427269
2261.64189787
2684.62907442
2869.06593689
1907.23313704
2519.59239584
2396.48873678
2271.72485555
2583.70228397
1968.09013032
2323.08871008
2333.87668084
2703.21299608
2004.48552993
2247.46721468
1714.31630753
2719.89631199
1957.92240456
2243.70451161
2455.2361842
1727.66962889
2094.21604893
2888.63650856
2274.04398116
2533.22869653
2309.85156317
2198.32562331
2282.47196799
2487.29238021
2278.56078547
2261.91957265
2343.69813466
2423.8336862
2482.03959377
2336.84025121
2163.52508557
2736.09162973
1855.3718878
2671.11244516
1791.53801816
2715.99330126
2724.44859386
2294.55608063
2010.35252064
2223.09149261
2169.78736127
2161.48886372
2558.41640799
2433.84257626
2238.16551901
2092.35215529
2287.63449147
2307.08689688
2847.16042721
2326.01194068
2282.35422877
2586.23748474
2590.24342135
2570.21470967
2041.29785158
2297.00311446
2221.62771075
2303.10398869
2481.90870834
2659.07923625
2490.15659917
%
3118.04708071
3494.89032379
2922.44792087
2967.12311668
3264.12412571
3034.07923941
3167.19814671
3186.68925902
3073.7732601
2460.52749059
2822.89862539
3196.54734015
3495.83638212
3284.34374334
2822.47356693
2983.33618212
2910.80133308
3254.73389902
2848.54125953
2722.5151006
2521.45816631
3156.29401974
2669.79724768
4007.68747435
3275.34672498
2735.2172516
3332.93159659
3137.879531
2536.32734699
2834.95300915
3112.67572395
2757.98218455
2986.92735476
3059.45352069
3228.09778448
2932.56372638
2865.8996429
2736.76276124
2911.69747158
3178.78365572
2901.23265984
3570.41403238
3377.46511463
3301.43308164
3292.38225298
3155.30787894
3102.30089857
2741.46087915
2996.49288926
3188.52687873
3133.17880298
2683.77184433
2880.32292036
3103.38512499
3063.21092747
2895.07820688
2728.31542045
3165.89332372
2883.45939093
3134.79146238
3421.99661491
3120.19496504
3229.26380298
3188.26508901
2975.46092549
3485.12418028
2934.81743973
3202.56563759
2928.92946883
2820.54543978
3227.91941138
2537.14260415
2579.61781649
2778.250655
2812.43783505
3182.98516633
3241.98817557
2570.50856
2950.99031052
3059.39381578
3241.38263852
3384.05684174
3492.43424511
2784.21971435
3312.12882988
2925.68279903
3142.03590526
3284.28203934
3070.74006009
2374.51597185
3065.51500865
2694.78700043
2994.84860018
2567.59483932
2681.96972782
2996.05205449
3079.89242722
2708.96404515
2570.37994254
3066.98278067
%
729.616707166
693.21742574
966.205921413
761.200398295
864.673754083
721.280610577
798.17984297
683.196131505
595.345409298
886.990518355
857.551270655
765.408405174
445.147310663
714.350270514
755.636744202
634.205252657
911.604946165
1040.07380691
868.308366098
830.533084494
565.105596525
632.007062341
913.812868496
855.673520655
724.45150956
690.586703526
769.995020805
769.995020805
930.003629318
960.677560463
694.779242757
730.472011314
986.980480624
867.902554011
914.091618035
564.350874139
856.658810213
899.87513461
915.687562192
946.895689452
550.863849636
876.413917316
565.32766165
830.737480918
645.30437293
731.611192448
725.494766102
1143.01846669
749.509360903
566.037857331
654.972102138
624.551346087
994.519839154
687.904044961
780.960901177
672.037827296
906.093371527
955.746096904
920.008465014
880.47809823
553.146533359
721.245033135
894.941933412
852.779780937
766.532097466
792.575935035
723.937229278
773.109996855
782.203016157
793.946073206
878.970346123
947.123206147
811.813600037
683.953061065
741.946204204
741.946204204
1053.48163729
526.2897874
873.872837104
630.009569878
952.252953998
952.252953998
653.626428752
984.742447151
574.466507972
740.022605874
823.061272301
835.447506077
617.176409296
814.172396579
675.058882074
757.397341962
799.077794013
707.157737941
938.828069356
927.116813635
669.31931294
748.430366119
519.392999251
690.648283596
%
1483.2339367
1728.81579179
1276.57772593
1887.50951584
1581.06929586
1435.00521319
1475.79109212
1557.58374047
1567.93377869
1711.04905316
1406.54530185
1599.63605232
1434.4436291
1436.65323827
1638.68325702
1495.46880918
1563.90533197
1244.46257692
1861.67694897
1529.17390685
1286.28266563
1682.13157664
1642.26655212
1544.15794226
1458.39657554
1688.58330537
1475.1758656
1678.99306977
1740.14005867
1535.74562921
1767.16812787
1811.09568335
1491.74842805
1643.81082693
1640.55342464
1607.25886676
1907.72658504
1380.21827698
1629.20691201
1468.88574747
1840.67145397
1408.29401038
1704.13287481
1227.87397426
1726.21809976
1320.54123373
1796.22381894
1561.76379983
1357.1072055
1653.43014095
1594.05960131
1331.44467337
1408.23960356
1626.63670679
1594.39732127
1515.55475055
1524.04688355
1463.56098228
1051.89627263
1587.50545923
1484.19141432
1659.71078717
1452.71597437
1992.54617371
1544.21557402
1264.0925658
1796.59008103
1448.85915945
1213.9081826
1429.40547981
1593.94693178
1938.1596387
1658.77407399
1770.83622568
1407.21131811
1448.51948976
1356.05381072
1521.44480333
1345.61464279
1280.07868131
1455.20597035
1765.15092113
1643.36048253
1306.06873644
2075.85757509
1699.6630048
1738.39250384
1203.95201714
1257.0596772
1524.23508187
1452.42017444
1627.3969843
1435.4730092
1824.14304925
1637.44591389
1241.15956059
1672.51061934
1461.84447137
1668.6703078
1449.56779278
%
2337.04725241
2387.58294999
2314.13524604
2577.90322851
2349.89453415
2226.86781585
2249.94755508
2521.74520316
2543.85784607
2222.40682596
2225.71179397
2499.59307285
2497.17748347
2436.45168743
2821.422143
2598.89305699
2505.17576568
2142.94520561
2250.89850749
2471.58295688
2839.79138476
1970.82342637
2720.25196728
2109.66118586
2194.0159699
1810.07165194
2512.09876167
1795.53768845
2500.34681611
2334.38841632
2458.56906805
1982.05472207
1932.19428105
3023.28905804
2247.71326929
2000.39359528
2039.7712043
2167.07824486
2256.822829
2737.34380358
2024.31575629
2392.77250343
2583.55769598
2548.76080342
2197.43901083
2425.74046532
2260.71435097
2599.06404153
2351.81183568
2189.46918553
2536.31269903
2667.82199766
2476.90674847
2445.94452546
2224.879332
2386.54727019
2896.08113276
2108.23884064
2232.93055065
2337.02202648
2309.65433282
2370.81076674
2476.16443109
2480.84301364
2580.10051105
2400.32345771
2463.61717351
2701.29661948
2139.33071829
2488.09656875
2396.42733468
2305.22124753
2692.09663165
2620.80258288
2073.90163303
2248.41383425
2037.97324686
2026.45436696
2403.91920382
2338.16313282
2059.34962492
2311.56143357
2200.98856181
1828.03724417
2672.72151795
2141.24173426
2431.45847065
2621.41209412
2241.18313987
2584.99790992
2676.11181051
2175.56316252
2377.51360244
2041.55918074
2779.9987537
2112.57348559
2236.91272314
2455.63736407
2632.05252152
2446.3738042
%
3333.05280688
2867.93684539
3220.37540421
2835.99535754
2859.15501219
3534.39295719
3361.984792
3425.18558248
3009.53291945
3227.41146418
3000.92650619
3851.00647417
2941.39177425
2736.4085211
3386.78861227
3141.71900627
3030.61787717
3216.2625405
3466.59875035
3307.13217407
3387.66246864
2749.89865441
3049.06607035
2874.35532676
3137.85270449
2887.21893328
2906.83746312
3074.52405716
2956.28616258
2642.57766764
2782.58769091
3127.88238156
2611.35279348
3016.70319339
3203.01584342
3509.63616131
2924.26456859
3431.94487813
3036.08080879
3081.83205969
2860.74325208
3094.27760397
3435.87595929
3354.77379175
2813.43288623
2653.96001336
2955.72537865
2954.49770033
3146.6797311
3149.82257164
2986.36811665
2773.67794186
3277.54194933
2826.87218526
3142.90869921
2749.23492347
2697.40999084
3119.85218464
3381.79313211
2681.23499567
3111.39268539
3176.44183277
3112.36354934
2537.90614529
2950.24574927
2872.24251131
3383.21205627
2945.28535074
2931.18087234
2940.48998815
2824.30467806
2921.8049361
3019.76981771
3530.38967727
3181.08339795
3118.4807087
3056.63590608
3099.58860767
3293.60719119
2806.11713405
2871.29590129
2968.19637469
2744.77357019
3177.54276076
2896.65193083
3149.95782986
2961.15602603
3097.77895975
3451.2001308
3054.74241552
2751.83993622
3145.79421147
3367.88569683
2588.24166042
3016.24559692
3178.64670967
2981.00012416
2590.11964116
3317.77979886
3012.28351999
%
