F1
256
7 9 1
9 13 1
13 11 1
11 58 1
58 52 1
F2
256
37 32 2
32 39 2
39 50 2
50 28 2
28 23 2
23 40 2
F3
256
17 14 3
14 11 3
11 56 3
56 79 3
79 88 3
F4
256
45 37 4
37 32 4
32 39 4
39 50 4
50 72 4
72 68 4
68 86 4
86 97 4
F5
256
37 32 5
32 39 5
39 50 5
50 28 5
28 23 5
23 40 5
F6
256
66 49 6
49 83 6
83 35 6
35 56 6
F7
256
22 21 7
21 16 7
16 11 7
11 58 7
58 44 7
44 60 7
F8
512
66 49 8
49 83 8
83 35 8
35 56 8
F9
512
89 87 9
87 68 9
68 76 9
76 61 9
F10
512
48 34 10
34 33 10
33 50 10
50 53 10
53 73 10
73 51 10
F11
512
80 78 11
78 93 11
93 68 11
68 76 11
76 100 11
100 91 11
F12
512
48 34 12
34 33 12
33 50 12
50 53 12
53 73 12
73 51 12
F13
512
10 12 13
12 14 13
14 11 13
11 56 13
56 79 13
79 75 13
F14
512
85 91 14
91 100 14
100 76 14
76 82 14
82 74 14
74 81 14
F15
512
21 16 15
16 11 15
11 14 15
F16
512
38 47 16
47 53 16
53 50 16
50 72 16
72 68 16
68 93 16
F17
512
85 91 17
91 100 17
100 76 17
76 82 17
82 74 17
74 81 17
F18
512
99 89 18
89 87 18
87 53 18
53 50 18
50 33 18
33 32 18
32 29 18
F19
512
22 21 19
21 16 19
16 11 19
11 58 19
58 44 19
44 60 19
F20
512
84 73 20
73 53 20
53 50 20
50 39 20
39 36 20
F21
512
42 77 21
77 70 21
70 98 21
98 76 21
76 68 21
68 87 21
F22
1024
38 47 22
47 53 22
53 50 22
50 72 22
72 68 22
68 93 22
F23
1024
25 28 23
28 61 23
61 76 23
76 98 23
98 63 23
63 65 23
F24
1024
20 58 24
58 11 24
11 13 24
13 9 24
F25
1024
22 21 25
21 16 25
16 11 25
11 58 25
58 44 25
44 60 25
F26
1024
1 6 26
6 8 26
8 35 26
35 56 26
56 44 26
44 60 26
F27
1024
84 73 27
73 53 27
53 50 27
50 39 27
39 36 27
F28
1024
4 41 28
41 55 28
55 35 28
35 13 28
F29
1024
25 28 29
28 61 29
61 76 29
76 98 29
98 63 29
63 65 29
F30
1024
25 28 30
28 61 30
61 76 30
76 98 30
98 63 30
63 65 30
