F1
256
72 50 1
50 53 1
53 73 1
F2
256
90 85 2
85 100 2
100 76 2
76 61 2
61 28 2
28 25 2
25 30 2
F3
256
37 32 3
32 39 3
39 50 3
50 28 3
28 23 3
23 40 3
F4
256
26 21 4
21 16 4
16 11 4
11 58 4
58 56 4
56 83 4
F5
256
5 7 5
7 9 5
9 13 5
13 11 5
11 16 5
16 21 5
21 26 5
26 19 5
F6
256
22 21 6
21 16 6
16 11 6
11 58 6
58 44 6
44 60 6
F7
256
42 77 7
77 70 7
70 98 7
98 76 7
76 68 7
68 87 7
F8
256
66 49 8
49 83 8
83 35 8
35 56 8
F9
256
85 91 9
91 100 9
100 76 9
76 82 9
82 74 9
74 81 9
F10
256
66 49 10
49 83 10
83 35 10
35 56 10
F11
256
2 1 11
1 6 11
6 8 11
8 35 11
35 55 11
55 67 11
67 62 11
62 64 11
F12
512
99 89 12
89 87 12
87 53 12
53 50 12
50 33 12
33 32 12
32 29 12
F13
512
66 49 13
49 83 13
83 35 13
35 56 13
F14
512
27 63 14
63 98 14
98 76 14
76 61 14
61 28 14
F15
512
27 63 15
63 98 15
98 76 15
76 61 15
61 28 15
F16
512
20 58 16
58 11 16
11 13 16
13 9 16
F17
512
46 52 17
52 58 17
58 11 17
11 16 17
16 21 17
21 24 17
24 15 17
F18
512
84 73 18
73 53 18
53 50 18
50 39 18
39 36 18
F19
512
37 32 19
32 39 19
39 50 19
50 28 19
28 23 19
23 40 19
F20
512
99 89 20
89 87 20
87 53 20
53 50 20
50 33 20
33 32 20
32 29 20
F21
1024
2 1 21
1 6 21
6 8 21
8 35 21
35 55 21
55 67 21
67 62 21
62 64 21
F22
1024
72 50 22
50 53 22
53 73 22
F23
1024
33 50 23
50 57 23
F24
1024
54 31 24
31 41 24
41 8 24
8 35 24
35 56 24
56 58 24
58 16 24
F25
1024
24 20 25
20 16 25
16 11 25
11 13 25
13 12 25
F26
1024
33 50 26
50 57 26
F27
1024
1 6 27
6 8 27
8 35 27
35 56 27
56 44 27
44 60 27
F28
1024
4 41 28
41 55 28
55 35 28
35 13 28
F29
1024
66 49 29
49 83 29
83 35 29
35 56 29
F30
1024
33 50 30
50 57 30
