F1
256
72 50 1
50 53 1
53 73 1
F2
256
10 12 2
12 14 2
14 11 2
11 56 2
56 79 2
79 75 2
F3
256
54 31 3
31 41 3
41 8 3
8 35 3
35 56 3
56 58 3
58 16 3
F4
256
25 28 4
28 61 4
61 76 4
76 98 4
98 63 4
63 65 4
F5
256
54 31 5
31 41 5
41 8 5
8 35 5
35 56 5
56 58 5
58 16 5
F6
256
4 41 6
41 55 6
55 35 6
35 13 6
F7
256
46 52 7
52 58 7
58 11 7
11 16 7
16 21 7
21 24 7
24 15 7
F8
256
54 31 8
31 41 8
41 8 8
8 35 8
35 56 8
56 58 8
58 16 8
F9
256
8 35 9
35 55 9
55 41 9
F10
256
18 14 10
14 11 10
11 56 10
56 83 10
83 49 10
49 69 10
F11
256
47 33 11
33 50 11
50 39 11
F12
256
8 35 12
35 55 12
55 41 12
F13
256
100 76 13
76 98 13
98 63 13
F14
256
24 20 14
20 16 14
16 11 14
11 13 14
13 12 14
F15
512
80 78 15
78 93 15
93 68 15
68 76 15
76 100 15
100 91 15
F16
512
22 21 16
21 16 16
16 11 16
11 58 16
58 44 16
44 60 16
F17
512
89 87 17
87 68 17
68 76 17
76 61 17
F18
512
10 12 18
12 14 18
14 11 18
11 56 18
56 79 18
79 75 18
F19
512
18 14 19
14 11 19
11 56 19
56 83 19
83 49 19
49 69 19
F20
512
5 7 20
7 9 20
9 13 20
13 11 20
11 16 20
16 21 20
21 26 20
26 19 20
F21
512
89 87 21
87 68 21
68 76 21
76 61 21
F22
512
47 33 22
33 50 22
50 39 22
F23
512
22 18 23
18 14 23
14 11 23
11 58 23
58 52 23
52 71 23
F24
512
2 1 24
1 6 24
6 8 24
8 35 24
35 55 24
55 67 24
67 62 24
62 64 24
F25
1024
38 47 25
47 53 25
53 50 25
50 72 25
72 68 25
68 93 25
F26
1024
38 47 26
47 53 26
53 50 26
50 72 26
72 68 26
68 93 26
F27
1024
1 6 27
6 8 27
8 35 27
35 56 27
56 44 27
44 60 27
F28
1024
3 4 28
4 41 28
41 8 28
8 35 28
35 83 28
83 49 28
49 66 28
66 59 28
F29
1024
66 49 29
49 83 29
83 35 29
35 56 29
F30
1024
24 20 30
20 16 30
16 11 30
11 13 30
13 12 30
