F1
256
7 9 1
9 13 1
13 11 1
11 58 1
58 52 1
F2
256
90 85 2
85 100 2
100 76 2
76 61 2
61 28 2
28 25 2
25 30 2
F3
256
79 56 3
56 35 3
35 55 3
55 67 3
F4
256
90 85 4
85 100 4
100 76 4
76 61 4
61 28 4
28 25 4
25 30 4
F5
256
54 31 5
31 41 5
41 8 5
8 35 5
35 56 5
56 58 5
58 16 5
F6
256
20 58 6
58 11 6
11 13 6
13 9 6
F7
256
2 1 7
1 6 7
6 8 7
8 35 7
35 55 7
55 67 7
67 62 7
62 64 7
F8
256
79 56 8
56 35 8
35 55 8
55 67 8
F9
256
22 21 9
21 16 9
16 11 9
11 58 9
58 44 9
44 60 9
F10
256
21 16 10
16 11 10
11 14 10
F11
256
48 34 11
34 33 11
33 50 11
50 53 11
53 73 11
73 51 11
F12
512
5 7 12
7 9 12
9 13 12
13 11 12
11 16 12
16 21 12
21 26 12
26 19 12
F13
512
20 58 13
58 11 13
11 13 13
13 9 13
F14
512
21 16 14
16 11 14
11 14 14
F15
512
27 63 15
63 98 15
98 76 15
76 61 15
61 28 15
F16
512
26 21 16
21 16 16
16 11 16
11 58 16
58 56 16
56 83 16
F17
512
43 4 17
4 6 17
6 8 17
8 35 17
35 55 17
F18
512
25 28 18
28 61 18
61 76 18
76 98 18
98 63 18
63 65 18
F19
512
72 50 19
50 53 19
53 73 19
F20
512
72 50 20
50 53 20
53 73 20
F21
1024
72 50 21
50 53 21
53 73 21
F22
1024
48 34 22
34 33 22
33 50 22
50 53 22
53 73 22
73 51 22
F23
1024
1 6 23
6 8 23
8 35 23
35 56 23
56 44 23
44 60 23
F24
1024
45 37 24
37 32 24
32 39 24
39 50 24
50 72 24
72 68 24
68 86 24
86 97 24
F25
1024
27 63 25
63 98 25
98 76 25
76 61 25
61 28 25
F26
1024
10 12 26
12 14 26
14 11 26
11 56 26
56 79 26
79 75 26
F27
1024
48 34 27
34 33 27
33 50 27
50 53 27
53 73 27
73 51 27
F28
1024
45 37 28
37 32 28
32 39 28
39 50 28
50 72 28
72 68 28
68 86 28
86 97 28
F29
1024
66 49 29
49 83 29
83 35 29
35 56 29
F30
1024
8 35 30
35 55 30
55 41 30
