F1
256
99 89 1
89 87 1
87 53 1
53 50 1
50 33 1
33 32 1
32 29 1
F2
256
27 63 2
63 98 2
98 76 2
76 61 2
61 28 2
F3
256
38 47 3
47 53 3
53 50 3
50 72 3
72 68 3
68 93 3
F4
256
42 77 4
77 70 4
70 98 4
98 76 4
76 68 4
68 87 4
F5
256
42 77 5
77 70 5
70 98 5
98 76 5
76 68 5
68 87 5
F6
256
22 18 6
18 14 6
14 11 6
11 58 6
58 52 6
52 71 6
F7
256
33 50 7
50 57 7
F8
256
33 50 8
50 57 8
F9
256
66 49 9
49 83 9
83 35 9
35 56 9
F10
256
48 34 10
34 33 10
33 50 10
50 53 10
53 73 10
73 51 10
F11
512
37 32 11
32 39 11
39 50 11
50 28 11
28 23 11
23 40 11
F12
512
3 4 12
4 41 12
41 8 12
8 35 12
35 83 12
83 49 12
49 66 12
66 59 12
F13
512
47 33 13
33 50 13
50 39 13
F14
512
43 4 14
4 6 14
6 8 14
8 35 14
35 55 14
F15
512
89 87 15
87 68 15
68 76 15
76 61 15
F16
512
94 97 16
97 86 16
86 68 16
68 76 16
76 82 16
82 74 16
F17
512
27 63 17
63 98 17
98 76 17
76 61 17
61 28 17
F18
512
100 76 18
76 98 18
98 63 18
F19
512
21 16 19
16 11 19
11 14 19
F20
1024
79 56 20
56 35 20
35 55 20
55 67 20
F21
1024
85 91 21
91 100 21
100 76 21
76 82 21
82 74 21
74 81 21
F22
1024
54 31 22
31 41 22
41 8 22
8 35 22
35 56 22
56 58 22
58 16 22
F23
1024
79 56 23
56 35 23
35 55 23
55 67 23
F24
1024
22 18 24
18 14 24
14 11 24
11 58 24
58 52 24
52 71 24
F25
1024
46 52 25
52 58 25
58 11 25
11 16 25
16 21 25
21 24 25
24 15 25
F26
1024
26 21 26
21 16 26
16 11 26
11 58 26
58 56 26
56 83 26
F27
1024
8 35 27
35 55 27
55 41 27
F28
1024
18 14 28
14 11 28
11 56 28
56 83 28
83 49 28
49 69 28
F29
1024
22 18 29
18 14 29
14 11 29
11 58 29
58 52 29
52 71 29
F30
1024
84 73 30
73 53 30
53 50 30
50 39 30
39 36 30
