F1
256
48 34 1
34 33 1
33 50 1
50 53 1
53 73 1
73 51 1
F2
256
66 49 2
49 83 2
83 35 2
35 56 2
F3
256
80 78 3
78 93 3
93 68 3
68 76 3
76 100 3
100 91 3
F4
256
2 1 4
1 6 4
6 8 4
8 35 4
35 55 4
55 67 4
67 62 4
62 64 4
F5
256
54 31 5
31 41 5
41 8 5
8 35 5
35 56 5
56 58 5
58 16 5
F6
256
46 52 6
52 58 6
58 11 6
11 16 6
16 21 6
21 24 6
24 15 6
F7
256
3 4 7
4 41 7
41 8 7
8 35 7
35 83 7
83 49 7
49 66 7
66 59 7
F8
256
21 16 8
16 11 8
11 14 8
F9
256
33 50 9
50 57 9
F10
256
27 63 10
63 98 10
98 76 10
76 61 10
61 28 10
F11
256
84 73 11
73 53 11
53 50 11
50 39 11
39 36 11
F12
256
47 33 12
33 50 12
50 39 12
F13
512
10 12 13
12 14 13
14 11 13
11 56 13
56 79 13
79 75 13
F14
512
8 35 14
35 55 14
55 41 14
F15
512
66 49 15
49 83 15
83 35 15
35 56 15
F16
512
80 78 16
78 93 16
93 68 16
68 76 16
76 100 16
100 91 16
F17
512
99 89 17
89 87 17
87 53 17
53 50 17
50 33 17
33 32 17
32 29 17
F18
512
8 35 18
35 55 18
55 41 18
F19
512
26 21 19
21 16 19
16 11 19
11 58 19
58 56 19
56 83 19
F20
512
21 16 20
16 11 20
11 14 20
F21
1024
10 12 21
12 14 21
14 11 21
11 56 21
56 79 21
79 75 21
F22
1024
25 28 22
28 61 22
61 76 22
76 98 22
98 63 22
63 65 22
F23
1024
54 31 23
31 41 23
41 8 23
8 35 23
35 56 23
56 58 23
58 16 23
F24
1024
66 49 24
49 83 24
83 35 24
35 56 24
F25
1024
18 14 25
14 11 25
11 56 25
56 83 25
83 49 25
49 69 25
F26
1024
43 4 26
4 6 26
6 8 26
8 35 26
35 55 26
F27
1024
7 9 27
9 13 27
13 11 27
11 58 27
58 52 27
F28
1024
79 56 28
56 35 28
35 55 28
55 67 28
F29
1024
8 35 29
35 55 29
55 41 29
F30
1024
94 97 30
97 86 30
86 68 30
68 76 30
76 82 30
82 74 30
