F1
256
27 63 1
63 98 1
98 76 1
76 61 1
61 28 1
F2
256
48 34 2
34 33 2
33 50 2
50 53 2
53 73 2
73 51 2
F3
256
92 96 3
96 93 3
93 68 3
68 76 3
76 82 3
82 95 3
F4
256
24 20 4
20 16 4
16 11 4
11 13 4
13 12 4
F5
256
100 76 5
76 98 5
98 63 5
F6
256
21 16 6
16 11 6
11 14 6
F7
256
42 77 7
77 70 7
70 98 7
98 76 7
76 68 7
68 87 7
F8
256
2 1 8
1 6 8
6 8 8
8 35 8
35 55 8
55 67 8
67 62 8
62 64 8
F9
256
89 87 9
87 68 9
68 76 9
76 61 9
F10
256
24 20 10
20 16 10
16 11 10
11 13 10
13 12 10
F11
512
33 50 11
50 57 11
F12
512
54 31 12
31 41 12
41 8 12
8 35 12
35 56 12
56 58 12
58 16 12
F13
512
21 16 13
16 11 13
11 14 13
F14
512
38 47 14
47 53 14
53 50 14
50 72 14
72 68 14
68 93 14
F15
512
38 47 15
47 53 15
53 50 15
50 72 15
72 68 15
68 93 15
F16
512
100 76 16
76 98 16
98 63 16
F17
512
100 76 17
76 98 17
98 63 17
F18
1024
99 89 18
89 87 18
87 53 18
53 50 18
50 33 18
33 32 18
32 29 18
F19
1024
45 37 19
37 32 19
32 39 19
39 50 19
50 72 19
72 68 19
68 86 19
86 97 19
F20
1024
84 73 20
73 53 20
53 50 20
50 39 20
39 36 20
F21
1024
100 76 21
76 98 21
98 63 21
F22
1024
85 91 22
91 100 22
100 76 22
76 82 22
82 74 22
74 81 22
F23
1024
22 18 23
18 14 23
14 11 23
11 58 23
58 52 23
52 71 23
F24
1024
85 91 24
91 100 24
100 76 24
76 82 24
82 74 24
74 81 24
F25
1024
94 97 25
97 86 25
86 68 25
68 76 25
76 82 25
82 74 25
F26
1024
66 49 26
49 83 26
83 35 26
35 56 26
F27
1024
46 52 27
52 58 27
58 11 27
11 16 27
16 21 27
21 24 27
24 15 27
F28
1024
4 41 28
41 55 28
55 35 28
35 13 28
F29
1024
42 77 29
77 70 29
70 98 29
98 76 29
76 68 29
68 87 29
F30
1024
66 49 30
49 83 30
83 35 30
35 56 30
