F1
256
3 4 1
4 41 1
41 8 1
8 35 1
35 83 1
83 49 1
49 66 1
66 59 1
F2
256
43 4 2
4 6 2
6 8 2
8 35 2
35 55 2
F3
256
47 33 3
33 50 3
50 39 3
F4
256
46 52 4
52 58 4
58 11 4
11 16 4
16 21 4
21 24 4
24 15 4
F5
256
22 21 5
21 16 5
16 11 5
11 58 5
58 44 5
44 60 5
F6
256
20 58 6
58 11 6
11 13 6
13 9 6
F7
256
27 63 7
63 98 7
98 76 7
76 61 7
61 28 7
F8
256
92 96 8
96 93 8
93 68 8
68 76 8
76 82 8
82 95 8
F9
256
26 21 9
21 16 9
16 11 9
11 58 9
58 56 9
56 83 9
F10
256
92 96 10
96 93 10
93 68 10
68 76 10
76 82 10
82 95 10
F11
256
24 20 11
20 16 11
16 11 11
11 13 11
13 12 11
F12
256
4 41 12
41 55 12
55 35 12
35 13 12
F13
512
72 50 13
50 53 13
53 73 13
F14
512
80 78 14
78 93 14
93 68 14
68 76 14
76 100 14
100 91 14
F15
512
94 97 15
97 86 15
86 68 15
68 76 15
76 82 15
82 74 15
F16
512
90 85 16
85 100 16
100 76 16
76 61 16
61 28 16
28 25 16
25 30 16
F17
512
46 52 17
52 58 17
58 11 17
11 16 17
16 21 17
21 24 17
24 15 17
F18
512
8 35 18
35 55 18
55 41 18
F19
512
42 77 19
77 70 19
70 98 19
98 76 19
76 68 19
68 87 19
F20
1024
1 6 20
6 8 20
8 35 20
35 56 20
56 44 20
44 60 20
F21
1024
48 34 21
34 33 21
33 50 21
50 53 21
53 73 21
73 51 21
F22
1024
45 37 22
37 32 22
32 39 22
39 50 22
50 72 22
72 68 22
68 86 22
86 97 22
F23
1024
72 50 23
50 53 23
53 73 23
F24
1024
22 21 24
21 16 24
16 11 24
11 58 24
58 44 24
44 60 24
F25
1024
92 96 25
96 93 25
93 68 25
68 76 25
76 82 25
82 95 25
F26
1024
54 31 26
31 41 26
41 8 26
8 35 26
35 56 26
56 58 26
58 16 26
F27
1024
26 21 27
21 16 27
16 11 27
11 58 27
58 56 27
56 83 27
F28
1024
100 76 28
76 98 28
98 63 28
F29
1024
18 14 29
14 11 29
11 56 29
56 83 29
83 49 29
49 69 29
F30
1024
94 97 30
97 86 30
86 68 30
68 76 30
76 82 30
82 74 30
