F1
256
100 76 1
76 98 1
98 63 1
F2
256
79 56 2
56 35 2
35 55 2
55 67 2
F3
256
42 77 3
77 70 3
70 98 3
98 76 3
76 68 3
68 87 3
F4
256
10 12 4
12 14 4
14 11 4
11 56 4
56 79 4
79 75 4
F5
256
26 21 5
21 16 5
16 11 5
11 58 5
58 56 5
56 83 5
F6
512
47 33 6
33 50 6
50 39 6
F7
512
85 91 7
91 100 7
100 76 7
76 82 7
82 74 7
74 81 7
F8
512
3 4 8
4 41 8
41 8 8
8 35 8
35 83 8
83 49 8
49 66 8
66 59 8
F9
512
27 63 9
63 98 9
98 76 9
76 61 9
61 28 9
F10
512
84 73 10
73 53 10
53 50 10
50 39 10
39 36 10
F11
512
38 47 11
47 53 11
53 50 11
50 72 11
72 68 11
68 93 11
F12
512
92 96 12
96 93 12
93 68 12
68 76 12
76 82 12
82 95 12
F13
512
54 31 13
31 41 13
41 8 13
8 35 13
35 56 13
56 58 13
58 16 13
F14
512
72 50 14
50 53 14
53 73 14
F15
512
72 50 15
50 53 15
53 73 15
F16
512
99 89 16
89 87 16
87 53 16
53 50 16
50 33 16
33 32 16
32 29 16
F17
512
54 31 17
31 41 17
41 8 17
8 35 17
35 56 17
56 58 17
58 16 17
F18
512
8 35 18
35 55 18
55 41 18
F19
1024
1 6 19
6 8 19
8 35 19
35 56 19
56 44 19
44 60 19
F20
1024
5 7 20
7 9 20
9 13 20
13 11 20
11 16 20
16 21 20
21 26 20
26 19 20
F21
1024
99 89 21
89 87 21
87 53 21
53 50 21
50 33 21
33 32 21
32 29 21
F22
1024
85 91 22
91 100 22
100 76 22
76 82 22
82 74 22
74 81 22
F23
1024
26 21 23
21 16 23
16 11 23
11 58 23
58 56 23
56 83 23
F24
1024
89 87 24
87 68 24
68 76 24
76 61 24
F25
1024
20 58 25
58 11 25
11 13 25
13 9 25
F26
1024
47 33 26
33 50 26
50 39 26
F27
1024
100 76 27
76 98 27
98 63 27
F28
1024
89 87 28
87 68 28
68 76 28
76 61 28
F29
1024
43 4 29
4 6 29
6 8 29
8 35 29
35 55 29
F30
1024
2 1 30
1 6 30
6 8 30
8 35 30
35 55 30
55 67 30
67 62 30
62 64 30
