F1
256
22 18 1
18 14 1
14 11 1
11 58 1
58 52 1
52 71 1
F2
256
26 21 2
21 16 2
16 11 2
11 58 2
58 56 2
56 83 2
F3
256
27 63 3
63 98 3
98 76 3
76 61 3
61 28 3
F4
256
37 32 4
32 39 4
39 50 4
50 28 4
28 23 4
23 40 4
F5
256
10 12 5
12 14 5
14 11 5
11 56 5
56 79 5
79 75 5
F6
256
7 9 6
9 13 6
13 11 6
11 58 6
58 52 6
F7
256
47 33 7
33 50 7
50 39 7
F8
512
54 31 8
31 41 8
41 8 8
8 35 8
35 56 8
56 58 8
58 16 8
F9
512
72 50 9
50 53 9
53 73 9
F10
512
22 18 10
18 14 10
14 11 10
11 58 10
58 52 10
52 71 10
F11
512
89 87 11
87 68 11
68 76 11
76 61 11
F12
512
45 37 12
37 32 12
32 39 12
39 50 12
50 72 12
72 68 12
68 86 12
86 97 12
F13
512
22 18 13
18 14 13
14 11 13
11 58 13
58 52 13
52 71 13
F14
512
85 91 14
91 100 14
100 76 14
76 82 14
82 74 14
74 81 14
F15
512
24 20 15
20 16 15
16 11 15
11 13 15
13 12 15
F16
512
25 28 16
28 61 16
61 76 16
76 98 16
98 63 16
63 65 16
F17
512
7 9 17
9 13 17
13 11 17
11 58 17
58 52 17
F18
512
43 4 18
4 6 18
6 8 18
8 35 18
35 55 18
F19
512
21 16 19
16 11 19
11 14 19
F20
512
17 14 20
14 11 20
11 56 20
56 79 20
79 88 20
F21
1024
25 28 21
28 61 21
61 76 21
76 98 21
98 63 21
63 65 21
F22
1024
79 56 22
56 35 22
35 55 22
55 67 22
F23
1024
54 31 23
31 41 23
41 8 23
8 35 23
35 56 23
56 58 23
58 16 23
F24
1024
5 7 24
7 9 24
9 13 24
13 11 24
11 16 24
16 21 24
21 26 24
26 19 24
F25
1024
2 1 25
1 6 25
6 8 25
8 35 25
35 55 25
55 67 25
67 62 25
62 64 25
F26
1024
2 1 26
1 6 26
6 8 26
8 35 26
35 55 26
55 67 26
67 62 26
62 64 26
F27
1024
38 47 27
47 53 27
53 50 27
50 72 27
72 68 27
68 93 27
F28
1024
3 4 28
4 41 28
41 8 28
8 35 28
35 83 28
83 49 28
49 66 28
66 59 28
F29
1024
3 4 29
4 41 29
41 8 29
8 35 29
35 83 29
83 49 29
49 66 29
66 59 29
F30
1024
80 78 30
78 93 30
93 68 30
68 76 30
76 100 30
100 91 30
