F1
256
27 63 1
63 98 1
98 76 1
76 61 1
61 28 1
F2
256
99 89 2
89 87 2
87 53 2
53 50 2
50 33 2
33 32 2
32 29 2
F3
256
37 32 3
32 39 3
39 50 3
50 28 3
28 23 3
23 40 3
F4
256
37 32 4
32 39 4
39 50 4
50 28 4
28 23 4
23 40 4
F5
256
10 12 5
12 14 5
14 11 5
11 56 5
56 79 5
79 75 5
F6
256
72 50 6
50 53 6
53 73 6
F7
256
5 7 7
7 9 7
9 13 7
13 11 7
11 16 7
16 21 7
21 26 7
26 19 7
F8
256
10 12 8
12 14 8
14 11 8
11 56 8
56 79 8
79 75 8
F9
256
26 21 9
21 16 9
16 11 9
11 58 9
58 56 9
56 83 9
F10
256
10 12 10
12 14 10
14 11 10
11 56 10
56 79 10
79 75 10
F11
256
18 14 11
14 11 11
11 56 11
56 83 11
83 49 11
49 69 11
F12
256
8 35 12
35 55 12
55 41 12
F13
512
24 20 13
20 16 13
16 11 13
11 13 13
13 12 13
F14
512
84 73 14
73 53 14
53 50 14
50 39 14
39 36 14
F15
512
22 21 15
21 16 15
16 11 15
11 58 15
58 44 15
44 60 15
F16
512
21 16 16
16 11 16
11 14 16
F17
512
42 77 17
77 70 17
70 98 17
98 76 17
76 68 17
68 87 17
F18
512
80 78 18
78 93 18
93 68 18
68 76 18
76 100 18
100 91 18
F19
512
45 37 19
37 32 19
32 39 19
39 50 19
50 72 19
72 68 19
68 86 19
86 97 19
F20
512
4 41 20
41 55 20
55 35 20
35 13 20
F21
512
7 9 21
9 13 21
13 11 21
11 58 21
58 52 21
F22
512
46 52 22
52 58 22
58 11 22
11 16 22
16 21 22
21 24 22
24 15 22
F23
1024
79 56 23
56 35 23
35 55 23
55 67 23
F24
1024
89 87 24
87 68 24
68 76 24
76 61 24
F25
1024
22 18 25
18 14 25
14 11 25
11 58 25
58 52 25
52 71 25
F26
1024
54 31 26
31 41 26
41 8 26
8 35 26
35 56 26
56 58 26
58 16 26
F27
1024
33 50 27
50 57 27
F28
1024
47 33 28
33 50 28
50 39 28
F29
1024
2 1 29
1 6 29
6 8 29
8 35 29
35 55 29
55 67 29
67 62 29
62 64 29
F30
1024
90 85 30
85 100 30
100 76 30
76 61 30
61 28 30
28 25 30
25 30 30
