F1
256
1 6 1
6 8 1
8 35 1
35 56 1
56 44 1
44 60 1
F2
256
38 47 2
47 53 2
53 50 2
50 72 2
72 68 2
68 93 2
F3
256
79 56 3
56 35 3
35 55 3
55 67 3
F4
256
79 56 4
56 35 4
35 55 4
55 67 4
F5
256
17 14 5
14 11 5
11 56 5
56 79 5
79 88 5
F6
256
17 14 6
14 11 6
11 56 6
56 79 6
79 88 6
F7
256
66 49 7
49 83 7
83 35 7
35 56 7
F8
256
27 63 8
63 98 8
98 76 8
76 61 8
61 28 8
F9
256
84 73 9
73 53 9
53 50 9
50 39 9
39 36 9
F10
256
85 91 10
91 100 10
100 76 10
76 82 10
82 74 10
74 81 10
F11
256
43 4 11
4 6 11
6 8 11
8 35 11
35 55 11
F12
256
46 52 12
52 58 12
58 11 12
11 16 12
16 21 12
21 24 12
24 15 12
F13
512
100 76 13
76 98 13
98 63 13
F14
512
8 35 14
35 55 14
55 41 14
F15
512
26 21 15
21 16 15
16 11 15
11 58 15
58 56 15
56 83 15
F16
512
48 34 16
34 33 16
33 50 16
50 53 16
53 73 16
73 51 16
F17
512
92 96 17
96 93 17
93 68 17
68 76 17
76 82 17
82 95 17
F18
512
37 32 18
32 39 18
39 50 18
50 28 18
28 23 18
23 40 18
F19
512
84 73 19
73 53 19
53 50 19
50 39 19
39 36 19
F20
512
42 77 20
77 70 20
70 98 20
98 76 20
76 68 20
68 87 20
F21
512
38 47 21
47 53 21
53 50 21
50 72 21
72 68 21
68 93 21
F22
1024
24 20 22
20 16 22
16 11 22
11 13 22
13 12 22
F23
1024
26 21 23
21 16 23
16 11 23
11 58 23
58 56 23
56 83 23
F24
1024
89 87 24
87 68 24
68 76 24
76 61 24
F25
1024
72 50 25
50 53 25
53 73 25
F26
1024
94 97 26
97 86 26
86 68 26
68 76 26
76 82 26
82 74 26
F27
1024
27 63 27
63 98 27
98 76 27
76 61 27
61 28 27
F28
1024
5 7 28
7 9 28
9 13 28
13 11 28
11 16 28
16 21 28
21 26 28
26 19 28
F29
1024
90 85 29
85 100 29
100 76 29
76 61 29
61 28 29
28 25 29
25 30 29
F30
1024
38 47 30
47 53 30
53 50 30
50 72 30
72 68 30
68 93 30
