F1
256
54 31 1
31 41 1
41 8 1
8 35 1
35 56 1
56 58 1
58 16 1
F2
256
2 1 2
1 6 2
6 8 2
8 35 2
35 55 2
55 67 2
67 62 2
62 64 2
F3
256
100 76 3
76 98 3
98 63 3
F4
256
27 63 4
63 98 4
98 76 4
76 61 4
61 28 4
F5
256
5 7 5
7 9 5
9 13 5
13 11 5
11 16 5
16 21 5
21 26 5
26 19 5
F6
256
18 14 6
14 11 6
11 56 6
56 83 6
83 49 6
49 69 6
F7
512
7 9 7
9 13 7
13 11 7
11 58 7
58 52 7
F8
512
89 87 8
87 68 8
68 76 8
76 61 8
F9
512
10 12 9
12 14 9
14 11 9
11 56 9
56 79 9
79 75 9
F10
512
45 37 10
37 32 10
32 39 10
39 50 10
50 72 10
72 68 10
68 86 10
86 97 10
F11
512
100 76 11
76 98 11
98 63 11
F12
512
46 52 12
52 58 12
58 11 12
11 16 12
16 21 12
21 24 12
24 15 12
F13
512
37 32 13
32 39 13
39 50 13
50 28 13
28 23 13
23 40 13
F14
512
45 37 14
37 32 14
32 39 14
39 50 14
50 72 14
72 68 14
68 86 14
86 97 14
F15
512
89 87 15
87 68 15
68 76 15
76 61 15
F16
512
54 31 16
31 41 16
41 8 16
8 35 16
35 56 16
56 58 16
58 16 16
F17
512
94 97 17
97 86 17
86 68 17
68 76 17
76 82 17
82 74 17
F18
512
18 14 18
14 11 18
11 56 18
56 83 18
83 49 18
49 69 18
F19
512
33 50 19
50 57 19
F20
512
85 91 20
91 100 20
100 76 20
76 82 20
82 74 20
74 81 20
F21
512
42 77 21
77 70 21
70 98 21
98 76 21
76 68 21
68 87 21
F22
1024
94 97 22
97 86 22
86 68 22
68 76 22
76 82 22
82 74 22
F23
1024
33 50 23
50 57 23
F24
1024
43 4 24
4 6 24
6 8 24
8 35 24
35 55 24
F25
1024
100 76 25
76 98 25
98 63 25
F26
1024
26 21 26
21 16 26
16 11 26
11 58 26
58 56 26
56 83 26
F27
1024
84 73 27
73 53 27
53 50 27
50 39 27
39 36 27
F28
1024
48 34 28
34 33 28
33 50 28
50 53 28
53 73 28
73 51 28
F29
1024
8 35 29
35 55 29
55 41 29
F30
1024
45 37 30
37 32 30
32 39 30
39 50 30
50 72 30
72 68 30
68 86 30
86 97 30
