F1
256
54 31 1
31 41 1
41 8 1
8 35 1
35 56 1
56 58 1
58 16 1
F2
256
42 77 2
77 70 2
70 98 2
98 76 2
76 68 2
68 87 2
F3
256
26 21 3
21 16 3
16 11 3
11 58 3
58 56 3
56 83 3
F4
256
26 21 4
21 16 4
16 11 4
11 58 4
58 56 4
56 83 4
F5
256
80 78 5
78 93 5
93 68 5
68 76 5
76 100 5
100 91 5
F6
256
27 63 6
63 98 6
98 76 6
76 61 6
61 28 6
F7
256
7 9 7
9 13 7
13 11 7
11 58 7
58 52 7
F8
256
8 35 8
35 55 8
55 41 8
F9
256
89 87 9
87 68 9
68 76 9
76 61 9
F10
256
84 73 10
73 53 10
53 50 10
50 39 10
39 36 10
F11
512
94 97 11
97 86 11
86 68 11
68 76 11
76 82 11
82 74 11
F12
512
92 96 12
96 93 12
93 68 12
68 76 12
76 82 12
82 95 12
F13
512
99 89 13
89 87 13
87 53 13
53 50 13
50 33 13
33 32 13
32 29 13
F14
512
84 73 14
73 53 14
53 50 14
50 39 14
39 36 14
F15
512
18 14 15
14 11 15
11 56 15
56 83 15
83 49 15
49 69 15
F16
512
46 52 16
52 58 16
58 11 16
11 16 16
16 21 16
21 24 16
24 15 16
F17
512
54 31 17
31 41 17
41 8 17
8 35 17
35 56 17
56 58 17
58 16 17
F18
512
80 78 18
78 93 18
93 68 18
68 76 18
76 100 18
100 91 18
F19
512
72 50 19
50 53 19
53 73 19
F20
512
5 7 20
7 9 20
9 13 20
13 11 20
11 16 20
16 21 20
21 26 20
26 19 20
F21
512
54 31 21
31 41 21
41 8 21
8 35 21
35 56 21
56 58 21
58 16 21
F22
1024
21 16 22
16 11 22
11 14 22
F23
1024
79 56 23
56 35 23
35 55 23
55 67 23
F24
1024
89 87 24
87 68 24
68 76 24
76 61 24
F25
1024
80 78 25
78 93 25
93 68 25
68 76 25
76 100 25
100 91 25
F26
1024
26 21 26
21 16 26
16 11 26
11 58 26
58 56 26
56 83 26
F27
1024
46 52 27
52 58 27
58 11 27
11 16 27
16 21 27
21 24 27
24 15 27
F28
1024
7 9 28
9 13 28
13 11 28
11 58 28
58 52 28
F29
1024
22 21 29
21 16 29
16 11 29
11 58 29
58 44 29
44 60 29
F30
1024
4 41 30
41 55 30
55 35 30
35 13 30
