F1
256
25 28 1
28 61 1
61 76 1
76 98 1
98 63 1
63 65 1
F2
256
72 50 2
50 53 2
53 73 2
F3
256
17 14 3
14 11 3
11 56 3
56 79 3
79 88 3
F4
256
3 4 4
4 41 4
41 8 4
8 35 4
35 83 4
83 49 4
49 66 4
66 59 4
F5
256
22 21 5
21 16 5
16 11 5
11 58 5
58 44 5
44 60 5
F6
256
79 56 6
56 35 6
35 55 6
55 67 6
F7
256
84 73 7
73 53 7
53 50 7
50 39 7
39 36 7
F8
256
48 34 8
34 33 8
33 50 8
50 53 8
53 73 8
73 51 8
F9
256
10 12 9
12 14 9
14 11 9
11 56 9
56 79 9
79 75 9
F10
256
100 76 10
76 98 10
98 63 10
F11
256
94 97 11
97 86 11
86 68 11
68 76 11
76 82 11
82 74 11
F12
256
8 35 12
35 55 12
55 41 12
F13
256
48 34 13
34 33 13
33 50 13
50 53 13
53 73 13
73 51 13
F14
256
47 33 14
33 50 14
50 39 14
F15
512
46 52 15
52 58 15
58 11 15
11 16 15
16 21 15
21 24 15
24 15 15
F16
512
80 78 16
78 93 16
93 68 16
68 76 16
76 100 16
100 91 16
F17
512
33 50 17
50 57 17
F18
512
3 4 18
4 41 18
41 8 18
8 35 18
35 83 18
83 49 18
49 66 18
66 59 18
F19
512
84 73 19
73 53 19
53 50 19
50 39 19
39 36 19
F20
512
37 32 20
32 39 20
39 50 20
50 28 20
28 23 20
23 40 20
F21
512
20 58 21
58 11 21
11 13 21
13 9 21
F22
1024
90 85 22
85 100 22
100 76 22
76 61 22
61 28 22
28 25 22
25 30 22
F23
1024
22 18 23
18 14 23
14 11 23
11 58 23
58 52 23
52 71 23
F24
1024
85 91 24
91 100 24
100 76 24
76 82 24
82 74 24
74 81 24
F25
1024
27 63 25
63 98 25
98 76 25
76 61 25
61 28 25
F26
1024
43 4 26
4 6 26
6 8 26
8 35 26
35 55 26
F27
1024
92 96 27
96 93 27
93 68 27
68 76 27
76 82 27
82 95 27
F28
1024
26 21 28
21 16 28
16 11 28
11 58 28
58 56 28
56 83 28
F29
1024
1 6 29
6 8 29
8 35 29
35 56 29
56 44 29
44 60 29
F30
1024
26 21 30
21 16 30
16 11 30
11 58 30
58 56 30
56 83 30
