F1
256
79 56 1
56 35 1
35 55 1
55 67 1
F2
256
43 4 2
4 6 2
6 8 2
8 35 2
35 55 2
F3
256
5 7 3
7 9 3
9 13 3
13 11 3
11 16 3
16 21 3
21 26 3
26 19 3
F4
256
3 4 4
4 41 4
41 8 4
8 35 4
35 83 4
83 49 4
49 66 4
66 59 4
F5
256
79 56 5
56 35 5
35 55 5
55 67 5
F6
256
37 32 6
32 39 6
39 50 6
50 28 6
28 23 6
23 40 6
F7
256
66 49 7
49 83 7
83 35 7
35 56 7
F8
256
89 87 8
87 68 8
68 76 8
76 61 8
F9
256
47 33 9
33 50 9
50 39 9
F10
256
46 52 10
52 58 10
58 11 10
11 16 10
16 21 10
21 24 10
24 15 10
F11
512
18 14 11
14 11 11
11 56 11
56 83 11
83 49 11
49 69 11
F12
512
54 31 12
31 41 12
41 8 12
8 35 12
35 56 12
56 58 12
58 16 12
F13
512
100 76 13
76 98 13
98 63 13
F14
512
17 14 14
14 11 14
11 56 14
56 79 14
79 88 14
F15
512
21 16 15
16 11 15
11 14 15
F16
512
27 63 16
63 98 16
98 76 16
76 61 16
61 28 16
F17
1024
94 97 17
97 86 17
86 68 17
68 76 17
76 82 17
82 74 17
F18
1024
66 49 18
49 83 18
83 35 18
35 56 18
F19
1024
99 89 19
89 87 19
87 53 19
53 50 19
50 33 19
33 32 19
32 29 19
F20
1024
46 52 20
52 58 20
58 11 20
11 16 20
16 21 20
21 24 20
24 15 20
F21
1024
89 87 21
87 68 21
68 76 21
76 61 21
F22
1024
37 32 22
32 39 22
39 50 22
50 28 22
28 23 22
23 40 22
F23
1024
21 16 23
16 11 23
11 14 23
F24
1024
21 16 24
16 11 24
11 14 24
F25
1024
37 32 25
32 39 25
39 50 25
50 28 25
28 23 25
23 40 25
F26
1024
99 89 26
89 87 26
87 53 26
53 50 26
50 33 26
33 32 26
32 29 26
F27
1024
38 47 27
47 53 27
53 50 27
50 72 27
72 68 27
68 93 27
F28
1024
99 89 28
89 87 28
87 53 28
53 50 28
50 33 28
33 32 28
32 29 28
F29
1024
84 73 29
73 53 29
53 50 29
50 39 29
39 36 29
F30
1024
80 78 30
78 93 30
93 68 30
68 76 30
76 100 30
100 91 30
