F1
256
38 47 1
47 53 1
53 50 1
50 72 1
72 68 1
68 93 1
F2
256
46 52 2
52 58 2
58 11 2
11 16 2
16 21 2
21 24 2
24 15 2
F3
256
94 97 3
97 86 3
86 68 3
68 76 3
76 82 3
82 74 3
F4
256
37 32 4
32 39 4
39 50 4
50 28 4
28 23 4
23 40 4
F5
256
38 47 5
47 53 5
53 50 5
50 72 5
72 68 5
68 93 5
F6
256
47 33 6
33 50 6
50 39 6
F7
256
72 50 7
50 53 7
53 73 7
F8
256
72 50 8
50 53 8
53 73 8
F9
512
22 21 9
21 16 9
16 11 9
11 58 9
58 44 9
44 60 9
F10
512
42 77 10
77 70 10
70 98 10
98 76 10
76 68 10
68 87 10
F11
512
1 6 11
6 8 11
8 35 11
35 56 11
56 44 11
44 60 11
F12
512
38 47 12
47 53 12
53 50 12
50 72 12
72 68 12
68 93 12
F13
512
8 35 13
35 55 13
55 41 13
F14
512
42 77 14
77 70 14
70 98 14
98 76 14
76 68 14
68 87 14
F15
512
80 78 15
78 93 15
93 68 15
68 76 15
76 100 15
100 91 15
F16
512
84 73 16
73 53 16
53 50 16
50 39 16
39 36 16
F17
512
45 37 17
37 32 17
32 39 17
39 50 17
50 72 17
72 68 17
68 86 17
86 97 17
F18
512
8 35 18
35 55 18
55 41 18
F19
1024
48 34 19
34 33 19
33 50 19
50 53 19
53 73 19
73 51 19
F20
1024
90 85 20
85 100 20
100 76 20
76 61 20
61 28 20
28 25 20
25 30 20
F21
1024
5 7 21
7 9 21
9 13 21
13 11 21
11 16 21
16 21 21
21 26 21
26 19 21
F22
1024
43 4 22
4 6 22
6 8 22
8 35 22
35 55 22
F23
1024
43 4 23
4 6 23
6 8 23
8 35 23
35 55 23
F24
1024
7 9 24
9 13 24
13 11 24
11 58 24
58 52 24
F25
1024
22 18 25
18 14 25
14 11 25
11 58 25
58 52 25
52 71 25
F26
1024
90 85 26
85 100 26
100 76 26
76 61 26
61 28 26
28 25 26
25 30 26
F27
1024
4 41 27
41 55 27
55 35 27
35 13 27
F28
1024
84 73 28
73 53 28
53 50 28
50 39 28
39 36 28
F29
1024
54 31 29
31 41 29
41 8 29
8 35 29
35 56 29
56 58 29
58 16 29
F30
1024
80 78 30
78 93 30
93 68 30
68 76 30
76 100 30
100 91 30
