F1
256
80 78 1
78 93 1
93 68 1
68 76 1
76 100 1
100 91 1
F2
256
22 18 2
18 14 2
14 11 2
11 58 2
58 52 2
52 71 2
F3
256
24 20 3
20 16 3
16 11 3
11 13 3
13 12 3
F4
256
5 7 4
7 9 4
9 13 4
13 11 4
11 16 4
16 21 4
21 26 4
26 19 4
F5
256
89 87 5
87 68 5
68 76 5
76 61 5
F6
256
20 58 6
58 11 6
11 13 6
13 9 6
F7
256
80 78 7
78 93 7
93 68 7
68 76 7
76 100 7
100 91 7
F8
256
100 76 8
76 98 8
98 63 8
F9
256
7 9 9
9 13 9
13 11 9
11 58 9
58 52 9
F10
256
43 4 10
4 6 10
6 8 10
8 35 10
35 55 10
F11
256
89 87 11
87 68 11
68 76 11
76 61 11
F12
256
26 21 12
21 16 12
16 11 12
11 58 12
58 56 12
56 83 12
F13
512
24 20 13
20 16 13
16 11 13
11 13 13
13 12 13
F14
512
2 1 14
1 6 14
6 8 14
8 35 14
35 55 14
55 67 14
67 62 14
62 64 14
F15
512
7 9 15
9 13 15
13 11 15
11 58 15
58 52 15
F16
512
10 12 16
12 14 16
14 11 16
11 56 16
56 79 16
79 75 16
F17
512
85 91 17
91 100 17
100 76 17
76 82 17
82 74 17
74 81 17
F18
512
48 34 18
34 33 18
33 50 18
50 53 18
53 73 18
73 51 18
F19
512
90 85 19
85 100 19
100 76 19
76 61 19
61 28 19
28 25 19
25 30 19
F20
512
45 37 20
37 32 20
32 39 20
39 50 20
50 72 20
72 68 20
68 86 20
86 97 20
F21
1024
46 52 21
52 58 21
58 11 21
11 16 21
16 21 21
21 24 21
24 15 21
F22
1024
89 87 22
87 68 22
68 76 22
76 61 22
F23
1024
94 97 23
97 86 23
86 68 23
68 76 23
76 82 23
82 74 23
F24
1024
92 96 24
96 93 24
93 68 24
68 76 24
76 82 24
82 95 24
F25
1024
33 50 25
50 57 25
F26
1024
85 91 26
91 100 26
100 76 26
76 82 26
82 74 26
74 81 26
F27
1024
94 97 27
97 86 27
86 68 27
68 76 27
76 82 27
82 74 27
F28
1024
8 35 28
35 55 28
55 41 28
F29
1024
20 58 29
58 11 29
11 13 29
13 9 29
F30
1024
20 58 30
58 11 30
11 13 30
13 9 30
