F1
256
79 56 1
56 35 1
35 55 1
55 67 1
F2
256
10 12 2
12 14 2
14 11 2
11 56 2
56 79 2
79 75 2
F3
256
10 12 3
12 14 3
14 11 3
11 56 3
56 79 3
79 75 3
F4
256
33 50 4
50 57 4
F5
256
38 47 5
47 53 5
53 50 5
50 72 5
72 68 5
68 93 5
F6
256
92 96 6
96 93 6
93 68 6
68 76 6
76 82 6
82 95 6
F7
256
3 4 7
4 41 7
41 8 7
8 35 7
35 83 7
83 49 7
49 66 7
66 59 7
F8
256
79 56 8
56 35 8
35 55 8
55 67 8
F9
256
24 20 9
20 16 9
16 11 9
11 13 9
13 12 9
F10
256
26 21 10
21 16 10
16 11 10
11 58 10
58 56 10
56 83 10
F11
256
43 4 11
4 6 11
6 8 11
8 35 11
35 55 11
F12
256
1 6 12
6 8 12
8 35 12
35 56 12
56 44 12
44 60 12
F13
512
99 89 13
89 87 13
87 53 13
53 50 13
50 33 13
33 32 13
32 29 13
F14
512
79 56 14
56 35 14
35 55 14
55 67 14
F15
512
48 34 15
34 33 15
33 50 15
50 53 15
53 73 15
73 51 15
F16
512
42 77 16
77 70 16
70 98 16
98 76 16
76 68 16
68 87 16
F17
512
7 9 17
9 13 17
13 11 17
11 58 17
58 52 17
F18
512
66 49 18
49 83 18
83 35 18
35 56 18
F19
512
54 31 19
31 41 19
41 8 19
8 35 19
35 56 19
56 58 19
58 16 19
F20
1024
10 12 20
12 14 20
14 11 20
11 56 20
56 79 20
79 75 20
F21
1024
45 37 21
37 32 21
32 39 21
39 50 21
50 72 21
72 68 21
68 86 21
86 97 21
F22
1024
46 52 22
52 58 22
58 11 22
11 16 22
16 21 22
21 24 22
24 15 22
F23
1024
45 37 23
37 32 23
32 39 23
39 50 23
50 72 23
72 68 23
68 86 23
86 97 23
F24
1024
25 28 24
28 61 24
61 76 24
76 98 24
98 63 24
63 65 24
F25
1024
72 50 25
50 53 25
53 73 25
F26
1024
26 21 26
21 16 26
16 11 26
11 58 26
58 56 26
56 83 26
F27
1024
25 28 27
28 61 27
61 76 27
76 98 27
98 63 27
63 65 27
F28
1024
89 87 28
87 68 28
68 76 28
76 61 28
F29
1024
21 16 29
16 11 29
11 14 29
F30
1024
80 78 30
78 93 30
93 68 30
68 76 30
76 100 30
100 91 30
