F1
256
4 41 1
41 55 1
55 35 1
35 13 1
F2
256
42 77 2
77 70 2
70 98 2
98 76 2
76 68 2
68 87 2
F3
256
37 32 3
32 39 3
39 50 3
50 28 3
28 23 3
23 40 3
F4
256
17 14 4
14 11 4
11 56 4
56 79 4
79 88 4
F5
256
42 77 5
77 70 5
70 98 5
98 76 5
76 68 5
68 87 5
F6
256
24 20 6
20 16 6
16 11 6
11 13 6
13 12 6
F7
256
22 18 7
18 14 7
14 11 7
11 58 7
58 52 7
52 71 7
F8
256
38 47 8
47 53 8
53 50 8
50 72 8
72 68 8
68 93 8
F9
512
100 76 9
76 98 9
98 63 9
F10
512
7 9 10
9 13 10
13 11 10
11 58 10
58 52 10
F11
512
24 20 11
20 16 11
16 11 11
11 13 11
13 12 11
F12
512
42 77 12
77 70 12
70 98 12
98 76 12
76 68 12
68 87 12
F13
512
1 6 13
6 8 13
8 35 13
35 56 13
56 44 13
44 60 13
F14
512
10 12 14
12 14 14
14 11 14
11 56 14
56 79 14
79 75 14
F15
512
21 16 15
16 11 15
11 14 15
F16
512
54 31 16
31 41 16
41 8 16
8 35 16
35 56 16
56 58 16
58 16 16
F17
512
43 4 17
4 6 17
6 8 17
8 35 17
35 55 17
F18
512
25 28 18
28 61 18
61 76 18
76 98 18
98 63 18
63 65 18
F19
512
48 34 19
34 33 19
33 50 19
50 53 19
53 73 19
73 51 19
F20
512
85 91 20
91 100 20
100 76 20
76 82 20
82 74 20
74 81 20
F21
512
24 20 21
20 16 21
16 11 21
11 13 21
13 12 21
F22
512
92 96 22
96 93 22
93 68 22
68 76 22
76 82 22
82 95 22
F23
1024
37 32 23
32 39 23
39 50 23
50 28 23
28 23 23
23 40 23
F24
1024
26 21 24
21 16 24
16 11 24
11 58 24
58 56 24
56 83 24
F25
1024
20 58 25
58 11 25
11 13 25
13 9 25
F26
1024
92 96 26
96 93 26
93 68 26
68 76 26
76 82 26
82 95 26
F27
1024
4 41 27
41 55 27
55 35 27
35 13 27
F28
1024
47 33 28
33 50 28
50 39 28
F29
1024
7 9 29
9 13 29
13 11 29
11 58 29
58 52 29
F30
1024
72 50 30
50 53 30
53 73 30
