F1
256
84 73 1
73 53 1
53 50 1
50 39 1
39 36 1
F2
256
22 21 2
21 16 2
16 11 2
11 58 2
58 44 2
44 60 2
F3
256
72 50 3
50 53 3
53 73 3
F4
256
3 4 4
4 41 4
41 8 4
8 35 4
35 83 4
83 49 4
49 66 4
66 59 4
F5
256
99 89 5
89 87 5
87 53 5
53 50 5
50 33 5
33 32 5
32 29 5
F6
256
22 21 6
21 16 6
16 11 6
11 58 6
58 44 6
44 60 6
F7
256
92 96 7
96 93 7
93 68 7
68 76 7
76 82 7
82 95 7
F8
256
66 49 8
49 83 8
83 35 8
35 56 8
F9
256
92 96 9
96 93 9
93 68 9
68 76 9
76 82 9
82 95 9
F10
256
22 18 10
18 14 10
14 11 10
11 58 10
58 52 10
52 71 10
F11
256
66 49 11
49 83 11
83 35 11
35 56 11
F12
256
90 85 12
85 100 12
100 76 12
76 61 12
61 28 12
28 25 12
25 30 12
F13
512
42 77 13
77 70 13
70 98 13
98 76 13
76 68 13
68 87 13
F14
512
3 4 14
4 41 14
41 8 14
8 35 14
35 83 14
83 49 14
49 66 14
66 59 14
F15
512
27 63 15
63 98 15
98 76 15
76 61 15
61 28 15
F16
512
8 35 16
35 55 16
55 41 16
F17
512
33 50 17
50 57 17
F18
512
43 4 18
4 6 18
6 8 18
8 35 18
35 55 18
F19
512
17 14 19
14 11 19
11 56 19
56 79 19
79 88 19
F20
512
3 4 20
4 41 20
41 8 20
8 35 20
35 83 20
83 49 20
49 66 20
66 59 20
F21
512
24 20 21
20 16 21
16 11 21
11 13 21
13 12 21
F22
1024
4 41 22
41 55 22
55 35 22
35 13 22
F23
1024
79 56 23
56 35 23
35 55 23
55 67 23
F24
1024
25 28 24
28 61 24
61 76 24
76 98 24
98 63 24
63 65 24
F25
1024
46 52 25
52 58 25
58 11 25
11 16 25
16 21 25
21 24 25
24 15 25
F26
1024
2 1 26
1 6 26
6 8 26
8 35 26
35 55 26
55 67 26
67 62 26
62 64 26
F27
1024
4 41 27
41 55 27
55 35 27
35 13 27
F28
1024
80 78 28
78 93 28
93 68 28
68 76 28
76 100 28
100 91 28
F29
1024
46 52 29
52 58 29
58 11 29
11 16 29
16 21 29
21 24 29
24 15 29
F30
1024
99 89 30
89 87 30
87 53 30
53 50 30
50 33 30
33 32 30
32 29 30
