F1
256
54 31 1
31 41 1
41 8 1
8 35 1
35 56 1
56 58 1
58 16 1
F2
256
45 37 2
37 32 2
32 39 2
39 50 2
50 72 2
72 68 2
68 86 2
86 97 2
F3
256
92 96 3
96 93 3
93 68 3
68 76 3
76 82 3
82 95 3
F4
256
20 58 4
58 11 4
11 13 4
13 9 4
F5
256
92 96 5
96 93 5
93 68 5
68 76 5
76 82 5
82 95 5
F6
256
21 16 6
16 11 6
11 14 6
F7
256
42 77 7
77 70 7
70 98 7
98 76 7
76 68 7
68 87 7
F8
256
43 4 8
4 6 8
6 8 8
8 35 8
35 55 8
F9
256
84 73 9
73 53 9
53 50 9
50 39 9
39 36 9
F10
512
90 85 10
85 100 10
100 76 10
76 61 10
61 28 10
28 25 10
25 30 10
F11
512
94 97 11
97 86 11
86 68 11
68 76 11
76 82 11
82 74 11
F12
512
38 47 12
47 53 12
53 50 12
50 72 12
72 68 12
68 93 12
F13
512
79 56 13
56 35 13
35 55 13
55 67 13
F14
512
21 16 14
16 11 14
11 14 14
F15
512
47 33 15
33 50 15
50 39 15
F16
512
24 20 16
20 16 16
16 11 16
11 13 16
13 12 16
F17
512
72 50 17
50 53 17
53 73 17
F18
512
27 63 18
63 98 18
98 76 18
76 61 18
61 28 18
F19
512
37 32 19
32 39 19
39 50 19
50 28 19
28 23 19
23 40 19
F20
1024
17 14 20
14 11 20
11 56 20
56 79 20
79 88 20
F21
1024
84 73 21
73 53 21
53 50 21
50 39 21
39 36 21
F22
1024
3 4 22
4 41 22
41 8 22
8 35 22
35 83 22
83 49 22
49 66 22
66 59 22
F23
1024
1 6 23
6 8 23
8 35 23
35 56 23
56 44 23
44 60 23
F24
1024
79 56 24
56 35 24
35 55 24
55 67 24
F25
1024
21 16 25
16 11 25
11 14 25
F26
1024
18 14 26
14 11 26
11 56 26
56 83 26
83 49 26
49 69 26
F27
1024
27 63 27
63 98 27
98 76 27
76 61 27
61 28 27
F28
1024
37 32 28
32 39 28
39 50 28
50 28 28
28 23 28
23 40 28
F29
1024
22 21 29
21 16 29
16 11 29
11 58 29
58 44 29
44 60 29
F30
1024
89 87 30
87 68 30
68 76 30
76 61 30
