F1
256
9 8 1
8 11 1
11 14 1
14 15 1
F2
256
93 78 2
78 64 2
64 63 2
63 49 2
49 18 2
18 16 2
16 12 2
F3
256
22 50 3
50 49 3
49 63 3
63 62 3
62 61 3
F4
256
56 55 4
55 54 4
54 68 4
68 82 4
82 81 4
81 67 4
F5
256
21 19 5
19 17 5
17 14 5
14 11 5
11 8 5
8 5 5
F6
256
70 69 6
69 68 6
68 82 6
82 81 6
F7
256
42 41 7
41 40 7
40 36 7
36 37 7
37 73 7
73 98 7
98 100 7
F8
256
56 55 8
55 54 8
54 68 8
68 82 8
82 81 8
81 67 8
F9
256
43 38 9
38 40 9
40 36 9
36 32 9
32 29 9
29 27 9
27 26 9
F10
256
41 40 10
40 36 10
36 37 10
37 73 10
F11
256
93 78 11
78 64 11
64 63 11
63 49 11
49 18 11
18 16 11
16 12 11
F12
512
27 29 12
29 32 12
32 36 12
36 35 12
35 55 12
F13
512
4 9 13
9 8 13
8 11 13
11 12 13
12 47 13
47 46 13
F14
512
69 68 14
68 82 14
82 81 14
81 80 14
F15
512
22 50 15
50 49 15
49 63 15
63 62 15
62 61 15
F16
512
87 84 16
84 83 16
83 82 16
82 89 16
F17
512
86 87 17
87 88 17
88 83 17
83 82 17
82 81 17
81 80 17
80 79 17
79 92 17
F18
512
58 19 18
19 15 18
15 13 18
13 11 18
11 8 18
8 10 18
10 7 18
F19
512
87 84 19
84 83 19
83 82 19
82 89 19
F20
512
22 50 20
50 49 20
49 63 20
63 62 20
62 61 20
F21
512
86 87 21
87 88 21
88 83 21
83 82 21
82 81 21
81 80 21
80 79 21
79 92 21
F22
512
51 50 22
50 49 22
49 63 22
63 64 22
F23
512
44 19 23
19 15 23
15 14 23
14 11 23
11 12 23
12 47 23
47 48 23
48 49 23
F24
512
3 6 24
6 9 24
9 13 24
13 11 24
11 14 24
14 16 24
16 48 24
48 62 24
F25
512
1 13 25
13 11 25
11 12 25
12 47 25
47 61 25
61 60 25
F26
1024
4 9 26
9 8 26
8 11 26
11 12 26
12 47 26
47 46 26
F27
1024
96 95 27
95 76 27
75 77 27
77 63 27
63 49 27
49 18 27
18 17 27
17 20 27
F28
1024
4 9 28
9 8 28
8 11 28
11 12 28
12 47 28
47 46 28
F29
1024
58 19 29
19 15 29
15 13 29
13 11 29
11 8 29
8 10 29
10 7 29
F30
1024
95 76 30
76 77 30
77 63 30
63 49 30
49 50 30
50 22 30
22 18 30
F31
1024
54 68 31
68 82 31
82 81 31
81 80 31
80 79 31
F32
1024
43 38 32
38 40 32
40 36 32
36 32 32
32 29 32
29 27 32
27 26 32
F33
1024
19 15 33
15 13 33
13 11 33
11 12 33
12 10 33
F34
1024
57 56 34
56 55 34
55 35 34
35 36 34
36 32 34
32 29 34
29 30 34
F35
1024
44 19 35
19 15 35
15 14 35
14 11 35
11 12 35
12 47 35
47 48 35
48 49 35
F36
1024
45 42 36
42 39 36
39 40 36
40 36 36
36 37 36
37 33 36
33 98 36
F37
1024
87 84 37
84 83 37
83 82 37
82 89 37
F38
1024
52 51 38
51 50 38
50 49 38
49 63 38
63 64 38
64 65 38
F39
1024
3 6 39
6 9 39
9 13 39
13 11 39
11 14 39
14 16 39
16 48 39
48 62 39
F40
1024
69 68 40
68 82 40
82 81 40
81 80 40
