F1
256
97 76 1
76 77 1
77 63 1
63 49 1
49 48 1
48 16 1
16 14 1
F2
256
51 50 2
50 49 2
49 63 2
63 64 2
F3
256
71 56 3
56 38 3
38 40 3
40 36 3
36 32 3
32 34 3
34 31 3
31 28 3
F4
256
70 69 4
69 68 4
68 82 4
82 81 4
F5
256
41 40 5
40 36 5
36 37 5
37 73 5
F6
256
58 19 6
19 15 6
15 13 6
13 11 6
11 8 6
8 10 6
10 7 6
F7
256
45 42 7
42 39 7
39 40 7
40 36 7
36 37 7
37 33 7
33 98 7
F8
256
42 41 8
41 40 8
40 36 8
36 37 8
37 73 8
73 98 8
98 100 8
F9
256
9 8 9
8 11 9
11 14 9
14 15 9
F10
256
42 41 10
41 40 10
40 36 10
36 37 10
37 73 10
73 98 10
98 100 10
F11
256
86 87 11
87 88 11
88 83 11
83 82 11
82 81 11
81 80 11
80 79 11
79 92 11
F12
256
71 56 12
56 38 12
38 40 12
40 36 12
36 32 12
32 34 12
34 31 12
31 28 12
F13
256
45 42 13
42 39 13
39 40 13
40 36 13
36 37 13
37 33 13
33 98 13
F14
256
83 82 14
82 68 14
68 54 14
54 34 14
F15
256
95 76 15
76 77 15
77 63 15
63 49 15
49 50 15
50 22 15
22 18 15
F16
256
69 68 16
68 82 16
82 81 16
81 80 16
F17
512
59 39 17
39 40 17
40 36 17
36 37 17
37 33 17
33 98 17
F18
512
52 51 18
51 50 18
50 49 18
49 63 18
63 64 18
64 65 18
F19
512
52 51 19
51 50 19
50 49 19
49 63 19
63 64 19
64 65 19
F20
512
54 68 20
68 82 20
82 81 20
81 80 20
80 79 20
F21
512
87 84 21
84 83 21
83 82 21
82 89 21
F22
512
3 6 22
6 9 22
9 13 22
13 11 22
11 14 22
14 16 22
16 48 22
48 62 22
F23
512
50 64 23
64 63 23
63 77 23
77 76 23
F24
512
52 51 24
51 50 24
50 49 24
49 63 24
63 64 24
64 65 24
F25
512
1 13 25
13 11 25
11 12 25
12 47 25
47 61 25
61 60 25
F26
512
17 18 26
18 49 26
49 63 26
63 77 26
F27
512
3 6 27
6 9 27
9 13 27
13 11 27
11 14 27
14 16 27
16 48 27
48 62 27
F28
512
66 80 28
80 81 28
81 82 28
82 68 28
F29
512
96 95 29
95 76 29
75 77 29
77 63 29
63 49 29
49 18 29
18 17 29
17 20 29
F30
512
17 18 30
18 49 30
49 63 30
63 77 30
F31
512
22 50 31
50 49 31
49 63 31
63 62 31
62 61 31
F32
1024
17 18 32
18 49 32
49 63 32
63 77 32
F33
1024
51 50 33
50 49 33
49 63 33
63 64 33
F34
1024
88 83 34
83 69 34
69 55 34
55 54 34
54 53 34
F35
1024
85 84 35
84 83 35
83 82 35
82 81 35
81 80 35
80 91 35
F36
1024
56 55 36
55 54 36
54 68 36
68 82 36
82 81 36
81 67 36
F37
1024
84 83 37
83 82 37
82 81 37
81 90 37
F38
1024
43 38 38
38 40 38
40 36 38
36 32 38
32 29 38
29 27 38
27 26 38
F39
1024
86 87 39
87 88 39
88 83 39
83 82 39
82 81 39
81 80 39
80 79 39
79 92 39
F40
1024
87 84 40
84 83 40
83 82 40
82 89 40
