F1
256
52 51 1
51 50 1
50 49 1
49 63 1
63 64 1
64 65 1
F2
256
85 84 2
84 83 2
83 82 2
82 81 2
81 80 2
80 91 2
F3
256
54 68 3
68 82 3
82 81 3
81 80 3
80 79 3
F4
256
50 64 4
64 63 4
63 77 4
77 76 4
F5
256
42 41 5
41 40 5
40 36 5
36 37 5
37 73 5
73 98 5
98 100 5
F6
256
52 51 6
51 50 6
50 49 6
49 63 6
63 64 6
64 65 6
F7
256
88 83 7
83 69 7
69 55 7
55 54 7
54 53 7
F8
256
93 78 8
78 64 8
64 63 8
63 49 8
49 18 8
18 16 8
16 12 8
F9
256
19 15 9
15 13 9
13 11 9
11 12 9
12 10 9
F10
256
21 19 10
19 17 10
17 14 10
14 11 10
11 8 10
8 5 10
F11
256
66 80 11
80 81 11
81 82 11
82 68 11
F12
256
51 50 12
50 49 12
49 63 12
63 64 12
F13
256
58 19 13
19 15 13
15 13 13
13 11 13
11 8 13
8 10 13
10 7 13
F14
256
69 68 14
68 82 14
82 81 14
81 80 14
F15
512
96 95 15
95 76 15
75 77 15
77 63 15
63 49 15
49 18 15
18 17 15
17 20 15
F16
512
97 76 16
76 77 16
77 63 16
63 49 16
49 48 16
48 16 16
16 14 16
F17
512
97 76 17
76 77 17
77 63 17
63 49 17
49 48 17
48 16 17
16 14 17
F18
512
42 41 18
41 40 18
40 36 18
36 37 18
37 73 18
73 98 18
98 100 18
F19
512
2 15 19
15 14 19
14 11 19
11 12 19
12 47 19
47 61 19
61 75 19
F20
512
71 56 20
56 38 20
38 40 20
40 36 20
36 32 20
32 34 20
34 31 20
31 28 20
F21
512
93 78 21
78 64 21
64 63 21
63 49 21
49 18 21
18 16 21
16 12 21
F22
512
88 83 22
83 69 22
69 55 22
55 54 22
54 53 22
F23
512
45 42 23
42 39 23
39 40 23
40 36 23
36 37 23
37 33 23
33 98 23
F24
512
9 8 24
8 11 24
11 14 24
14 15 24
F25
512
17 18 25
18 49 25
49 63 25
63 77 25
F26
512
23 20 26
20 17 26
17 14 26
14 11 26
11 12 26
12 16 26
F27
1024
88 83 27
83 69 27
69 55 27
55 54 27
54 53 27
F28
1024
2 15 28
15 14 28
14 11 28
11 12 28
12 47 28
47 61 28
61 75 28
F29
1024
19 15 29
15 13 29
13 11 29
11 12 29
12 10 29
F30
1024
44 19 30
19 15 30
15 14 30
14 11 30
11 12 30
12 47 30
47 48 30
48 49 30
F31
1024
85 84 31
84 83 31
83 82 31
82 81 31
81 80 31
80 91 31
F32
1024
19 15 32
15 13 32
13 11 32
11 12 32
12 10 32
F33
1024
45 42 33
42 39 33
39 40 33
40 36 33
36 37 33
37 33 33
33 98 33
F34
1024
58 19 34
19 15 34
15 13 34
13 11 34
11 8 34
8 10 34
10 7 34
F35
1024
23 20 35
20 17 35
17 14 35
14 11 35
11 12 35
12 16 35
F36
1024
84 83 36
83 82 36
82 81 36
81 90 36
F37
1024
96 95 37
95 76 37
75 77 37
77 63 37
63 49 37
49 18 37
18 17 37
17 20 37
F38
1024
95 76 38
76 77 38
77 63 38
63 49 38
49 50 38
50 22 38
22 18 38
F39
1024
21 19 39
19 17 39
17 14 39
14 11 39
11 8 39
8 5 39
F40
1024
74 75 40
75 76 40
76 77 40
77 63 40
63 64 40
64 78 40
78 77 40
77 94 40
