F1
256
17 18 1
18 49 1
49 63 1
63 77 1
F2
256
58 19 2
19 15 2
15 13 2
13 11 2
11 8 2
8 10 2
10 7 2
F3
256
58 19 3
19 15 3
15 13 3
13 11 3
11 8 3
8 10 3
10 7 3
F4
256
52 51 4
51 50 4
50 49 4
49 63 4
63 64 4
64 65 4
F5
256
97 76 5
76 77 5
77 63 5
63 49 5
49 48 5
48 16 5
16 14 5
F6
256
72 20 6
20 17 6
17 14 6
14 11 6
11 8 6
8 9 6
9 6 6
F7
256
19 15 7
15 13 7
13 11 7
11 12 7
12 10 7
F8
256
43 38 8
38 40 8
40 36 8
36 32 8
32 29 8
29 27 8
27 26 8
F9
256
45 42 9
42 39 9
39 40 9
40 36 9
36 37 9
37 33 9
33 98 9
F10
256
27 29 10
29 32 10
32 36 10
36 35 10
35 55 10
F11
256
3 6 11
6 9 11
9 13 11
13 11 11
11 14 11
14 16 11
16 48 11
48 62 11
F12
512
50 64 12
64 63 12
63 77 12
77 76 12
F13
512
22 50 13
50 49 13
49 63 13
63 62 13
62 61 13
F14
512
45 42 14
42 39 14
39 40 14
40 36 14
36 37 14
37 33 14
33 98 14
F15
512
72 20 15
20 17 15
17 14 15
14 11 15
11 8 15
8 9 15
9 6 15
F16
512
70 69 16
69 68 16
68 82 16
82 81 16
F17
512
84 83 17
83 82 17
82 81 17
81 90 17
F18
512
44 19 18
19 15 18
15 14 18
14 11 18
11 12 18
12 47 18
47 48 18
48 49 18
F19
512
84 83 19
83 82 19
82 81 19
81 90 19
F20
512
9 8 20
8 11 20
11 14 20
14 15 20
F21
512
93 78 21
78 64 21
64 63 21
63 49 21
49 18 21
18 16 21
16 12 21
F22
512
52 51 22
51 50 22
50 49 22
49 63 22
63 64 22
64 65 22
F23
512
88 83 23
83 69 23
69 55 23
55 54 23
54 53 23
F24
512
2 15 24
15 14 24
14 11 24
11 12 24
12 47 24
47 61 24
61 75 24
F25
1024
19 15 25
15 13 25
13 11 25
11 12 25
12 10 25
F26
1024
41 40 26
40 36 26
36 37 26
37 73 26
F27
1024
58 19 27
19 15 27
15 13 27
13 11 27
11 8 27
8 10 27
10 7 27
F28
1024
54 68 28
68 82 28
82 81 28
81 80 28
80 79 28
F29
1024
88 83 29
83 69 29
69 55 29
55 54 29
54 53 29
F30
1024
42 41 30
41 40 30
40 36 30
36 37 30
37 73 30
73 98 30
98 100 30
F31
1024
88 83 31
83 69 31
69 55 31
55 54 31
54 53 31
F32
1024
74 75 32
75 76 32
76 77 32
77 63 32
63 64 32
64 78 32
78 77 32
77 94 32
F33
1024
51 50 33
50 49 33
49 63 33
63 64 33
F34
1024
72 20 34
20 17 34
17 14 34
14 11 34
11 8 34
8 9 34
9 6 34
F35
1024
84 83 35
83 82 35
82 81 35
81 90 35
F36
1024
41 40 36
40 36 36
36 37 36
37 73 36
F37
1024
23 20 37
20 17 37
17 14 37
14 11 37
11 12 37
12 16 37
F38
1024
50 64 38
64 63 38
63 77 38
77 76 38
F39
1024
23 20 39
20 17 39
17 14 39
14 11 39
11 12 39
12 16 39
F40
1024
1 13 40
13 11 40
11 12 40
12 47 40
47 61 40
61 60 40
