F1
256
86 87 1
87 88 1
88 83 1
83 82 1
82 81 1
81 80 1
80 79 1
79 92 1
F2
256
4 9 2
9 8 2
8 11 2
11 12 2
12 47 2
47 46 2
F3
256
52 51 3
51 50 3
50 49 3
49 63 3
63 64 3
64 65 3
F4
256
43 38 4
38 40 4
40 36 4
36 32 4
32 29 4
29 27 4
27 26 4
F5
256
2 15 5
15 14 5
14 11 5
11 12 5
12 47 5
47 61 5
61 75 5
F6
256
58 19 6
19 15 6
15 13 6
13 11 6
11 8 6
8 10 6
10 7 6
F7
256
70 69 7
69 68 7
68 82 7
82 81 7
F8
256
58 19 8
19 15 8
15 13 8
13 11 8
11 8 8
8 10 8
10 7 8
F9
256
52 51 9
51 50 9
50 49 9
49 63 9
63 64 9
64 65 9
F10
256
42 41 10
41 40 10
40 36 10
36 37 10
37 73 10
73 98 10
98 100 10
F11
256
88 83 11
83 69 11
69 55 11
55 54 11
54 53 11
F12
256
50 64 12
64 63 12
63 77 12
77 76 12
F13
256
96 95 13
95 76 13
75 77 13
77 63 13
63 49 13
49 18 13
18 17 13
17 20 13
F14
256
42 41 14
41 40 14
40 36 14
36 37 14
37 73 14
73 98 14
98 100 14
F15
256
88 83 15
83 69 15
69 55 15
55 54 15
54 53 15
F16
256
1 13 16
13 11 16
11 12 16
12 47 16
47 61 16
61 60 16
F17
256
54 68 17
68 82 17
82 81 17
81 80 17
80 79 17
F18
256
51 50 18
50 49 18
49 63 18
63 64 18
F19
256
88 83 19
83 69 19
69 55 19
55 54 19
54 53 19
F20
256
58 19 20
19 15 20
15 13 20
13 11 20
11 8 20
8 10 20
10 7 20
F21
512
3 6 21
6 9 21
9 13 21
13 11 21
11 14 21
14 16 21
16 48 21
48 62 21
F22
512
22 50 22
50 49 22
49 63 22
63 62 22
62 61 22
F23
512
43 38 23
38 40 23
40 36 23
36 32 23
32 29 23
29 27 23
27 26 23
F24
512
74 75 24
75 76 24
76 77 24
77 63 24
63 64 24
64 78 24
78 77 24
77 94 24
F25
512
70 69 25
69 68 25
68 82 25
82 81 25
F26
512
97 76 26
76 77 26
77 63 26
63 49 26
49 48 26
48 16 26
16 14 26
F27
512
3 6 27
6 9 27
9 13 27
13 11 27
11 14 27
14 16 27
16 48 27
48 62 27
F28
512
83 82 28
82 68 28
68 54 28
54 34 28
F29
512
1 13 29
13 11 29
11 12 29
12 47 29
47 61 29
61 60 29
F30
512
85 84 30
84 83 30
83 82 30
82 81 30
81 80 30
80 91 30
F31
512
17 18 31
18 49 31
49 63 31
63 77 31
F32
1024
44 19 32
19 15 32
15 14 32
14 11 32
11 12 32
12 47 32
47 48 32
48 49 32
F33
1024
44 19 33
19 15 33
15 14 33
14 11 33
11 12 33
12 47 33
47 48 33
48 49 33
F34
1024
97 76 34
76 77 34
77 63 34
63 49 34
49 48 34
48 16 34
16 14 34
F35
1024
42 41 35
41 40 35
40 36 35
36 37 35
37 73 35
73 98 35
98 100 35
F36
1024
44 19 36
19 15 36
15 14 36
14 11 36
11 12 36
12 47 36
47 48 36
48 49 36
F37
1024
93 78 37
78 64 37
64 63 37
63 49 37
49 18 37
18 16 37
16 12 37
F38
1024
74 75 38
75 76 38
76 77 38
77 63 38
63 64 38
64 78 38
78 77 38
77 94 38
F39
1024
43 38 39
38 40 39
40 36 39
36 32 39
32 29 39
29 27 39
27 26 39
F40
1024
70 69 40
69 68 40
68 82 40
82 81 40
