F1
256
21 19 1
19 17 1
17 14 1
14 11 1
11 8 1
8 5 1
F2
256
23 20 2
20 17 2
17 14 2
14 11 2
11 12 2
12 16 2
F3
256
58 19 3
19 15 3
15 13 3
13 11 3
11 8 3
8 10 3
10 7 3
F4
256
21 19 4
19 17 4
17 14 4
14 11 4
11 8 4
8 5 4
F5
256
57 56 5
56 55 5
55 35 5
35 36 5
36 32 5
32 29 5
29 30 5
F6
256
51 50 6
50 49 6
49 63 6
63 64 6
F7
256
43 38 7
38 40 7
40 36 7
36 32 7
32 29 7
29 27 7
27 26 7
F8
256
59 39 8
39 40 8
40 36 8
36 37 8
37 33 8
33 98 8
F9
256
84 83 9
83 82 9
82 81 9
81 90 9
F10
256
56 55 10
55 54 10
54 68 10
68 82 10
82 81 10
81 67 10
F11
256
86 87 11
87 88 11
88 83 11
83 82 11
82 81 11
81 80 11
80 79 11
79 92 11
F12
256
84 83 12
83 82 12
82 81 12
81 90 12
F13
512
4 9 13
9 8 13
8 11 13
11 12 13
12 47 13
47 46 13
F14
512
93 78 14
78 64 14
64 63 14
63 49 14
49 18 14
18 16 14
16 12 14
F15
512
95 76 15
76 77 15
77 63 15
63 49 15
49 50 15
50 22 15
22 18 15
F16
512
58 19 16
19 15 16
15 13 16
13 11 16
11 8 16
8 10 16
10 7 16
F17
512
71 56 17
56 38 17
38 40 17
40 36 17
36 32 17
32 34 17
34 31 17
31 28 17
F18
512
97 76 18
76 77 18
77 63 18
63 49 18
49 48 18
48 16 18
16 14 18
F19
512
21 19 19
19 17 19
17 14 19
14 11 19
11 8 19
8 5 19
F20
512
51 50 20
50 49 20
49 63 20
63 64 20
F21
512
3 6 21
6 9 21
9 13 21
13 11 21
11 14 21
14 16 21
16 48 21
48 62 21
F22
512
50 64 22
64 63 22
63 77 22
77 76 22
F23
512
50 64 23
64 63 23
63 77 23
77 76 23
F24
1024
70 69 24
69 68 24
68 82 24
82 81 24
F25
1024
83 82 25
82 68 25
68 54 25
54 34 25
F26
1024
72 20 26
20 17 26
17 14 26
14 11 26
11 8 26
8 9 26
9 6 26
F27
1024
59 39 27
39 40 27
40 36 27
36 37 27
37 33 27
33 98 27
F28
1024
72 20 28
20 17 28
17 14 28
14 11 28
11 8 28
8 9 28
9 6 28
F29
1024
88 83 29
83 69 29
69 55 29
55 54 29
54 53 29
F30
1024
74 75 30
75 76 30
76 77 30
77 63 30
63 64 30
64 78 30
78 77 30
77 94 30
F31
1024
93 78 31
78 64 31
64 63 31
63 49 31
49 18 31
18 16 31
16 12 31
F32
1024
58 19 32
19 15 32
15 13 32
13 11 32
11 8 32
8 10 32
10 7 32
F33
1024
70 69 33
69 68 33
68 82 33
82 81 33
F34
1024
72 20 34
20 17 34
17 14 34
14 11 34
11 8 34
8 9 34
9 6 34
F35
1024
69 68 35
68 82 35
82 81 35
81 80 35
F36
1024
88 83 36
83 69 36
69 55 36
55 54 36
54 53 36
F37
1024
50 64 37
64 63 37
63 77 37
77 76 37
F38
1024
96 95 38
95 76 38
75 77 38
77 63 38
63 49 38
49 18 38
18 17 38
17 20 38
F39
1024
59 39 39
39 40 39
40 36 39
36 37 39
37 33 39
33 98 39
F40
1024
59 39 40
39 40 40
40 36 40
36 37 40
37 33 40
33 98 40
