F1
256
51 50 1
50 49 1
49 63 1
63 64 1
F2
256
21 19 2
19 17 2
17 14 2
14 11 2
11 8 2
8 5 2
F3
256
83 82 3
82 68 3
68 54 3
54 34 3
F4
256
42 41 4
41 40 4
40 36 4
36 37 4
37 73 4
73 98 4
98 100 4
F5
256
95 76 5
76 77 5
77 63 5
63 49 5
49 50 5
50 22 5
22 18 5
F6
256
56 55 6
55 54 6
54 68 6
68 82 6
82 81 6
81 67 6
F7
256
58 19 7
19 15 7
15 13 7
13 11 7
11 8 7
8 10 7
10 7 7
F8
256
3 6 8
6 9 8
9 13 8
13 11 8
11 14 8
14 16 8
16 48 8
48 62 8
F9
256
27 29 9
29 32 9
32 36 9
36 35 9
35 55 9
F10
256
96 95 10
95 76 10
75 77 10
77 63 10
63 49 10
49 18 10
18 17 10
17 20 10
F11
256
88 83 11
83 69 11
69 55 11
55 54 11
54 53 11
F12
256
45 42 12
42 39 12
39 40 12
40 36 12
36 37 12
37 33 12
33 98 12
F13
256
4 9 13
9 8 13
8 11 13
11 12 13
12 47 13
47 46 13
F14
512
45 42 14
42 39 14
39 40 14
40 36 14
36 37 14
37 33 14
33 98 14
F15
512
50 64 15
64 63 15
63 77 15
77 76 15
F16
512
42 41 16
41 40 16
40 36 16
36 37 16
37 73 16
73 98 16
98 100 16
F17
512
88 83 17
83 69 17
69 55 17
55 54 17
54 53 17
F18
512
56 55 18
55 54 18
54 68 18
68 82 18
82 81 18
81 67 18
F19
512
27 29 19
29 32 19
32 36 19
36 35 19
35 55 19
F20
512
69 68 20
68 82 20
82 81 20
81 80 20
F21
512
50 64 21
64 63 21
63 77 21
77 76 21
F22
512
41 40 22
40 36 22
36 37 22
37 73 22
F23
512
71 56 23
56 38 23
38 40 23
40 36 23
36 32 23
32 34 23
34 31 23
31 28 23
F24
512
3 6 24
6 9 24
9 13 24
13 11 24
11 14 24
14 16 24
16 48 24
48 62 24
F25
512
83 82 25
82 68 25
68 54 25
54 34 25
F26
512
50 64 26
64 63 26
63 77 26
77 76 26
F27
1024
72 20 27
20 17 27
17 14 27
14 11 27
11 8 27
8 9 27
9 6 27
F28
1024
59 39 28
39 40 28
40 36 28
36 37 28
37 33 28
33 98 28
F29
1024
74 75 29
75 76 29
76 77 29
77 63 29
63 64 29
64 78 29
78 77 29
77 94 29
F30
1024
17 18 30
18 49 30
49 63 30
63 77 30
F31
1024
17 18 31
18 49 31
49 63 31
63 77 31
F32
1024
9 8 32
8 11 32
11 14 32
14 15 32
F33
1024
97 76 33
76 77 33
77 63 33
63 49 33
49 48 33
48 16 33
16 14 33
F34
1024
1 13 34
13 11 34
11 12 34
12 47 34
47 61 34
61 60 34
F35
1024
93 78 35
78 64 35
64 63 35
63 49 35
49 18 35
18 16 35
16 12 35
F36
1024
59 39 36
39 40 36
40 36 36
36 37 36
37 33 36
33 98 36
F37
1024
85 84 37
84 83 37
83 82 37
82 81 37
81 80 37
80 91 37
F38
1024
4 9 38
9 8 38
8 11 38
11 12 38
12 47 38
47 46 38
F39
1024
27 29 39
29 32 39
32 36 39
36 35 39
35 55 39
F40
1024
4 9 40
9 8 40
8 11 40
11 12 40
12 47 40
47 46 40
