F1
256
57 56 1
56 55 1
55 35 1
35 36 1
36 32 1
32 29 1
29 30 1
F2
256
44 19 2
19 15 2
15 14 2
14 11 2
11 12 2
12 47 2
47 48 2
48 49 2
F3
256
4 9 3
9 8 3
8 11 3
11 12 3
12 47 3
47 46 3
F4
256
93 78 4
78 64 4
64 63 4
63 49 4
49 18 4
18 16 4
16 12 4
F5
256
9 8 5
8 11 5
11 14 5
14 15 5
F6
256
42 41 6
41 40 6
40 36 6
36 37 6
37 73 6
73 98 6
98 100 6
F7
256
17 18 7
18 49 7
49 63 7
63 77 7
F8
256
2 15 8
15 14 8
14 11 8
11 12 8
12 47 8
47 61 8
61 75 8
F9
256
44 19 9
19 15 9
15 14 9
14 11 9
11 12 9
12 47 9
47 48 9
48 49 9
F10
512
54 68 10
68 82 10
82 81 10
81 80 10
80 79 10
F11
512
97 76 11
76 77 11
77 63 11
63 49 11
49 48 11
48 16 11
16 14 11
F12
512
22 50 12
50 49 12
49 63 12
63 62 12
62 61 12
F13
512
83 82 13
82 68 13
68 54 13
54 34 13
F14
512
52 51 14
51 50 14
50 49 14
49 63 14
63 64 14
64 65 14
F15
512
43 38 15
38 40 15
40 36 15
36 32 15
32 29 15
29 27 15
27 26 15
F16
512
96 95 16
95 76 16
75 77 16
77 63 16
63 49 16
49 18 16
18 17 16
17 20 16
F17
512
70 69 17
69 68 17
68 82 17
82 81 17
F18
512
69 68 18
68 82 18
82 81 18
81 80 18
F19
512
45 42 19
42 39 19
39 40 19
40 36 19
36 37 19
37 33 19
33 98 19
F20
512
1 13 20
13 11 20
11 12 20
12 47 20
47 61 20
61 60 20
F21
512
69 68 21
68 82 21
82 81 21
81 80 21
F22
512
72 20 22
20 17 22
17 14 22
14 11 22
11 8 22
8 9 22
9 6 22
F23
512
71 56 23
56 38 23
38 40 23
40 36 23
36 32 23
32 34 23
34 31 23
31 28 23
F24
512
45 42 24
42 39 24
39 40 24
40 36 24
36 37 24
37 33 24
33 98 24
F25
512
42 41 25
41 40 25
40 36 25
36 37 25
37 73 25
73 98 25
98 100 25
F26
512
42 41 26
41 40 26
40 36 26
36 37 26
37 73 26
73 98 26
98 100 26
F27
1024
27 29 27
29 32 27
32 36 27
36 35 27
35 55 27
F28
1024
74 75 28
75 76 28
76 77 28
77 63 28
63 64 28
64 78 28
78 77 28
77 94 28
F29
1024
2 15 29
15 14 29
14 11 29
11 12 29
12 47 29
47 61 29
61 75 29
F30
1024
2 15 30
15 14 30
14 11 30
11 12 30
12 47 30
47 61 30
61 75 30
F31
1024
51 50 31
50 49 31
49 63 31
63 64 31
F32
1024
50 64 32
64 63 32
63 77 32
77 76 32
F33
1024
41 40 33
40 36 33
36 37 33
37 73 33
F34
1024
71 56 34
56 38 34
38 40 34
40 36 34
36 32 34
32 34 34
34 31 34
31 28 34
F35
1024
50 64 35
64 63 35
63 77 35
77 76 35
F36
1024
58 19 36
19 15 36
15 13 36
13 11 36
11 8 36
8 10 36
10 7 36
F37
1024
96 95 37
95 76 37
75 77 37
77 63 37
63 49 37
49 18 37
18 17 37
17 20 37
F38
1024
4 9 38
9 8 38
8 11 38
11 12 38
12 47 38
47 46 38
F39
1024
2 15 39
15 14 39
14 11 39
11 12 39
12 47 39
47 61 39
61 75 39
F40
1024
2 15 40
15 14 40
14 11 40
11 12 40
12 47 40
47 61 40
61 75 40
