F1
256
74 75 1
75 76 1
76 77 1
77 63 1
63 64 1
64 78 1
78 77 1
77 94 1
F2
256
93 78 2
78 64 2
64 63 2
63 49 2
49 18 2
18 16 2
16 12 2
F3
256
1 13 3
13 11 3
11 12 3
12 47 3
47 61 3
61 60 3
F4
256
72 20 4
20 17 4
17 14 4
14 11 4
11 8 4
8 9 4
9 6 4
F5
256
84 83 5
83 82 5
82 81 5
81 90 5
F6
256
4 9 6
9 8 6
8 11 6
11 12 6
12 47 6
47 46 6
F7
256
54 68 7
68 82 7
82 81 7
81 80 7
80 79 7
F8
256
93 78 8
78 64 8
64 63 8
63 49 8
49 18 8
18 16 8
16 12 8
F9
256
71 56 9
56 38 9
38 40 9
40 36 9
36 32 9
32 34 9
34 31 9
31 28 9
F10
256
21 19 10
19 17 10
17 14 10
14 11 10
11 8 10
8 5 10
F11
256
71 56 11
56 38 11
38 40 11
40 36 11
36 32 11
32 34 11
34 31 11
31 28 11
F12
256
69 68 12
68 82 12
82 81 12
81 80 12
F13
256
59 39 13
39 40 13
40 36 13
36 37 13
37 33 13
33 98 13
F14
512
88 83 14
83 69 14
69 55 14
55 54 14
54 53 14
F15
512
21 19 15
19 17 15
17 14 15
14 11 15
11 8 15
8 5 15
F16
512
85 84 16
84 83 16
83 82 16
82 81 16
81 80 16
80 91 16
F17
512
96 95 17
95 76 17
75 77 17
77 63 17
63 49 17
49 18 17
18 17 17
17 20 17
F18
512
22 50 18
50 49 18
49 63 18
63 62 18
62 61 18
F19
512
19 15 19
15 13 19
13 11 19
11 12 19
12 10 19
F20
512
9 8 20
8 11 20
11 14 20
14 15 20
F21
512
44 19 21
19 15 21
15 14 21
14 11 21
11 12 21
12 47 21
47 48 21
48 49 21
F22
512
70 69 22
69 68 22
68 82 22
82 81 22
F23
512
59 39 23
39 40 23
40 36 23
36 37 23
37 33 23
33 98 23
F24
512
43 38 24
38 40 24
40 36 24
36 32 24
32 29 24
29 27 24
27 26 24
F25
512
43 38 25
38 40 25
40 36 25
36 32 25
32 29 25
29 27 25
27 26 25
F26
512
45 42 26
42 39 26
39 40 26
40 36 26
36 37 26
37 33 26
33 98 26
F27
512
74 75 27
75 76 27
76 77 27
77 63 27
63 64 27
64 78 27
78 77 27
77 94 27
F28
512
51 50 28
50 49 28
49 63 28
63 64 28
F29
512
71 56 29
56 38 29
38 40 29
40 36 29
36 32 29
32 34 29
34 31 29
31 28 29
F30
512
50 64 30
64 63 30
63 77 30
77 76 30
F31
512
45 42 31
42 39 31
39 40 31
40 36 31
36 37 31
37 33 31
33 98 31
F32
1024
95 76 32
76 77 32
77 63 32
63 49 32
49 50 32
50 22 32
22 18 32
F33
1024
22 50 33
50 49 33
49 63 33
63 62 33
62 61 33
F34
1024
93 78 34
78 64 34
64 63 34
63 49 34
49 18 34
18 16 34
16 12 34
F35
1024
27 29 35
29 32 35
32 36 35
36 35 35
35 55 35
F36
1024
84 83 36
83 82 36
82 81 36
81 90 36
F37
1024
54 68 37
68 82 37
82 81 37
81 80 37
80 79 37
F38
1024
45 42 38
42 39 38
39 40 38
40 36 38
36 37 38
37 33 38
33 98 38
F39
1024
59 39 39
39 40 39
40 36 39
36 37 39
37 33 39
33 98 39
F40
1024
9 8 40
8 11 40
11 14 40
14 15 40
