F1
256
4 9 1
9 8 1
8 11 1
11 12 1
12 47 1
47 46 1
F2
256
70 69 2
69 68 2
68 82 2
82 81 2
F3
256
96 95 3
95 76 3
75 77 3
77 63 3
63 49 3
49 18 3
18 17 3
17 20 3
F4
256
22 50 4
50 49 4
49 63 4
63 62 4
62 61 4
F5
256
57 56 5
56 55 5
55 35 5
35 36 5
36 32 5
32 29 5
29 30 5
F6
256
58 19 6
19 15 6
15 13 6
13 11 6
11 8 6
8 10 6
10 7 6
F7
256
2 15 7
15 14 7
14 11 7
11 12 7
12 47 7
47 61 7
61 75 7
F8
256
52 51 8
51 50 8
50 49 8
49 63 8
63 64 8
64 65 8
F9
256
9 8 9
8 11 9
11 14 9
14 15 9
F10
256
41 40 10
40 36 10
36 37 10
37 73 10
F11
256
54 68 11
68 82 11
82 81 11
81 80 11
80 79 11
F12
256
44 19 12
19 15 12
15 14 12
14 11 12
11 12 12
12 47 12
47 48 12
48 49 12
F13
256
43 38 13
38 40 13
40 36 13
36 32 13
32 29 13
29 27 13
27 26 13
F14
256
22 50 14
50 49 14
49 63 14
63 62 14
62 61 14
F15
256
21 19 15
19 17 15
17 14 15
14 11 15
11 8 15
8 5 15
F16
512
44 19 16
19 15 16
15 14 16
14 11 16
11 12 16
12 47 16
47 48 16
48 49 16
F17
512
69 68 17
68 82 17
82 81 17
81 80 17
F18
512
56 55 18
55 54 18
54 68 18
68 82 18
82 81 18
81 67 18
F19
512
17 18 19
18 49 19
49 63 19
63 77 19
F20
512
97 76 20
76 77 20
77 63 20
63 49 20
49 48 20
48 16 20
16 14 20
F21
512
97 76 21
76 77 21
77 63 21
63 49 21
49 48 21
48 16 21
16 14 21
F22
512
97 76 22
76 77 22
77 63 22
63 49 22
49 48 22
48 16 22
16 14 22
F23
512
69 68 23
68 82 23
82 81 23
81 80 23
F24
512
72 20 24
20 17 24
17 14 24
14 11 24
11 8 24
8 9 24
9 6 24
F25
512
51 50 25
50 49 25
49 63 25
63 64 25
F26
512
71 56 26
56 38 26
38 40 26
40 36 26
36 32 26
32 34 26
34 31 26
31 28 26
F27
512
84 83 27
83 82 27
82 81 27
81 90 27
F28
1024
70 69 28
69 68 28
68 82 28
82 81 28
F29
1024
85 84 29
84 83 29
83 82 29
82 81 29
81 80 29
80 91 29
F30
1024
17 18 30
18 49 30
49 63 30
63 77 30
F31
1024
44 19 31
19 15 31
15 14 31
14 11 31
11 12 31
12 47 31
47 48 31
48 49 31
F32
1024
95 76 32
76 77 32
77 63 32
63 49 32
49 50 32
50 22 32
22 18 32
F33
1024
42 41 33
41 40 33
40 36 33
36 37 33
37 73 33
73 98 33
98 100 33
F34
1024
84 83 34
83 82 34
82 81 34
81 90 34
F35
1024
50 64 35
64 63 35
63 77 35
77 76 35
F36
1024
27 29 36
29 32 36
32 36 36
36 35 36
35 55 36
F37
1024
45 42 37
42 39 37
39 40 37
40 36 37
36 37 37
37 33 37
33 98 37
F38
1024
43 38 38
38 40 38
40 36 38
36 32 38
32 29 38
29 27 38
27 26 38
F39
1024
51 50 39
50 49 39
49 63 39
63 64 39
F40
1024
44 19 40
19 15 40
15 14 40
14 11 40
11 12 40
12 47 40
47 48 40
48 49 40
