F1
256
9 8 1
8 11 1
11 14 1
14 15 1
F2
256
23 20 2
20 17 2
17 14 2
14 11 2
11 12 2
12 16 2
F3
256
2 15 3
15 14 3
14 11 3
11 12 3
12 47 3
47 61 3
61 75 3
F4
256
74 75 4
75 76 4
76 77 4
77 63 4
63 64 4
64 78 4
78 77 4
77 94 4
F5
256
41 40 5
40 36 5
36 37 5
37 73 5
F6
256
88 83 6
83 69 6
69 55 6
55 54 6
54 53 6
F7
256
54 68 7
68 82 7
82 81 7
81 80 7
80 79 7
F8
256
52 51 8
51 50 8
50 49 8
49 63 8
63 64 8
64 65 8
F9
256
85 84 9
84 83 9
83 82 9
82 81 9
81 80 9
80 91 9
F10
256
42 41 10
41 40 10
40 36 10
36 37 10
37 73 10
73 98 10
98 100 10
F11
256
17 18 11
18 49 11
49 63 11
63 77 11
F12
256
17 18 12
18 49 12
49 63 12
63 77 12
F13
256
43 38 13
38 40 13
40 36 13
36 32 13
32 29 13
29 27 13
27 26 13
F14
256
43 38 14
38 40 14
40 36 14
36 32 14
32 29 14
29 27 14
27 26 14
F15
256
93 78 15
78 64 15
64 63 15
63 49 15
49 18 15
18 16 15
16 12 15
F16
512
93 78 16
78 64 16
64 63 16
63 49 16
49 18 16
18 16 16
16 12 16
F17
512
70 69 17
69 68 17
68 82 17
82 81 17
F18
512
21 19 18
19 17 18
17 14 18
14 11 18
11 8 18
8 5 18
F19
512
42 41 19
41 40 19
40 36 19
36 37 19
37 73 19
73 98 19
98 100 19
F20
512
84 83 20
83 82 20
82 81 20
81 90 20
F21
512
9 8 21
8 11 21
11 14 21
14 15 21
F22
512
93 78 22
78 64 22
64 63 22
63 49 22
49 18 22
18 16 22
16 12 22
F23
512
41 40 23
40 36 23
36 37 23
37 73 23
F24
512
88 83 24
83 69 24
69 55 24
55 54 24
54 53 24
F25
1024
87 84 25
84 83 25
83 82 25
82 89 25
F26
1024
27 29 26
29 32 26
32 36 26
36 35 26
35 55 26
F27
1024
22 50 27
50 49 27
49 63 27
63 62 27
62 61 27
F28
1024
57 56 28
56 55 28
55 35 28
35 36 28
36 32 28
32 29 28
29 30 28
F29
1024
58 19 29
19 15 29
15 13 29
13 11 29
11 8 29
8 10 29
10 7 29
F30
1024
45 42 30
42 39 30
39 40 30
40 36 30
36 37 30
37 33 30
33 98 30
F31
1024
50 64 31
64 63 31
63 77 31
77 76 31
F32
1024
71 56 32
56 38 32
38 40 32
40 36 32
36 32 32
32 34 32
34 31 32
31 28 32
F33
1024
51 50 33
50 49 33
49 63 33
63 64 33
F34
1024
1 13 34
13 11 34
11 12 34
12 47 34
47 61 34
61 60 34
F35
1024
51 50 35
50 49 35
49 63 35
63 64 35
F36
1024
69 68 36
68 82 36
82 81 36
81 80 36
F37
1024
27 29 37
29 32 37
32 36 37
36 35 37
35 55 37
F38
1024
88 83 38
83 69 38
69 55 38
55 54 38
54 53 38
F39
1024
27 29 39
29 32 39
32 36 39
36 35 39
35 55 39
F40
1024
2 15 40
15 14 40
14 11 40
11 12 40
12 47 40
47 61 40
61 75 40
