F1
256
4 9 1
9 8 1
8 11 1
11 12 1
12 47 1
47 46 1
F2
256
19 15 2
15 13 2
13 11 2
11 12 2
12 10 2
F3
256
4 9 3
9 8 3
8 11 3
11 12 3
12 47 3
47 46 3
F4
256
57 56 4
56 55 4
55 35 4
35 36 4
36 32 4
32 29 4
29 30 4
F5
256
1 13 5
13 11 5
11 12 5
12 47 5
47 61 5
61 60 5
F6
256
21 19 6
19 17 6
17 14 6
14 11 6
11 8 6
8 5 6
F7
256
72 20 7
20 17 7
17 14 7
14 11 7
11 8 7
8 9 7
9 6 7
F8
256
19 15 8
15 13 8
13 11 8
11 12 8
12 10 8
F9
256
93 78 9
78 64 9
64 63 9
63 49 9
49 18 9
18 16 9
16 12 9
F10
256
58 19 10
19 15 10
15 13 10
13 11 10
11 8 10
8 10 10
10 7 10
F11
256
41 40 11
40 36 11
36 37 11
37 73 11
F12
256
87 84 12
84 83 12
83 82 12
82 89 12
F13
256
58 19 13
19 15 13
15 13 13
13 11 13
11 8 13
8 10 13
10 7 13
F14
256
85 84 14
84 83 14
83 82 14
82 81 14
81 80 14
80 91 14
F15
512
97 76 15
76 77 15
77 63 15
63 49 15
49 48 15
48 16 15
16 14 15
F16
512
21 19 16
19 17 16
17 14 16
14 11 16
11 8 16
8 5 16
F17
512
43 38 17
38 40 17
40 36 17
36 32 17
32 29 17
29 27 17
27 26 17
F18
512
56 55 18
55 54 18
54 68 18
68 82 18
82 81 18
81 67 18
F19
512
97 76 19
76 77 19
77 63 19
63 49 19
49 48 19
48 16 19
16 14 19
F20
512
9 8 20
8 11 20
11 14 20
14 15 20
F21
512
96 95 21
95 76 21
75 77 21
77 63 21
63 49 21
49 18 21
18 17 21
17 20 21
F22
512
93 78 22
78 64 22
64 63 22
63 49 22
49 18 22
18 16 22
16 12 22
F23
512
4 9 23
9 8 23
8 11 23
11 12 23
12 47 23
47 46 23
F24
512
74 75 24
75 76 24
76 77 24
77 63 24
63 64 24
64 78 24
78 77 24
77 94 24
F25
512
57 56 25
56 55 25
55 35 25
35 36 25
36 32 25
32 29 25
29 30 25
F26
512
1 13 26
13 11 26
11 12 26
12 47 26
47 61 26
61 60 26
F27
512
52 51 27
51 50 27
50 49 27
49 63 27
63 64 27
64 65 27
F28
512
96 95 28
95 76 28
75 77 28
77 63 28
63 49 28
49 18 28
18 17 28
17 20 28
F29
1024
19 15 29
15 13 29
13 11 29
11 12 29
12 10 29
F30
1024
70 69 30
69 68 30
68 82 30
82 81 30
F31
1024
95 76 31
76 77 31
77 63 31
63 49 31
49 50 31
50 22 31
22 18 31
F32
1024
88 83 32
83 69 32
69 55 32
55 54 32
54 53 32
F33
1024
97 76 33
76 77 33
77 63 33
63 49 33
49 48 33
48 16 33
16 14 33
F34
1024
59 39 34
39 40 34
40 36 34
36 37 34
37 33 34
33 98 34
F35
1024
74 75 35
75 76 35
76 77 35
77 63 35
63 64 35
64 78 35
78 77 35
77 94 35
F36
1024
21 19 36
19 17 36
17 14 36
14 11 36
11 8 36
8 5 36
F37
1024
50 64 37
64 63 37
63 77 37
77 76 37
F38
1024
9 8 38
8 11 38
11 14 38
14 15 38
F39
1024
17 18 39
18 49 39
49 63 39
63 77 39
F40
1024
66 80 40
80 81 40
81 82 40
82 68 40
