F1
256
88 83 1
83 69 1
69 55 1
55 54 1
54 53 1
F2
256
95 76 2
76 77 2
77 63 2
63 49 2
49 50 2
50 22 2
22 18 2
F3
256
96 95 3
95 76 3
75 77 3
77 63 3
63 49 3
49 18 3
18 17 3
17 20 3
F4
256
27 29 4
29 32 4
32 36 4
36 35 4
35 55 4
F5
256
44 19 5
19 15 5
15 14 5
14 11 5
11 12 5
12 47 5
47 48 5
48 49 5
F6
256
97 76 6
76 77 6
77 63 6
63 49 6
49 48 6
48 16 6
16 14 6
F7
256
71 56 7
56 38 7
38 40 7
40 36 7
36 32 7
32 34 7
34 31 7
31 28 7
F8
256
42 41 8
41 40 8
40 36 8
36 37 8
37 73 8
73 98 8
98 100 8
F9
256
44 19 9
19 15 9
15 14 9
14 11 9
11 12 9
12 47 9
47 48 9
48 49 9
F10
256
23 20 10
20 17 10
17 14 10
14 11 10
11 12 10
12 16 10
F11
256
42 41 11
41 40 11
40 36 11
36 37 11
37 73 11
73 98 11
98 100 11
F12
256
95 76 12
76 77 12
77 63 12
63 49 12
49 50 12
50 22 12
22 18 12
F13
256
23 20 13
20 17 13
17 14 13
14 11 13
11 12 13
12 16 13
F14
256
17 18 14
18 49 14
49 63 14
63 77 14
F15
256
74 75 15
75 76 15
76 77 15
77 63 15
63 64 15
64 78 15
78 77 15
77 94 15
F16
256
58 19 16
19 15 16
15 13 16
13 11 16
11 8 16
8 10 16
10 7 16
F17
256
56 55 17
55 54 17
54 68 17
68 82 17
82 81 17
81 67 17
F18
256
22 50 18
50 49 18
49 63 18
63 62 18
62 61 18
F19
512
17 18 19
18 49 19
49 63 19
63 77 19
F20
512
69 68 20
68 82 20
82 81 20
81 80 20
F21
512
59 39 21
39 40 21
40 36 21
36 37 21
37 33 21
33 98 21
F22
512
87 84 22
84 83 22
83 82 22
82 89 22
F23
512
2 15 23
15 14 23
14 11 23
11 12 23
12 47 23
47 61 23
61 75 23
F24
512
4 9 24
9 8 24
8 11 24
11 12 24
12 47 24
47 46 24
F25
512
9 8 25
8 11 25
11 14 25
14 15 25
F26
512
43 38 26
38 40 26
40 36 26
36 32 26
32 29 26
29 27 26
27 26 26
F27
512
69 68 27
68 82 27
82 81 27
81 80 27
F28
512
50 64 28
64 63 28
63 77 28
77 76 28
F29
512
52 51 29
51 50 29
50 49 29
49 63 29
63 64 29
64 65 29
F30
512
43 38 30
38 40 30
40 36 30
36 32 30
32 29 30
29 27 30
27 26 30
F31
1024
4 9 31
9 8 31
8 11 31
11 12 31
12 47 31
47 46 31
F32
1024
58 19 32
19 15 32
15 13 32
13 11 32
11 8 32
8 10 32
10 7 32
F33
1024
58 19 33
19 15 33
15 13 33
13 11 33
11 8 33
8 10 33
10 7 33
F34
1024
71 56 34
56 38 34
38 40 34
40 36 34
36 32 34
32 34 34
34 31 34
31 28 34
F35
1024
93 78 35
78 64 35
64 63 35
63 49 35
49 18 35
18 16 35
16 12 35
F36
1024
72 20 36
20 17 36
17 14 36
14 11 36
11 8 36
8 9 36
9 6 36
F37
1024
17 18 37
18 49 37
49 63 37
63 77 37
F38
1024
96 95 38
95 76 38
75 77 38
77 63 38
63 49 38
49 18 38
18 17 38
17 20 38
F39
1024
43 38 39
38 40 39
40 36 39
36 32 39
32 29 39
29 27 39
27 26 39
F40
1024
51 50 40
50 49 40
49 63 40
63 64 40
