F1
256
59 39 1
39 40 1
40 36 1
36 37 1
37 33 1
33 98 1
F2
256
19 15 2
15 13 2
13 11 2
11 12 2
12 10 2
F3
256
74 75 3
75 76 3
76 77 3
77 63 3
63 64 3
64 78 3
78 77 3
77 94 3
F4
256
59 39 4
39 40 4
40 36 4
36 37 4
37 33 4
33 98 4
F5
256
85 84 5
84 83 5
83 82 5
82 81 5
81 80 5
80 91 5
F6
256
71 56 6
56 38 6
38 40 6
40 36 6
36 32 6
32 34 6
34 31 6
31 28 6
F7
256
97 76 7
76 77 7
77 63 7
63 49 7
49 48 7
48 16 7
16 14 7
F8
256
9 8 8
8 11 8
11 14 8
14 15 8
F9
256
23 20 9
20 17 9
17 14 9
14 11 9
11 12 9
12 16 9
F10
256
58 19 10
19 15 10
15 13 10
13 11 10
11 8 10
8 10 10
10 7 10
F11
256
22 50 11
50 49 11
49 63 11
63 62 11
62 61 11
F12
512
84 83 12
83 82 12
82 81 12
81 90 12
F13
512
69 68 13
68 82 13
82 81 13
81 80 13
F14
512
41 40 14
40 36 14
36 37 14
37 73 14
F15
512
19 15 15
15 13 15
13 11 15
11 12 15
12 10 15
F16
512
71 56 16
56 38 16
38 40 16
40 36 16
36 32 16
32 34 16
34 31 16
31 28 16
F17
512
45 42 17
42 39 17
39 40 17
40 36 17
36 37 17
37 33 17
33 98 17
F18
512
66 80 18
80 81 18
81 82 18
82 68 18
F19
512
21 19 19
19 17 19
17 14 19
14 11 19
11 8 19
8 5 19
F20
512
41 40 20
40 36 20
36 37 20
37 73 20
F21
512
41 40 21
40 36 21
36 37 21
37 73 21
F22
512
71 56 22
56 38 22
38 40 22
40 36 22
36 32 22
32 34 22
34 31 22
31 28 22
F23
512
2 15 23
15 14 23
14 11 23
11 12 23
12 47 23
47 61 23
61 75 23
F24
512
43 38 24
38 40 24
40 36 24
36 32 24
32 29 24
29 27 24
27 26 24
F25
1024
4 9 25
9 8 25
8 11 25
11 12 25
12 47 25
47 46 25
F26
1024
54 68 26
68 82 26
82 81 26
81 80 26
80 79 26
F27
1024
71 56 27
56 38 27
38 40 27
40 36 27
36 32 27
32 34 27
34 31 27
31 28 27
F28
1024
70 69 28
69 68 28
68 82 28
82 81 28
F29
1024
84 83 29
83 82 29
82 81 29
81 90 29
F30
1024
93 78 30
78 64 30
64 63 30
63 49 30
49 18 30
18 16 30
16 12 30
F31
1024
21 19 31
19 17 31
17 14 31
14 11 31
11 8 31
8 5 31
F32
1024
9 8 32
8 11 32
11 14 32
14 15 32
F33
1024
72 20 33
20 17 33
17 14 33
14 11 33
11 8 33
8 9 33
9 6 33
F34
1024
57 56 34
56 55 34
55 35 34
35 36 34
36 32 34
32 29 34
29 30 34
F35
1024
66 80 35
80 81 35
81 82 35
82 68 35
F36
1024
3 6 36
6 9 36
9 13 36
13 11 36
11 14 36
14 16 36
16 48 36
48 62 36
F37
1024
43 38 37
38 40 37
40 36 37
36 32 37
32 29 37
29 27 37
27 26 37
F38
1024
56 55 38
55 54 38
54 68 38
68 82 38
82 81 38
81 67 38
F39
1024
87 84 39
84 83 39
83 82 39
82 89 39
F40
1024
22 50 40
50 49 40
49 63 40
63 62 40
62 61 40
