F1
256
86 87 1
87 88 1
88 83 1
83 82 1
82 81 1
81 80 1
80 79 1
79 92 1
F2
256
23 20 2
20 17 2
17 14 2
14 11 2
11 12 2
12 16 2
F3
256
69 68 3
68 82 3
82 81 3
81 80 3
F4
256
3 6 4
6 9 4
9 13 4
13 11 4
11 14 4
14 16 4
16 48 4
48 62 4
F5
256
72 20 5
20 17 5
17 14 5
14 11 5
11 8 5
8 9 5
9 6 5
F6
256
19 15 6
15 13 6
13 11 6
11 12 6
12 10 6
F7
256
84 83 7
83 82 7
82 81 7
81 90 7
F8
256
3 6 8
6 9 8
9 13 8
13 11 8
11 14 8
14 16 8
16 48 8
48 62 8
F9
256
83 82 9
82 68 9
68 54 9
54 34 9
F10
512
74 75 10
75 76 10
76 77 10
77 63 10
63 64 10
64 78 10
78 77 10
77 94 10
F11
512
50 64 11
64 63 11
63 77 11
77 76 11
F12
512
59 39 12
39 40 12
40 36 12
36 37 12
37 33 12
33 98 12
F13
512
27 29 13
29 32 13
32 36 13
36 35 13
35 55 13
F14
512
95 76 14
76 77 14
77 63 14
63 49 14
49 50 14
50 22 14
22 18 14
F15
512
23 20 15
20 17 15
17 14 15
14 11 15
11 12 15
12 16 15
F16
512
4 9 16
9 8 16
8 11 16
11 12 16
12 47 16
47 46 16
F17
512
44 19 17
19 15 17
15 14 17
14 11 17
11 12 17
12 47 17
47 48 17
48 49 17
F18
512
66 80 18
80 81 18
81 82 18
82 68 18
F19
512
86 87 19
87 88 19
88 83 19
83 82 19
82 81 19
81 80 19
80 79 19
79 92 19
F20
1024
54 68 20
68 82 20
82 81 20
81 80 20
80 79 20
F21
1024
88 83 21
83 69 21
69 55 21
55 54 21
54 53 21
F22
1024
19 15 22
15 13 22
13 11 22
11 12 22
12 10 22
F23
1024
51 50 23
50 49 23
49 63 23
63 64 23
F24
1024
97 76 24
76 77 24
77 63 24
63 49 24
49 48 24
48 16 24
16 14 24
F25
1024
71 56 25
56 38 25
38 40 25
40 36 25
36 32 25
32 34 25
34 31 25
31 28 25
F26
1024
21 19 26
19 17 26
17 14 26
14 11 26
11 8 26
8 5 26
F27
1024
9 8 27
8 11 27
11 14 27
14 15 27
F28
1024
74 75 28
75 76 28
76 77 28
77 63 28
63 64 28
64 78 28
78 77 28
77 94 28
F29
1024
87 84 29
84 83 29
83 82 29
82 89 29
F30
1024
74 75 30
75 76 30
76 77 30
77 63 30
63 64 30
64 78 30
78 77 30
77 94 30
F31
1024
54 68 31
68 82 31
82 81 31
81 80 31
80 79 31
F32
1024
54 68 32
68 82 32
82 81 32
81 80 32
80 79 32
F33
1024
88 83 33
83 69 33
69 55 33
55 54 33
54 53 33
F34
1024
93 78 34
78 64 34
64 63 34
63 49 34
49 18 34
18 16 34
16 12 34
F35
1024
9 8 35
8 11 35
11 14 35
14 15 35
F36
1024
52 51 36
51 50 36
50 49 36
49 63 36
63 64 36
64 65 36
F37
1024
50 64 37
64 63 37
63 77 37
77 76 37
F38
1024
45 42 38
42 39 38
39 40 38
40 36 38
36 37 38
37 33 38
33 98 38
F39
1024
19 15 39
15 13 39
13 11 39
11 12 39
12 10 39
F40
1024
50 64 40
64 63 40
63 77 40
77 76 40
