F1
256
74 75 1
75 76 1
76 77 1
77 63 1
63 64 1
64 78 1
78 77 1
77 94 1
F2
256
42 41 2
41 40 2
40 36 2
36 37 2
37 73 2
73 98 2
98 100 2
F3
256
69 68 3
68 82 3
82 81 3
81 80 3
F4
256
85 84 4
84 83 4
83 82 4
82 81 4
81 80 4
80 91 4
F5
256
21 19 5
19 17 5
17 14 5
14 11 5
11 8 5
8 5 5
F6
256
57 56 6
56 55 6
55 35 6
35 36 6
36 32 6
32 29 6
29 30 6
F7
256
3 6 7
6 9 7
9 13 7
13 11 7
11 14 7
14 16 7
16 48 7
48 62 7
F8
256
88 83 8
83 69 8
69 55 8
55 54 8
54 53 8
F9
256
19 15 9
15 13 9
13 11 9
11 12 9
12 10 9
F10
256
22 50 10
50 49 10
49 63 10
63 62 10
62 61 10
F11
256
52 51 11
51 50 11
50 49 11
49 63 11
63 64 11
64 65 11
F12
256
74 75 12
75 76 12
76 77 12
77 63 12
63 64 12
64 78 12
78 77 12
77 94 12
F13
256
3 6 13
6 9 13
9 13 13
13 11 13
11 14 13
14 16 13
16 48 13
48 62 13
F14
256
51 50 14
50 49 14
49 63 14
63 64 14
F15
256
74 75 15
75 76 15
76 77 15
77 63 15
63 64 15
64 78 15
78 77 15
77 94 15
F16
256
66 80 16
80 81 16
81 82 16
82 68 16
F17
512
27 29 17
29 32 17
32 36 17
36 35 17
35 55 17
F18
512
66 80 18
80 81 18
81 82 18
82 68 18
F19
512
83 82 19
82 68 19
68 54 19
54 34 19
F20
512
52 51 20
51 50 20
50 49 20
49 63 20
63 64 20
64 65 20
F21
512
85 84 21
84 83 21
83 82 21
82 81 21
81 80 21
80 91 21
F22
512
85 84 22
84 83 22
83 82 22
82 81 22
81 80 22
80 91 22
F23
512
86 87 23
87 88 23
88 83 23
83 82 23
82 81 23
81 80 23
80 79 23
79 92 23
F24
512
54 68 24
68 82 24
82 81 24
81 80 24
80 79 24
F25
512
21 19 25
19 17 25
17 14 25
14 11 25
11 8 25
8 5 25
F26
512
85 84 26
84 83 26
83 82 26
82 81 26
81 80 26
80 91 26
F27
512
21 19 27
19 17 27
17 14 27
14 11 27
11 8 27
8 5 27
F28
512
19 15 28
15 13 28
13 11 28
11 12 28
12 10 28
F29
512
19 15 29
15 13 29
13 11 29
11 12 29
12 10 29
F30
1024
83 82 30
82 68 30
68 54 30
54 34 30
F31
1024
71 56 31
56 38 31
38 40 31
40 36 31
36 32 31
32 34 31
34 31 31
31 28 31
F32
1024
72 20 32
20 17 32
17 14 32
14 11 32
11 8 32
8 9 32
9 6 32
F33
1024
85 84 33
84 83 33
83 82 33
82 81 33
81 80 33
80 91 33
F34
1024
71 56 34
56 38 34
38 40 34
40 36 34
36 32 34
32 34 34
34 31 34
31 28 34
F35
1024
70 69 35
69 68 35
68 82 35
82 81 35
F36
1024
2 15 36
15 14 36
14 11 36
11 12 36
12 47 36
47 61 36
61 75 36
F37
1024
50 64 37
64 63 37
63 77 37
77 76 37
F38
1024
87 84 38
84 83 38
83 82 38
82 89 38
F39
1024
97 76 39
76 77 39
77 63 39
63 49 39
49 48 39
48 16 39
16 14 39
F40
1024
88 83 40
83 69 40
69 55 40
55 54 40
54 53 40
