F1
256
43 38 1
38 40 1
40 36 1
36 32 1
32 29 1
29 27 1
27 26 1
F2
256
72 20 2
20 17 2
17 14 2
14 11 2
11 8 2
8 9 2
9 6 2
F3
256
51 50 3
50 49 3
49 63 3
63 64 3
F4
256
23 20 4
20 17 4
17 14 4
14 11 4
11 12 4
12 16 4
F5
256
66 80 5
80 81 5
81 82 5
82 68 5
F6
256
58 19 6
19 15 6
15 13 6
13 11 6
11 8 6
8 10 6
10 7 6
F7
256
86 87 7
87 88 7
88 83 7
83 82 7
82 81 7
81 80 7
80 79 7
79 92 7
F8
256
43 38 8
38 40 8
40 36 8
36 32 8
32 29 8
29 27 8
27 26 8
F9
256
57 56 9
56 55 9
55 35 9
35 36 9
36 32 9
32 29 9
29 30 9
F10
256
84 83 10
83 82 10
82 81 10
81 90 10
F11
256
4 9 11
9 8 11
8 11 11
11 12 11
12 47 11
47 46 11
F12
256
27 29 12
29 32 12
32 36 12
36 35 12
35 55 12
F13
256
59 39 13
39 40 13
40 36 13
36 37 13
37 33 13
33 98 13
F14
256
3 6 14
6 9 14
9 13 14
13 11 14
11 14 14
14 16 14
16 48 14
48 62 14
F15
512
51 50 15
50 49 15
49 63 15
63 64 15
F16
512
85 84 16
84 83 16
83 82 16
82 81 16
81 80 16
80 91 16
F17
512
54 68 17
68 82 17
82 81 17
81 80 17
80 79 17
F18
512
58 19 18
19 15 18
15 13 18
13 11 18
11 8 18
8 10 18
10 7 18
F19
512
66 80 19
80 81 19
81 82 19
82 68 19
F20
512
84 83 20
83 82 20
82 81 20
81 90 20
F21
512
96 95 21
95 76 21
75 77 21
77 63 21
63 49 21
49 18 21
18 17 21
17 20 21
F22
512
3 6 22
6 9 22
9 13 22
13 11 22
11 14 22
14 16 22
16 48 22
48 62 22
F23
512
44 19 23
19 15 23
15 14 23
14 11 23
11 12 23
12 47 23
47 48 23
48 49 23
F24
512
27 29 24
29 32 24
32 36 24
36 35 24
35 55 24
F25
512
58 19 25
19 15 25
15 13 25
13 11 25
11 8 25
8 10 25
10 7 25
F26
512
54 68 26
68 82 26
82 81 26
81 80 26
80 79 26
F27
512
43 38 27
38 40 27
40 36 27
36 32 27
32 29 27
29 27 27
27 26 27
F28
512
43 38 28
38 40 28
40 36 28
36 32 28
32 29 28
29 27 28
27 26 28
F29
512
58 19 29
19 15 29
15 13 29
13 11 29
11 8 29
8 10 29
10 7 29
F30
1024
22 50 30
50 49 30
49 63 30
63 62 30
62 61 30
F31
1024
22 50 31
50 49 31
49 63 31
63 62 31
62 61 31
F32
1024
72 20 32
20 17 32
17 14 32
14 11 32
11 8 32
8 9 32
9 6 32
F33
1024
44 19 33
19 15 33
15 14 33
14 11 33
11 12 33
12 47 33
47 48 33
48 49 33
F34
1024
70 69 34
69 68 34
68 82 34
82 81 34
F35
1024
56 55 35
55 54 35
54 68 35
68 82 35
82 81 35
81 67 35
F36
1024
95 76 36
76 77 36
77 63 36
63 49 36
49 50 36
50 22 36
22 18 36
F37
1024
85 84 37
84 83 37
83 82 37
82 81 37
81 80 37
80 91 37
F38
1024
96 95 38
95 76 38
75 77 38
77 63 38
63 49 38
49 18 38
18 17 38
17 20 38
F39
1024
69 68 39
68 82 39
82 81 39
81 80 39
F40
1024
57 56 40
56 55 40
55 35 40
35 36 40
36 32 40
32 29 40
29 30 40
