F1
256
19 15 1
15 13 1
13 11 1
11 12 1
12 10 1
F2
256
96 95 2
95 76 2
75 77 2
77 63 2
63 49 2
49 18 2
18 17 2
17 20 2
F3
256
57 56 3
56 55 3
55 35 3
35 36 3
36 32 3
32 29 3
29 30 3
F4
256
57 56 4
56 55 4
55 35 4
35 36 4
36 32 4
32 29 4
29 30 4
F5
256
70 69 5
69 68 5
68 82 5
82 81 5
F6
256
85 84 6
84 83 6
83 82 6
82 81 6
81 80 6
80 91 6
F7
256
44 19 7
19 15 7
15 14 7
14 11 7
11 12 7
12 47 7
47 48 7
48 49 7
F8
256
97 76 8
76 77 8
77 63 8
63 49 8
49 48 8
48 16 8
16 14 8
F9
256
96 95 9
95 76 9
75 77 9
77 63 9
63 49 9
49 18 9
18 17 9
17 20 9
F10
256
71 56 10
56 38 10
38 40 10
40 36 10
36 32 10
32 34 10
34 31 10
31 28 10
F11
256
95 76 11
76 77 11
77 63 11
63 49 11
49 50 11
50 22 11
22 18 11
F12
256
96 95 12
95 76 12
75 77 12
77 63 12
63 49 12
49 18 12
18 17 12
17 20 12
F13
256
72 20 13
20 17 13
17 14 13
14 11 13
11 8 13
8 9 13
9 6 13
F14
512
84 83 14
83 82 14
82 81 14
81 90 14
F15
512
74 75 15
75 76 15
76 77 15
77 63 15
63 64 15
64 78 15
78 77 15
77 94 15
F16
512
97 76 16
76 77 16
77 63 16
63 49 16
49 48 16
48 16 16
16 14 16
F17
512
17 18 17
18 49 17
49 63 17
63 77 17
F18
512
21 19 18
19 17 18
17 14 18
14 11 18
11 8 18
8 5 18
F19
512
52 51 19
51 50 19
50 49 19
49 63 19
63 64 19
64 65 19
F20
512
87 84 20
84 83 20
83 82 20
82 89 20
F21
512
2 15 21
15 14 21
14 11 21
11 12 21
12 47 21
47 61 21
61 75 21
F22
512
22 50 22
50 49 22
49 63 22
63 62 22
62 61 22
F23
1024
57 56 23
56 55 23
55 35 23
35 36 23
36 32 23
32 29 23
29 30 23
F24
1024
42 41 24
41 40 24
40 36 24
36 37 24
37 73 24
73 98 24
98 100 24
F25
1024
56 55 25
55 54 25
54 68 25
68 82 25
82 81 25
81 67 25
F26
1024
74 75 26
75 76 26
76 77 26
77 63 26
63 64 26
64 78 26
78 77 26
77 94 26
F27
1024
95 76 27
76 77 27
77 63 27
63 49 27
49 50 27
50 22 27
22 18 27
F28
1024
52 51 28
51 50 28
50 49 28
49 63 28
63 64 28
64 65 28
F29
1024
88 83 29
83 69 29
69 55 29
55 54 29
54 53 29
F30
1024
85 84 30
84 83 30
83 82 30
82 81 30
81 80 30
80 91 30
F31
1024
88 83 31
83 69 31
69 55 31
55 54 31
54 53 31
F32
1024
23 20 32
20 17 32
17 14 32
14 11 32
11 12 32
12 16 32
F33
1024
57 56 33
56 55 33
55 35 33
35 36 33
36 32 33
32 29 33
29 30 33
F34
1024
1 13 34
13 11 34
11 12 34
12 47 34
47 61 34
61 60 34
F35
1024
22 50 35
50 49 35
49 63 35
63 62 35
62 61 35
F36
1024
44 19 36
19 15 36
15 14 36
14 11 36
11 12 36
12 47 36
47 48 36
48 49 36
F37
1024
45 42 37
42 39 37
39 40 37
40 36 37
36 37 37
37 33 37
33 98 37
F38
1024
93 78 38
78 64 38
64 63 38
63 49 38
49 18 38
18 16 38
16 12 38
F39
1024
2 15 39
15 14 39
14 11 39
11 12 39
12 47 39
47 61 39
61 75 39
F40
1024
2 15 40
15 14 40
14 11 40
11 12 40
12 47 40
47 61 40
61 75 40
