F1
256
96 95 1
95 76 1
75 77 1
77 63 1
63 49 1
49 18 1
18 17 1
17 20 1
F2
256
54 68 2
68 82 2
82 81 2
81 80 2
80 79 2
F3
256
58 19 3
19 15 3
15 13 3
13 11 3
11 8 3
8 10 3
10 7 3
F4
256
2 15 4
15 14 4
14 11 4
11 12 4
12 47 4
47 61 4
61 75 4
F5
256
93 78 5
78 64 5
64 63 5
63 49 5
49 18 5
18 16 5
16 12 5
F6
256
57 56 6
56 55 6
55 35 6
35 36 6
36 32 6
32 29 6
29 30 6
F7
256
87 84 7
84 83 7
83 82 7
82 89 7
F8
256
66 80 8
80 81 8
81 82 8
82 68 8
F9
256
43 38 9
38 40 9
40 36 9
36 32 9
32 29 9
29 27 9
27 26 9
F10
256
23 20 10
20 17 10
17 14 10
14 11 10
11 12 10
12 16 10
F11
256
96 95 11
95 76 11
75 77 11
77 63 11
63 49 11
49 18 11
18 17 11
17 20 11
F12
256
95 76 12
76 77 12
77 63 12
63 49 12
49 50 12
50 22 12
22 18 12
F13
256
51 50 13
50 49 13
49 63 13
63 64 13
F14
256
58 19 14
19 15 14
15 13 14
13 11 14
11 8 14
8 10 14
10 7 14
F15
256
2 15 15
15 14 15
14 11 15
11 12 15
12 47 15
47 61 15
61 75 15
F16
256
54 68 16
68 82 16
82 81 16
81 80 16
80 79 16
F17
256
43 38 17
38 40 17
40 36 17
36 32 17
32 29 17
29 27 17
27 26 17
F18
512
51 50 18
50 49 18
49 63 18
63 64 18
F19
512
56 55 19
55 54 19
54 68 19
68 82 19
82 81 19
81 67 19
F20
512
41 40 20
40 36 20
36 37 20
37 73 20
F21
512
56 55 21
55 54 21
54 68 21
68 82 21
82 81 21
81 67 21
F22
512
70 69 22
69 68 22
68 82 22
82 81 22
F23
512
95 76 23
76 77 23
77 63 23
63 49 23
49 50 23
50 22 23
22 18 23
F24
512
4 9 24
9 8 24
8 11 24
11 12 24
12 47 24
47 46 24
F25
512
50 64 25
64 63 25
63 77 25
77 76 25
F26
512
57 56 26
56 55 26
55 35 26
35 36 26
36 32 26
32 29 26
29 30 26
F27
512
59 39 27
39 40 27
40 36 27
36 37 27
37 33 27
33 98 27
F28
512
2 15 28
15 14 28
14 11 28
11 12 28
12 47 28
47 61 28
61 75 28
F29
512
96 95 29
95 76 29
75 77 29
77 63 29
63 49 29
49 18 29
18 17 29
17 20 29
F30
512
71 56 30
56 38 30
38 40 30
40 36 30
36 32 30
32 34 30
34 31 30
31 28 30
F31
1024
44 19 31
19 15 31
15 14 31
14 11 31
11 12 31
12 47 31
47 48 31
48 49 31
F32
1024
88 83 32
83 69 32
69 55 32
55 54 32
54 53 32
F33
1024
70 69 33
69 68 33
68 82 33
82 81 33
F34
1024
1 13 34
13 11 34
11 12 34
12 47 34
47 61 34
61 60 34
F35
1024
23 20 35
20 17 35
17 14 35
14 11 35
11 12 35
12 16 35
F36
1024
70 69 36
69 68 36
68 82 36
82 81 36
F37
1024
96 95 37
95 76 37
75 77 37
77 63 37
63 49 37
49 18 37
18 17 37
17 20 37
F38
1024
19 15 38
15 13 38
13 11 38
11 12 38
12 10 38
F39
1024
45 42 39
42 39 39
39 40 39
40 36 39
36 37 39
37 33 39
33 98 39
F40
1024
54 68 40
68 82 40
82 81 40
81 80 40
80 79 40
