F1
256
3 6 1
6 9 1
9 13 1
13 11 1
11 14 1
14 16 1
16 48 1
48 62 1
F2
256
71 56 2
56 38 2
38 40 2
40 36 2
36 32 2
32 34 2
34 31 2
31 28 2
F3
256
70 69 3
69 68 3
68 82 3
82 81 3
F4
256
22 50 4
50 49 4
49 63 4
63 62 4
62 61 4
F5
256
57 56 5
56 55 5
55 35 5
35 36 5
36 32 5
32 29 5
29 30 5
F6
256
42 41 6
41 40 6
40 36 6
36 37 6
37 73 6
73 98 6
98 100 6
F7
256
86 87 7
87 88 7
88 83 7
83 82 7
82 81 7
81 80 7
80 79 7
79 92 7
F8
256
45 42 8
42 39 8
39 40 8
40 36 8
36 37 8
37 33 8
33 98 8
F9
256
23 20 9
20 17 9
17 14 9
14 11 9
11 12 9
12 16 9
F10
256
59 39 10
39 40 10
40 36 10
36 37 10
37 33 10
33 98 10
F11
256
17 18 11
18 49 11
49 63 11
63 77 11
F12
256
50 64 12
64 63 12
63 77 12
77 76 12
F13
256
50 64 13
64 63 13
63 77 13
77 76 13
F14
256
4 9 14
9 8 14
8 11 14
11 12 14
12 47 14
47 46 14
F15
256
72 20 15
20 17 15
17 14 15
14 11 15
11 8 15
8 9 15
9 6 15
F16
256
3 6 16
6 9 16
9 13 16
13 11 16
11 14 16
14 16 16
16 48 16
48 62 16
F17
512
69 68 17
68 82 17
82 81 17
81 80 17
F18
512
59 39 18
39 40 18
40 36 18
36 37 18
37 33 18
33 98 18
F19
512
57 56 19
56 55 19
55 35 19
35 36 19
36 32 19
32 29 19
29 30 19
F20
512
93 78 20
78 64 20
64 63 20
63 49 20
49 18 20
18 16 20
16 12 20
F21
512
1 13 21
13 11 21
11 12 21
12 47 21
47 61 21
61 60 21
F22
512
84 83 22
83 82 22
82 81 22
81 90 22
F23
512
85 84 23
84 83 23
83 82 23
82 81 23
81 80 23
80 91 23
F24
512
21 19 24
19 17 24
17 14 24
14 11 24
11 8 24
8 5 24
F25
512
42 41 25
41 40 25
40 36 25
36 37 25
37 73 25
73 98 25
98 100 25
F26
512
54 68 26
68 82 26
82 81 26
81 80 26
80 79 26
F27
512
27 29 27
29 32 27
32 36 27
36 35 27
35 55 27
F28
512
56 55 28
55 54 28
54 68 28
68 82 28
82 81 28
81 67 28
F29
1024
51 50 29
50 49 29
49 63 29
63 64 29
F30
1024
54 68 30
68 82 30
82 81 30
81 80 30
80 79 30
F31
1024
86 87 31
87 88 31
88 83 31
83 82 31
82 81 31
81 80 31
80 79 31
79 92 31
F32
1024
97 76 32
76 77 32
77 63 32
63 49 32
49 48 32
48 16 32
16 14 32
F33
1024
85 84 33
84 83 33
83 82 33
82 81 33
81 80 33
80 91 33
F34
1024
21 19 34
19 17 34
17 14 34
14 11 34
11 8 34
8 5 34
F35
1024
86 87 35
87 88 35
88 83 35
83 82 35
82 81 35
81 80 35
80 79 35
79 92 35
F36
1024
2 15 36
15 14 36
14 11 36
11 12 36
12 47 36
47 61 36
61 75 36
F37
1024
9 8 37
8 11 37
11 14 37
14 15 37
F38
1024
88 83 38
83 69 38
69 55 38
55 54 38
54 53 38
F39
1024
51 50 39
50 49 39
49 63 39
63 64 39
F40
1024
51 50 40
50 49 40
49 63 40
63 64 40
