F1
256
43 38 1
38 40 1
40 36 1
36 32 1
32 29 1
29 27 1
27 26 1
F2
256
56 55 2
55 54 2
54 68 2
68 82 2
82 81 2
81 67 2
F3
256
69 68 3
68 82 3
82 81 3
81 80 3
F4
256
96 95 4
95 76 4
75 77 4
77 63 4
63 49 4
49 18 4
18 17 4
17 20 4
F5
256
59 39 5
39 40 5
40 36 5
36 37 5
37 33 5
33 98 5
F6
256
72 20 6
20 17 6
17 14 6
14 11 6
11 8 6
8 9 6
9 6 6
F7
256
96 95 7
95 76 7
75 77 7
77 63 7
63 49 7
49 18 7
18 17 7
17 20 7
F8
256
2 15 8
15 14 8
14 11 8
11 12 8
12 47 8
47 61 8
61 75 8
F9
256
41 40 9
40 36 9
36 37 9
37 73 9
F10
256
83 82 10
82 68 10
68 54 10
54 34 10
F11
256
3 6 11
6 9 11
9 13 11
13 11 11
11 14 11
14 16 11
16 48 11
48 62 11
F12
256
88 83 12
83 69 12
69 55 12
55 54 12
54 53 12
F13
256
50 64 13
64 63 13
63 77 13
77 76 13
F14
256
85 84 14
84 83 14
83 82 14
82 81 14
81 80 14
80 91 14
F15
256
70 69 15
69 68 15
68 82 15
82 81 15
F16
256
74 75 16
75 76 16
76 77 16
77 63 16
63 64 16
64 78 16
78 77 16
77 94 16
F17
256
22 50 17
50 49 17
49 63 17
63 62 17
62 61 17
F18
256
72 20 18
20 17 18
17 14 18
14 11 18
11 8 18
8 9 18
9 6 18
F19
256
66 80 19
80 81 19
81 82 19
82 68 19
F20
512
43 38 20
38 40 20
40 36 20
36 32 20
32 29 20
29 27 20
27 26 20
F21
512
17 18 21
18 49 21
49 63 21
63 77 21
F22
512
59 39 22
39 40 22
40 36 22
36 37 22
37 33 22
33 98 22
F23
512
2 15 23
15 14 23
14 11 23
11 12 23
12 47 23
47 61 23
61 75 23
F24
512
66 80 24
80 81 24
81 82 24
82 68 24
F25
512
74 75 25
75 76 25
76 77 25
77 63 25
63 64 25
64 78 25
78 77 25
77 94 25
F26
512
19 15 26
15 13 26
13 11 26
11 12 26
12 10 26
F27
512
41 40 27
40 36 27
36 37 27
37 73 27
F28
512
72 20 28
20 17 28
17 14 28
14 11 28
11 8 28
8 9 28
9 6 28
F29
1024
86 87 29
87 88 29
88 83 29
83 82 29
82 81 29
81 80 29
80 79 29
79 92 29
F30
1024
87 84 30
84 83 30
83 82 30
82 89 30
F31
1024
70 69 31
69 68 31
68 82 31
82 81 31
F32
1024
86 87 32
87 88 32
88 83 32
83 82 32
82 81 32
81 80 32
80 79 32
79 92 32
F33
1024
96 95 33
95 76 33
75 77 33
77 63 33
63 49 33
49 18 33
18 17 33
17 20 33
F34
1024
42 41 34
41 40 34
40 36 34
36 37 34
37 73 34
73 98 34
98 100 34
F35
1024
96 95 35
95 76 35
75 77 35
77 63 35
63 49 35
49 18 35
18 17 35
17 20 35
F36
1024
52 51 36
51 50 36
50 49 36
49 63 36
63 64 36
64 65 36
F37
1024
43 38 37
38 40 37
40 36 37
36 32 37
32 29 37
29 27 37
27 26 37
F38
1024
85 84 38
84 83 38
83 82 38
82 81 38
81 80 38
80 91 38
F39
1024
51 50 39
50 49 39
49 63 39
63 64 39
F40
1024
58 19 40
19 15 40
15 13 40
13 11 40
11 8 40
8 10 40
10 7 40
