F1
256
19 15 1
15 13 1
13 11 1
11 12 1
12 10 1
F2
256
4 9 2
9 8 2
8 11 2
11 12 2
12 47 2
47 46 2
F3
256
72 20 3
20 17 3
17 14 3
14 11 3
11 8 3
8 9 3
9 6 3
F4
256
58 19 4
19 15 4
15 13 4
13 11 4
11 8 4
8 10 4
10 7 4
F5
256
17 18 5
18 49 5
49 63 5
63 77 5
F6
256
93 78 6
78 64 6
64 63 6
63 49 6
49 18 6
18 16 6
16 12 6
F7
256
97 76 7
76 77 7
77 63 7
63 49 7
49 48 7
48 16 7
16 14 7
F8
512
1 13 8
13 11 8
11 12 8
12 47 8
47 61 8
61 60 8
F9
512
56 55 9
55 54 9
54 68 9
68 82 9
82 81 9
81 67 9
F10
512
58 19 10
19 15 10
15 13 10
13 11 10
11 8 10
8 10 10
10 7 10
F11
512
27 29 11
29 32 11
32 36 11
36 35 11
35 55 11
F12
512
4 9 12
9 8 12
8 11 12
11 12 12
12 47 12
47 46 12
F13
512
66 80 13
80 81 13
81 82 13
82 68 13
F14
512
93 78 14
78 64 14
64 63 14
63 49 14
49 18 14
18 16 14
16 12 14
F15
512
95 76 15
76 77 15
77 63 15
63 49 15
49 50 15
50 22 15
22 18 15
F16
512
96 95 16
95 76 16
75 77 16
77 63 16
63 49 16
49 18 16
18 17 16
17 20 16
F17
512
43 38 17
38 40 17
40 36 17
36 32 17
32 29 17
29 27 17
27 26 17
F18
512
71 56 18
56 38 18
38 40 18
40 36 18
36 32 18
32 34 18
34 31 18
31 28 18
F19
512
59 39 19
39 40 19
40 36 19
36 37 19
37 33 19
33 98 19
F20
512
58 19 20
19 15 20
15 13 20
13 11 20
11 8 20
8 10 20
10 7 20
F21
512
70 69 21
69 68 21
68 82 21
82 81 21
F22
1024
72 20 22
20 17 22
17 14 22
14 11 22
11 8 22
8 9 22
9 6 22
F23
1024
58 19 23
19 15 23
15 13 23
13 11 23
11 8 23
8 10 23
10 7 23
F24
1024
85 84 24
84 83 24
83 82 24
82 81 24
81 80 24
80 91 24
F25
1024
27 29 25
29 32 25
32 36 25
36 35 25
35 55 25
F26
1024
43 38 26
38 40 26
40 36 26
36 32 26
32 29 26
29 27 26
27 26 26
F27
1024
58 19 27
19 15 27
15 13 27
13 11 27
11 8 27
8 10 27
10 7 27
F28
1024
44 19 28
19 15 28
15 14 28
14 11 28
11 12 28
12 47 28
47 48 28
48 49 28
F29
1024
43 38 29
38 40 29
40 36 29
36 32 29
32 29 29
29 27 29
27 26 29
F30
1024
54 68 30
68 82 30
82 81 30
81 80 30
80 79 30
F31
1024
74 75 31
75 76 31
76 77 31
77 63 31
63 64 31
64 78 31
78 77 31
77 94 31
F32
1024
74 75 32
75 76 32
76 77 32
77 63 32
63 64 32
64 78 32
78 77 32
77 94 32
F33
1024
72 20 33
20 17 33
17 14 33
14 11 33
11 8 33
8 9 33
9 6 33
F34
1024
27 29 34
29 32 34
32 36 34
36 35 34
35 55 34
F35
1024
87 84 35
84 83 35
83 82 35
82 89 35
F36
1024
66 80 36
80 81 36
81 82 36
82 68 36
F37
1024
72 20 37
20 17 37
17 14 37
14 11 37
11 8 37
8 9 37
9 6 37
F38
1024
9 8 38
8 11 38
11 14 38
14 15 38
F39
1024
83 82 39
82 68 39
68 54 39
54 34 39
F40
1024
70 69 40
69 68 40
68 82 40
82 81 40
