F1
256
50 64 1
64 63 1
63 77 1
77 76 1
F2
256
95 76 2
76 77 2
77 63 2
63 49 2
49 50 2
50 22 2
22 18 2
F3
256
83 82 3
82 68 3
68 54 3
54 34 3
F4
256
85 84 4
84 83 4
83 82 4
82 81 4
81 80 4
80 91 4
F5
256
19 15 5
15 13 5
13 11 5
11 12 5
12 10 5
F6
256
87 84 6
84 83 6
83 82 6
82 89 6
F7
256
45 42 7
42 39 7
39 40 7
40 36 7
36 37 7
37 33 7
33 98 7
F8
256
44 19 8
19 15 8
15 14 8
14 11 8
11 12 8
12 47 8
47 48 8
48 49 8
F9
256
54 68 9
68 82 9
82 81 9
81 80 9
80 79 9
F10
256
96 95 10
95 76 10
75 77 10
77 63 10
63 49 10
49 18 10
18 17 10
17 20 10
F11
256
42 41 11
41 40 11
40 36 11
36 37 11
37 73 11
73 98 11
98 100 11
F12
256
88 83 12
83 69 12
69 55 12
55 54 12
54 53 12
F13
256
66 80 13
80 81 13
81 82 13
82 68 13
F14
256
51 50 14
50 49 14
49 63 14
63 64 14
F15
256
85 84 15
84 83 15
83 82 15
82 81 15
81 80 15
80 91 15
F16
256
58 19 16
19 15 16
15 13 16
13 11 16
11 8 16
8 10 16
10 7 16
F17
512
41 40 17
40 36 17
36 37 17
37 73 17
F18
512
2 15 18
15 14 18
14 11 18
11 12 18
12 47 18
47 61 18
61 75 18
F19
512
2 15 19
15 14 19
14 11 19
11 12 19
12 47 19
47 61 19
61 75 19
F20
512
97 76 20
76 77 20
77 63 20
63 49 20
49 48 20
48 16 20
16 14 20
F21
512
74 75 21
75 76 21
76 77 21
77 63 21
63 64 21
64 78 21
78 77 21
77 94 21
F22
512
3 6 22
6 9 22
9 13 22
13 11 22
11 14 22
14 16 22
16 48 22
48 62 22
F23
512
3 6 23
6 9 23
9 13 23
13 11 23
11 14 23
14 16 23
16 48 23
48 62 23
F24
512
21 19 24
19 17 24
17 14 24
14 11 24
11 8 24
8 5 24
F25
512
43 38 25
38 40 25
40 36 25
36 32 25
32 29 25
29 27 25
27 26 25
F26
512
43 38 26
38 40 26
40 36 26
36 32 26
32 29 26
29 27 26
27 26 26
F27
1024
3 6 27
6 9 27
9 13 27
13 11 27
11 14 27
14 16 27
16 48 27
48 62 27
F28
1024
56 55 28
55 54 28
54 68 28
68 82 28
82 81 28
81 67 28
F29
1024
87 84 29
84 83 29
83 82 29
82 89 29
F30
1024
43 38 30
38 40 30
40 36 30
36 32 30
32 29 30
29 27 30
27 26 30
F31
1024
97 76 31
76 77 31
77 63 31
63 49 31
49 48 31
48 16 31
16 14 31
F32
1024
58 19 32
19 15 32
15 13 32
13 11 32
11 8 32
8 10 32
10 7 32
F33
1024
71 56 33
56 38 33
38 40 33
40 36 33
36 32 33
32 34 33
34 31 33
31 28 33
F34
1024
17 18 34
18 49 34
49 63 34
63 77 34
F35
1024
58 19 35
19 15 35
15 13 35
13 11 35
11 8 35
8 10 35
10 7 35
F36
1024
95 76 36
76 77 36
77 63 36
63 49 36
49 50 36
50 22 36
22 18 36
F37
1024
96 95 37
95 76 37
75 77 37
77 63 37
63 49 37
49 18 37
18 17 37
17 20 37
F38
1024
4 9 38
9 8 38
8 11 38
11 12 38
12 47 38
47 46 38
F39
1024
23 20 39
20 17 39
17 14 39
14 11 39
11 12 39
12 16 39
F40
1024
22 50 40
50 49 40
49 63 40
63 62 40
62 61 40
