F1
256
96 95 1
95 76 1
75 77 1
77 63 1
63 49 1
49 18 1
18 17 1
17 20 1
F2
256
52 51 2
51 50 2
50 49 2
49 63 2
63 64 2
64 65 2
F3
256
51 50 3
50 49 3
49 63 3
63 64 3
F4
256
44 19 4
19 15 4
15 14 4
14 11 4
11 12 4
12 47 4
47 48 4
48 49 4
F5
256
1 13 5
13 11 5
11 12 5
12 47 5
47 61 5
61 60 5
F6
256
43 38 6
38 40 6
40 36 6
36 32 6
32 29 6
29 27 6
27 26 6
F7
256
44 19 7
19 15 7
15 14 7
14 11 7
11 12 7
12 47 7
47 48 7
48 49 7
F8
256
45 42 8
42 39 8
39 40 8
40 36 8
36 37 8
37 33 8
33 98 8
F9
256
9 8 9
8 11 9
11 14 9
14 15 9
F10
256
3 6 10
6 9 10
9 13 10
13 11 10
11 14 10
14 16 10
16 48 10
48 62 10
F11
256
2 15 11
15 14 11
14 11 11
11 12 11
12 47 11
47 61 11
61 75 11
F12
256
2 15 12
15 14 12
14 11 12
11 12 12
12 47 12
47 61 12
61 75 12
F13
256
23 20 13
20 17 13
17 14 13
14 11 13
11 12 13
12 16 13
F14
512
59 39 14
39 40 14
40 36 14
36 37 14
37 33 14
33 98 14
F15
512
3 6 15
6 9 15
9 13 15
13 11 15
11 14 15
14 16 15
16 48 15
48 62 15
F16
512
51 50 16
50 49 16
49 63 16
63 64 16
F17
512
70 69 17
69 68 17
68 82 17
82 81 17
F18
512
23 20 18
20 17 18
17 14 18
14 11 18
11 12 18
12 16 18
F19
512
19 15 19
15 13 19
13 11 19
11 12 19
12 10 19
F20
512
96 95 20
95 76 20
75 77 20
77 63 20
63 49 20
49 18 20
18 17 20
17 20 20
F21
512
59 39 21
39 40 21
40 36 21
36 37 21
37 33 21
33 98 21
F22
512
23 20 22
20 17 22
17 14 22
14 11 22
11 12 22
12 16 22
F23
512
27 29 23
29 32 23
32 36 23
36 35 23
35 55 23
F24
512
51 50 24
50 49 24
49 63 24
63 64 24
F25
512
45 42 25
42 39 25
39 40 25
40 36 25
36 37 25
37 33 25
33 98 25
F26
512
84 83 26
83 82 26
82 81 26
81 90 26
F27
512
45 42 27
42 39 27
39 40 27
40 36 27
36 37 27
37 33 27
33 98 27
F28
1024
45 42 28
42 39 28
39 40 28
40 36 28
36 37 28
37 33 28
33 98 28
F29
1024
51 50 29
50 49 29
49 63 29
63 64 29
F30
1024
86 87 30
87 88 30
88 83 30
83 82 30
82 81 30
81 80 30
80 79 30
79 92 30
F31
1024
88 83 31
83 69 31
69 55 31
55 54 31
54 53 31
F32
1024
72 20 32
20 17 32
17 14 32
14 11 32
11 8 32
8 9 32
9 6 32
F33
1024
3 6 33
6 9 33
9 13 33
13 11 33
11 14 33
14 16 33
16 48 33
48 62 33
F34
1024
41 40 34
40 36 34
36 37 34
37 73 34
F35
1024
85 84 35
84 83 35
83 82 35
82 81 35
81 80 35
80 91 35
F36
1024
9 8 36
8 11 36
11 14 36
14 15 36
F37
1024
72 20 37
20 17 37
17 14 37
14 11 37
11 8 37
8 9 37
9 6 37
F38
1024
23 20 38
20 17 38
17 14 38
14 11 38
11 12 38
12 16 38
F39
1024
2 15 39
15 14 39
14 11 39
11 12 39
12 47 39
47 61 39
61 75 39
F40
1024
86 87 40
87 88 40
88 83 40
83 82 40
82 81 40
81 80 40
80 79 40
79 92 40
