F1
256
95 76 1
76 77 1
77 63 1
63 49 1
49 50 1
50 22 1
22 18 1
F2
256
70 69 2
69 68 2
68 82 2
82 81 2
F3
256
88 83 3
83 69 3
69 55 3
55 54 3
54 53 3
F4
256
9 8 4
8 11 4
11 14 4
14 15 4
F5
256
9 8 5
8 11 5
11 14 5
14 15 5
F6
256
71 56 6
56 38 6
38 40 6
40 36 6
36 32 6
32 34 6
34 31 6
31 28 6
F7
256
74 75 7
75 76 7
76 77 7
77 63 7
63 64 7
64 78 7
78 77 7
77 94 7
F8
256
50 64 8
64 63 8
63 77 8
77 76 8
F9
256
9 8 9
8 11 9
11 14 9
14 15 9
F10
256
87 84 10
84 83 10
83 82 10
82 89 10
F11
256
19 15 11
15 13 11
13 11 11
11 12 11
12 10 11
F12
256
17 18 12
18 49 12
49 63 12
63 77 12
F13
512
9 8 13
8 11 13
11 14 13
14 15 13
F14
512
58 19 14
19 15 14
15 13 14
13 11 14
11 8 14
8 10 14
10 7 14
F15
512
95 76 15
76 77 15
77 63 15
63 49 15
49 50 15
50 22 15
22 18 15
F16
512
74 75 16
75 76 16
76 77 16
77 63 16
63 64 16
64 78 16
78 77 16
77 94 16
F17
512
84 83 17
83 82 17
82 81 17
81 90 17
F18
512
2 15 18
15 14 18
14 11 18
11 12 18
12 47 18
47 61 18
61 75 18
F19
512
22 50 19
50 49 19
49 63 19
63 62 19
62 61 19
F20
512
9 8 20
8 11 20
11 14 20
14 15 20
F21
512
41 40 21
40 36 21
36 37 21
37 73 21
F22
512
21 19 22
19 17 22
17 14 22
14 11 22
11 8 22
8 5 22
F23
512
52 51 23
51 50 23
50 49 23
49 63 23
63 64 23
64 65 23
F24
512
97 76 24
76 77 24
77 63 24
63 49 24
49 48 24
48 16 24
16 14 24
F25
512
72 20 25
20 17 25
17 14 25
14 11 25
11 8 25
8 9 25
9 6 25
F26
1024
96 95 26
95 76 26
75 77 26
77 63 26
63 49 26
49 18 26
18 17 26
17 20 26
F27
1024
19 15 27
15 13 27
13 11 27
11 12 27
12 10 27
F28
1024
50 64 28
64 63 28
63 77 28
77 76 28
F29
1024
71 56 29
56 38 29
38 40 29
40 36 29
36 32 29
32 34 29
34 31 29
31 28 29
F30
1024
71 56 30
56 38 30
38 40 30
40 36 30
36 32 30
32 34 30
34 31 30
31 28 30
F31
1024
2 15 31
15 14 31
14 11 31
11 12 31
12 47 31
47 61 31
61 75 31
F32
1024
2 15 32
15 14 32
14 11 32
11 12 32
12 47 32
47 61 32
61 75 32
F33
1024
71 56 33
56 38 33
38 40 33
40 36 33
36 32 33
32 34 33
34 31 33
31 28 33
F34
1024
74 75 34
75 76 34
76 77 34
77 63 34
63 64 34
64 78 34
78 77 34
77 94 34
F35
1024
59 39 35
39 40 35
40 36 35
36 37 35
37 33 35
33 98 35
F36
1024
52 51 36
51 50 36
50 49 36
49 63 36
63 64 36
64 65 36
F37
1024
41 40 37
40 36 37
36 37 37
37 73 37
F38
1024
58 19 38
19 15 38
15 13 38
13 11 38
11 8 38
8 10 38
10 7 38
F39
1024
23 20 39
20 17 39
17 14 39
14 11 39
11 12 39
12 16 39
F40
1024
85 84 40
84 83 40
83 82 40
82 81 40
81 80 40
80 91 40
