F1
256
52 51 1
51 50 1
50 49 1
49 63 1
63 64 1
64 65 1
F2
256
3 6 2
6 9 2
9 13 2
13 11 2
11 14 2
14 16 2
16 48 2
48 62 2
F3
256
56 55 3
55 54 3
54 68 3
68 82 3
82 81 3
81 67 3
F4
256
9 8 4
8 11 4
11 14 4
14 15 4
F5
256
56 55 5
55 54 5
54 68 5
68 82 5
82 81 5
81 67 5
F6
256
66 80 6
80 81 6
81 82 6
82 68 6
F7
256
95 76 7
76 77 7
77 63 7
63 49 7
49 50 7
50 22 7
22 18 7
F8
256
45 42 8
42 39 8
39 40 8
40 36 8
36 37 8
37 33 8
33 98 8
F9
256
44 19 9
19 15 9
15 14 9
14 11 9
11 12 9
12 47 9
47 48 9
48 49 9
F10
256
97 76 10
76 77 10
77 63 10
63 49 10
49 48 10
48 16 10
16 14 10
F11
256
41 40 11
40 36 11
36 37 11
37 73 11
F12
256
83 82 12
82 68 12
68 54 12
54 34 12
F13
256
42 41 13
41 40 13
40 36 13
36 37 13
37 73 13
73 98 13
98 100 13
F14
256
95 76 14
76 77 14
77 63 14
63 49 14
49 50 14
50 22 14
22 18 14
F15
256
84 83 15
83 82 15
82 81 15
81 90 15
F16
256
57 56 16
56 55 16
55 35 16
35 36 16
36 32 16
32 29 16
29 30 16
F17
256
58 19 17
19 15 17
15 13 17
13 11 17
11 8 17
8 10 17
10 7 17
F18
256
70 69 18
69 68 18
68 82 18
82 81 18
F19
512
72 20 19
20 17 19
17 14 19
14 11 19
11 8 19
8 9 19
9 6 19
F20
512
86 87 20
87 88 20
88 83 20
83 82 20
82 81 20
81 80 20
80 79 20
79 92 20
F21
512
86 87 21
87 88 21
88 83 21
83 82 21
82 81 21
81 80 21
80 79 21
79 92 21
F22
512
86 87 22
87 88 22
88 83 22
83 82 22
82 81 22
81 80 22
80 79 22
79 92 22
F23
512
27 29 23
29 32 23
32 36 23
36 35 23
35 55 23
F24
512
58 19 24
19 15 24
15 13 24
13 11 24
11 8 24
8 10 24
10 7 24
F25
512
22 50 25
50 49 25
49 63 25
63 62 25
62 61 25
F26
512
59 39 26
39 40 26
40 36 26
36 37 26
37 33 26
33 98 26
F27
512
43 38 27
38 40 27
40 36 27
36 32 27
32 29 27
29 27 27
27 26 27
F28
512
54 68 28
68 82 28
82 81 28
81 80 28
80 79 28
F29
512
95 76 29
76 77 29
77 63 29
63 49 29
49 50 29
50 22 29
22 18 29
F30
512
69 68 30
68 82 30
82 81 30
81 80 30
F31
512
9 8 31
8 11 31
11 14 31
14 15 31
F32
512
50 64 32
64 63 32
63 77 32
77 76 32
F33
512
71 56 33
56 38 33
38 40 33
40 36 33
36 32 33
32 34 33
34 31 33
31 28 33
F34
512
19 15 34
15 13 34
13 11 34
11 12 34
12 10 34
F35
1024
69 68 35
68 82 35
82 81 35
81 80 35
F36
1024
83 82 36
82 68 36
68 54 36
54 34 36
F37
1024
69 68 37
68 82 37
82 81 37
81 80 37
F38
1024
87 84 38
84 83 38
83 82 38
82 89 38
F39
1024
4 9 39
9 8 39
8 11 39
11 12 39
12 47 39
47 46 39
F40
1024
23 20 40
20 17 40
17 14 40
14 11 40
11 12 40
12 16 40
