F1
256
84 83 1
83 82 1
82 81 1
81 90 1
F2
256
52 51 2
51 50 2
50 49 2
49 63 2
63 64 2
64 65 2
F3
256
21 19 3
19 17 3
17 14 3
14 11 3
11 8 3
8 5 3
F4
256
56 55 4
55 54 4
54 68 4
68 82 4
82 81 4
81 67 4
F5
256
56 55 5
55 54 5
54 68 5
68 82 5
82 81 5
81 67 5
F6
256
58 19 6
19 15 6
15 13 6
13 11 6
11 8 6
8 10 6
10 7 6
F7
256
50 64 7
64 63 7
63 77 7
77 76 7
F8
256
84 83 8
83 82 8
82 81 8
81 90 8
F9
256
45 42 9
42 39 9
39 40 9
40 36 9
36 37 9
37 33 9
33 98 9
F10
256
57 56 10
56 55 10
55 35 10
35 36 10
36 32 10
32 29 10
29 30 10
F11
256
56 55 11
55 54 11
54 68 11
68 82 11
82 81 11
81 67 11
F12
256
50 64 12
64 63 12
63 77 12
77 76 12
F13
256
66 80 13
80 81 13
81 82 13
82 68 13
F14
256
59 39 14
39 40 14
40 36 14
36 37 14
37 33 14
33 98 14
F15
256
56 55 15
55 54 15
54 68 15
68 82 15
82 81 15
81 67 15
F16
256
66 80 16
80 81 16
81 82 16
82 68 16
F17
256
22 50 17
50 49 17
49 63 17
63 62 17
62 61 17
F18
512
19 15 18
15 13 18
13 11 18
11 12 18
12 10 18
F19
512
2 15 19
15 14 19
14 11 19
11 12 19
12 47 19
47 61 19
61 75 19
F20
512
21 19 20
19 17 20
17 14 20
14 11 20
11 8 20
8 5 20
F21
512
45 42 21
42 39 21
39 40 21
40 36 21
36 37 21
37 33 21
33 98 21
F22
512
93 78 22
78 64 22
64 63 22
63 49 22
49 18 22
18 16 22
16 12 22
F23
512
21 19 23
19 17 23
17 14 23
14 11 23
11 8 23
8 5 23
F24
512
1 13 24
13 11 24
11 12 24
12 47 24
47 61 24
61 60 24
F25
512
95 76 25
76 77 25
77 63 25
63 49 25
49 50 25
50 22 25
22 18 25
F26
512
54 68 26
68 82 26
82 81 26
81 80 26
80 79 26
F27
512
97 76 27
76 77 27
77 63 27
63 49 27
49 48 27
48 16 27
16 14 27
F28
512
57 56 28
56 55 28
55 35 28
35 36 28
36 32 28
32 29 28
29 30 28
F29
512
70 69 29
69 68 29
68 82 29
82 81 29
F30
512
57 56 30
56 55 30
55 35 30
35 36 30
36 32 30
32 29 30
29 30 30
F31
1024
74 75 31
75 76 31
76 77 31
77 63 31
63 64 31
64 78 31
78 77 31
77 94 31
F32
1024
22 50 32
50 49 32
49 63 32
63 62 32
62 61 32
F33
1024
86 87 33
87 88 33
88 83 33
83 82 33
82 81 33
81 80 33
80 79 33
79 92 33
F34
1024
84 83 34
83 82 34
82 81 34
81 90 34
F35
1024
21 19 35
19 17 35
17 14 35
14 11 35
11 8 35
8 5 35
F36
1024
54 68 36
68 82 36
82 81 36
81 80 36
80 79 36
F37
1024
50 64 37
64 63 37
63 77 37
77 76 37
F38
1024
27 29 38
29 32 38
32 36 38
36 35 38
35 55 38
F39
1024
86 87 39
87 88 39
88 83 39
83 82 39
82 81 39
81 80 39
80 79 39
79 92 39
F40
1024
54 68 40
68 82 40
82 81 40
81 80 40
80 79 40
