F1
256
10 12 1
12 14 1
14 11 1
11 56 1
56 79 1
79 75 1
F2
256
10 12 2
12 14 2
14 11 2
11 56 2
56 79 2
79 75 2
F3
512
92 96 3
96 93 3
93 68 3
68 76 3
76 82 3
82 95 3
F4
512
3 4 4
4 41 4
41 8 4
8 35 4
35 83 4
83 49 4
49 66 4
66 59 4
F5
512
3 4 5
4 41 5
41 8 5
8 35 5
35 83 5
83 49 5
49 66 5
66 59 5
F6
512
94 97 6
97 86 6
86 68 6
68 76 6
76 82 6
82 74 6
F7
512
1 6 7
6 8 7
8 35 7
35 56 7
56 44 7
44 60 7
F8
1024
99 89 8
89 87 8
87 53 8
53 50 8
50 33 8
33 32 8
32 29 8
F9
1024
18 14 9
14 11 9
11 56 9
56 83 9
83 49 9
49 69 9
F10
1024
24 20 10
20 16 10
16 11 10
11 13 10
13 12 10
