F1
256
22 21 1
21 16 1
16 11 1
11 58 1
58 44 1
44 60 1
F2
256
48 34 2
34 33 2
33 50 2
50 53 2
53 73 2
73 51 2
F3
256
84 73 3
73 53 3
53 50 3
50 39 3
39 36 3
F4
512
89 87 4
87 68 4
68 76 4
76 61 4
F5
512
54 31 5
31 41 5
41 8 5
8 35 5
35 56 5
56 58 5
58 16 5
F6
512
27 63 6
63 98 6
98 76 6
76 61 6
61 28 6
F7
512
45 37 7
37 32 7
32 39 7
39 50 7
50 72 7
72 68 7
68 86 7
86 97 7
F8
512
89 87 8
87 68 8
68 76 8
76 61 8
F9
1024
94 97 9
97 86 9
86 68 9
68 76 9
76 82 9
82 74 9
F10
1024
92 96 10
96 93 10
93 68 10
68 76 10
76 82 10
82 95 10
