F1
256
4 41 1
41 55 1
55 35 1
35 13 1
F2
256
2 1 2
1 6 2
6 8 2
8 35 2
35 55 2
55 67 2
67 62 2
62 64 2
F3
256
66 49 3
49 83 3
83 35 3
35 56 3
F4
256
90 85 4
85 100 4
100 76 4
76 61 4
61 28 4
28 25 4
25 30 4
F5
512
48 34 5
34 33 5
33 50 5
50 53 5
53 73 5
73 51 5
F6
512
8 35 6
35 55 6
55 41 6
F7
512
17 14 7
14 11 7
11 56 7
56 79 7
79 88 7
F8
512
26 21 8
21 16 8
16 11 8
11 58 8
58 56 8
56 83 8
F9
1024
46 52 9
52 58 9
58 11 9
11 16 9
16 21 9
21 24 9
24 15 9
F10
1024
94 97 10
97 86 10
86 68 10
68 76 10
76 82 10
82 74 10
