F1
256
100 76 1
76 98 1
98 63 1
F2
256
42 77 2
77 70 2
70 98 2
98 76 2
76 68 2
68 87 2
F3
256
79 56 3
56 35 3
35 55 3
55 67 3
F4
256
18 14 4
14 11 4
11 56 4
56 83 4
83 49 4
49 69 4
F5
256
1 6 5
6 8 5
8 35 5
35 56 5
56 44 5
44 60 5
F6
256
2 1 6
1 6 6
6 8 6
8 35 6
35 55 6
55 67 6
67 62 6
62 64 6
F7
256
22 21 7
21 16 7
16 11 7
11 58 7
58 44 7
44 60 7
F8
512
27 63 8
63 98 8
98 76 8
76 61 8
61 28 8
F9
1024
48 34 9
34 33 9
33 50 9
50 53 9
53 73 9
73 51 9
F10
1024
85 91 10
91 100 10
100 76 10
76 82 10
82 74 10
74 81 10
