F1
256
22 21 1
21 16 1
16 11 1
11 58 1
58 44 1
44 60 1
F2
256
84 73 2
73 53 2
53 50 2
50 39 2
39 36 2
F3
256
10 12 3
12 14 3
14 11 3
11 56 3
56 79 3
79 75 3
F4
512
54 31 4
31 41 4
41 8 4
8 35 4
35 56 4
56 58 4
58 16 4
F5
512
7 9 5
9 13 5
13 11 5
11 58 5
58 52 5
F6
512
89 87 6
87 68 6
68 76 6
76 61 6
F7
512
3 4 7
4 41 7
41 8 7
8 35 7
35 83 7
83 49 7
49 66 7
66 59 7
F8
512
84 73 8
73 53 8
53 50 8
50 39 8
39 36 8
F9
512
37 32 9
32 39 9
39 50 9
50 28 9
28 23 9
23 40 9
F10
1024
37 32 10
32 39 10
39 50 10
50 28 10
28 23 10
23 40 10
