F1
256
94 97 1
97 86 1
86 68 1
68 76 1
76 82 1
82 74 1
F2
256
92 96 2
96 93 2
93 68 2
68 76 2
76 82 2
82 95 2
F3
256
72 50 3
50 53 3
53 73 3
F4
256
46 52 4
52 58 4
58 11 4
11 16 4
16 21 4
21 24 4
24 15 4
F5
512
90 85 5
85 100 5
100 76 5
76 61 5
61 28 5
28 25 5
25 30 5
F6
1024
92 96 6
96 93 6
93 68 6
68 76 6
76 82 6
82 95 6
F7
1024
2 1 7
1 6 7
6 8 7
8 35 7
35 55 7
55 67 7
67 62 7
62 64 7
F8
1024
94 97 8
97 86 8
86 68 8
68 76 8
76 82 8
82 74 8
F9
1024
7 9 9
9 13 9
13 11 9
11 58 9
58 52 9
F10
1024
1 6 10
6 8 10
8 35 10
35 56 10
56 44 10
44 60 10
