F1
256
48 34 1
34 33 1
33 50 1
50 53 1
53 73 1
73 51 1
F2
256
46 52 2
52 58 2
58 11 2
11 16 2
16 21 2
21 24 2
24 15 2
F3
256
18 14 3
14 11 3
11 56 3
56 83 3
83 49 3
49 69 3
F4
256
54 31 4
31 41 4
41 8 4
8 35 4
35 56 4
56 58 4
58 16 4
F5
512
22 21 5
21 16 5
16 11 5
11 58 5
58 44 5
44 60 5
F6
1024
92 96 6
96 93 6
93 68 6
68 76 6
76 82 6
82 95 6
F7
1024
48 34 7
34 33 7
33 50 7
50 53 7
53 73 7
73 51 7
F8
1024
21 16 8
16 11 8
11 14 8
F9
1024
85 91 9
91 100 9
100 76 9
76 82 9
82 74 9
74 81 9
F10
1024
94 97 10
97 86 10
86 68 10
68 76 10
76 82 10
82 74 10
