F1
256
38 47 1
47 53 1
53 50 1
50 72 1
72 68 1
68 93 1
F2
512
18 14 2
14 11 2
11 56 2
56 83 2
83 49 2
49 69 2
F3
512
90 85 3
85 100 3
100 76 3
76 61 3
61 28 3
28 25 3
25 30 3
F4
1024
84 73 4
73 53 4
53 50 4
50 39 4
39 36 4
F5
1024
27 63 5
63 98 5
98 76 5
76 61 5
61 28 5
F6
1024
8 35 6
35 55 6
55 41 6
F7
1024
2 1 7
1 6 7
6 8 7
8 35 7
35 55 7
55 67 7
67 62 7
62 64 7
F8
1024
92 96 8
96 93 8
93 68 8
68 76 8
76 82 8
82 95 8
F9
1024
17 14 9
14 11 9
11 56 9
56 79 9
79 88 9
F10
1024
79 56 10
56 35 10
35 55 10
55 67 10
