F1
256
27 63 1
63 98 1
98 76 1
76 61 1
61 28 1
F2
256
45 37 2
37 32 2
32 39 2
39 50 2
50 72 2
72 68 2
68 86 2
86 97 2
F3
256
85 91 3
91 100 3
100 76 3
76 82 3
82 74 3
74 81 3
F4
256
43 4 4
4 6 4
6 8 4
8 35 4
35 55 4
F5
512
94 97 5
97 86 5
86 68 5
68 76 5
76 82 5
82 74 5
F6
512
20 58 6
58 11 6
11 13 6
13 9 6
F7
512
26 21 7
21 16 7
16 11 7
11 58 7
58 56 7
56 83 7
F8
1024
85 91 8
91 100 8
100 76 8
76 82 8
82 74 8
74 81 8
F9
1024
22 21 9
21 16 9
16 11 9
11 58 9
58 44 9
44 60 9
F10
1024
94 97 10
97 86 10
86 68 10
68 76 10
76 82 10
82 74 10
