F1
256
72 50 1
50 53 1
53 73 1
F2
256
33 50 2
50 57 2
F3
256
90 85 3
85 100 3
100 76 3
76 61 3
61 28 3
28 25 3
25 30 3
F4
256
45 37 4
37 32 4
32 39 4
39 50 4
50 72 4
72 68 4
68 86 4
86 97 4
F5
256
94 97 5
97 86 5
86 68 5
68 76 5
76 82 5
82 74 5
F6
512
2 1 6
1 6 6
6 8 6
8 35 6
35 55 6
55 67 6
67 62 6
62 64 6
F7
512
22 21 7
21 16 7
16 11 7
11 58 7
58 44 7
44 60 7
F8
1024
22 18 8
18 14 8
14 11 8
11 58 8
58 52 8
52 71 8
F9
1024
72 50 9
50 53 9
53 73 9
F10
1024
99 89 10
89 87 10
87 53 10
53 50 10
50 33 10
33 32 10
32 29 10
