F1
256
48 34 1
34 33 1
33 50 1
50 53 1
53 73 1
73 51 1
F2
256
2 1 2
1 6 2
6 8 2
8 35 2
35 55 2
55 67 2
67 62 2
62 64 2
F3
256
92 96 3
96 93 3
93 68 3
68 76 3
76 82 3
82 95 3
F4
512
27 63 4
63 98 4
98 76 4
76 61 4
61 28 4
F5
512
90 85 5
85 100 5
100 76 5
76 61 5
61 28 5
28 25 5
25 30 5
F6
512
21 16 6
16 11 6
11 14 6
F7
512
42 77 7
77 70 7
70 98 7
98 76 7
76 68 7
68 87 7
F8
512
3 4 8
4 41 8
41 8 8
8 35 8
35 83 8
83 49 8
49 66 8
66 59 8
F9
1024
10 12 9
12 14 9
14 11 9
11 56 9
56 79 9
79 75 9
F10
1024
92 96 10
96 93 10
93 68 10
68 76 10
76 82 10
82 95 10
