F1
256
18 14 1
14 11 1
11 56 1
56 83 1
83 49 1
49 69 1
F2
256
72 50 2
50 53 2
53 73 2
F3
256
100 76 3
76 98 3
98 63 3
F4
256
99 89 4
89 87 4
87 53 4
53 50 4
50 33 4
33 32 4
32 29 4
F5
256
27 63 5
63 98 5
98 76 5
76 61 5
61 28 5
F6
512
37 32 6
32 39 6
39 50 6
50 28 6
28 23 6
23 40 6
F7
512
84 73 7
73 53 7
53 50 7
50 39 7
39 36 7
F8
512
99 89 8
89 87 8
87 53 8
53 50 8
50 33 8
33 32 8
32 29 8
F9
1024
99 89 9
89 87 9
87 53 9
53 50 9
50 33 9
33 32 9
32 29 9
F10
1024
84 73 10
73 53 10
53 50 10
50 39 10
39 36 10
