F1
256
47 33 1
33 50 1
50 39 1
F2
256
54 31 2
31 41 2
41 8 2
8 35 2
35 56 2
56 58 2
58 16 2
F3
256
26 21 3
21 16 3
16 11 3
11 58 3
58 56 3
56 83 3
F4
256
2 1 4
1 6 4
6 8 4
8 35 4
35 55 4
55 67 4
67 62 4
62 64 4
F5
512
7 9 5
9 13 5
13 11 5
11 58 5
58 52 5
F6
512
46 52 6
52 58 6
58 11 6
11 16 6
16 21 6
21 24 6
24 15 6
F7
1024
85 91 7
91 100 7
100 76 7
76 82 7
82 74 7
74 81 7
F8
1024
79 56 8
56 35 8
35 55 8
55 67 8
F9
1024
94 97 9
97 86 9
86 68 9
68 76 9
76 82 9
82 74 9
F10
1024
22 21 10
21 16 10
16 11 10
11 58 10
58 44 10
44 60 10
