F1
256
8 35 1
35 55 1
55 41 1
F2
512
3 4 2
4 41 2
41 8 2
8 35 2
35 83 2
83 49 2
49 66 2
66 59 2
F3
512
22 18 3
18 14 3
14 11 3
11 58 3
58 52 3
52 71 3
F4
512
45 37 4
37 32 4
32 39 4
39 50 4
50 72 4
72 68 4
68 86 4
86 97 4
F5
512
85 91 5
91 100 5
100 76 5
76 82 5
82 74 5
74 81 5
F6
512
22 18 6
18 14 6
14 11 6
11 58 6
58 52 6
52 71 6
F7
1024
24 20 7
20 16 7
16 11 7
11 13 7
13 12 7
F8
1024
1 6 8
6 8 8
8 35 8
35 56 8
56 44 8
44 60 8
F9
1024
43 4 9
4 6 9
6 8 9
8 35 9
35 55 9
F10
1024
85 91 10
91 100 10
100 76 10
76 82 10
82 74 10
74 81 10
