F1
256
33 50 1
50 57 1
F2
256
90 85 2
85 100 2
100 76 2
76 61 2
61 28 2
28 25 2
25 30 2
F3
512
46 52 3
52 58 3
58 11 3
11 16 3
16 21 3
21 24 3
24 15 3
F4
512
24 20 4
20 16 4
16 11 4
11 13 4
13 12 4
F5
1024
90 85 5
85 100 5
100 76 5
76 61 5
61 28 5
28 25 5
25 30 5
F6
1024
17 14 6
14 11 6
11 56 6
56 79 6
79 88 6
F7
1024
20 58 7
58 11 7
11 13 7
13 9 7
F8
1024
90 85 8
85 100 8
100 76 8
76 61 8
61 28 8
28 25 8
25 30 8
F9
1024
38 47 9
47 53 9
53 50 9
50 72 9
72 68 9
68 93 9
F10
1024
90 85 10
85 100 10
100 76 10
76 61 10
61 28 10
28 25 10
25 30 10
