F1
128
77 17 1
17 74 1
74 35 1
F2
128
40 29 2
29 74 2
74 39 2
F3
128
14 70 3
70 58 3
58 86 3
86 11 3
11 48 3
F4
128
82 25 4
25 46 4
F5
128
92 16 5
16 35 5
35 74 5
74 22 5
22 67 5
F6
128
30 36 6
36 20 6
20 96 6
96 13 6
F7
256
68 23 7
23 58 7
58 86 7
86 33 7
F8
256
10 42 8
42 91 8
91 29 8
29 74 8
74 39 8
39 94 8
94 83 8
F9
256
8 96 9
96 13 9
13 12 9
12 32 9
F10
256
55 63 10
63 74 10
74 22 10
22 67 10
67 28 10
F11
256
66 86 11
86 58 11
F12
512
60 85 12
85 27 12
27 25 12
25 88 12
88 61 12
F13
512
92 16 13
16 35 13
35 74 13
74 22 13
22 67 13
F14
512
55 63 14
63 74 14
74 22 14
22 67 14
67 28 14
F15
512
38 35 15
35 74 15
74 22 15
22 57 15
F16
1024
8 96 16
96 13 16
13 12 16
12 32 16
F17
1024
95 70 17
70 58 17
58 86 17
86 43 17
F18
1024
4 3 18
3 1 18
1 46 18
46 25 18
25 26 18
26 34 18
F19
1024
37 90 19
90 25 19
25 46 19
46 1 19
F20
1024
66 86 20
86 58 20
