F1
128
7 46 1
46 25 1
25 26 1
26 97 1
F2
128
8 96 2
96 13 2
13 12 2
12 32 2
F3
128
87 61 3
61 90 3
90 25 3
25 69 3
F4
128
77 17 4
17 74 4
74 35 4
F5
128
41 76 5
76 16 5
16 35 5
35 74 5
74 29 5
F6
128
19 82 6
82 25 6
25 88 6
88 6 6
6 2 6
F7
256
60 85 7
85 27 7
27 25 7
25 88 7
88 61 7
F8
256
76 16 8
16 35 8
35 74 8
74 22 8
F9
256
10 42 9
42 91 9
91 29 9
29 74 9
74 39 9
39 94 9
94 83 9
F10
256
51 2 10
2 7 10
7 46 10
46 25 10
25 69 10
69 54 10
F11
256
4 3 11
3 1 11
1 46 11
46 25 11
25 26 11
26 34 11
F12
256
92 16 12
16 35 12
35 74 12
74 22 12
22 67 12
F13
256
52 9 13
9 96 13
96 13 13
13 12 13
F14
256
3 1 14
1 7 14
7 88 14
88 25 14
25 26 14
F15
512
10 42 15
42 91 15
91 29 15
29 74 15
74 39 15
39 94 15
94 83 15
F16
512
81 70 16
70 58 16
58 86 16
86 11 16
F17
512
52 9 17
9 96 17
96 13 17
13 12 17
F18
1024
19 82 18
82 25 18
25 88 18
88 6 18
6 2 18
F19
1024
19 82 19
82 25 19
25 88 19
88 6 19
6 2 19
F20
1024
5 18 20
18 6 20
6 88 20
88 25 20
25 69 20
69 54 20
