F1
128
10 42 1
42 91 1
91 29 1
29 74 1
74 39 1
39 94 1
94 83 1
F2
128
87 61 2
61 90 2
90 25 2
25 69 2
F3
128
17 74 3
74 79 3
F4
128
24 96 4
96 20 4
20 80 4
F5
128
40 29 5
29 74 5
74 39 5
F6
128
95 70 6
70 58 6
58 86 6
86 43 6
F7
128
87 61 7
61 90 7
90 25 7
25 69 7
F8
256
51 2 8
2 7 8
7 46 8
46 25 8
25 69 8
69 54 8
F9
256
95 70 9
70 58 9
58 86 9
86 43 9
F10
256
81 70 10
70 58 10
58 86 10
86 11 10
F11
256
7 46 11
46 25 11
25 26 11
26 97 11
F12
256
3 1 12
1 7 12
7 88 12
88 25 12
25 26 12
F13
512
3 1 13
1 7 13
7 88 13
88 25 13
25 26 13
F14
512
78 71 14
71 86 14
86 43 14
43 72 14
F15
512
76 16 15
16 35 15
35 74 15
74 22 15
F16
512
66 86 16
86 58 16
F17
512
3 1 17
1 7 17
7 88 17
88 25 17
25 26 17
F18
1024
8 96 18
96 13 18
13 12 18
12 32 18
F19
1024
92 16 19
16 35 19
35 74 19
74 22 19
22 67 19
F20
1024
37 90 20
90 25 20
25 46 20
46 1 20
