F1
128
92 16 1
16 35 1
35 74 1
74 22 1
22 67 1
F2
128
55 63 2
63 74 2
74 22 2
22 67 2
67 28 2
F3
128
66 86 3
86 58 3
F4
128
47 76 4
76 16 4
16 35 4
35 74 4
74 22 4
22 94 4
F5
256
14 70 5
70 58 5
58 86 5
86 11 5
11 48 5
F6
256
8 96 6
96 13 6
13 12 6
12 32 6
F7
256
31 52 7
52 66 7
66 86 7
86 71 7
F8
256
92 16 8
16 35 8
35 74 8
74 22 8
22 67 8
F9
256
78 71 9
71 86 9
86 43 9
43 72 9
F10
512
92 16 10
16 35 10
35 74 10
74 22 10
22 67 10
F11
512
31 52 11
52 66 11
66 86 11
86 71 11
F12
512
66 86 12
86 58 12
F13
1024
27 25 13
25 88 13
88 6 13
F14
1024
41 76 14
76 16 14
16 35 14
35 74 14
74 29 14
F15
1024
66 86 15
86 58 15
F16
1024
53 70 16
70 58 16
58 86 16
86 33 16
33 84 16
F17
1024
8 96 17
96 13 17
13 12 17
12 32 17
F18
1024
40 29 18
29 74 18
74 39 18
F19
1024
50 39 19
39 74 19
74 63 19
F20
1024
59 40 20
40 29 20
29 74 20
74 94 20
94 98 20
