F1
128
55 63 1
63 74 1
74 22 1
22 67 1
67 28 1
F2
128
78 71 2
71 86 2
86 43 2
43 72 2
F3
128
31 52 3
52 66 3
66 86 3
86 71 3
F4
256
15 24 4
24 96 4
96 9 4
F5
256
27 25 5
25 88 5
88 6 5
F6
256
60 85 6
85 27 6
27 25 6
25 88 6
88 61 6
F7
256
15 24 7
24 96 7
96 9 7
F8
512
50 39 8
39 74 8
74 63 8
F9
512
3 1 9
1 7 9
7 88 9
88 25 9
25 26 9
F10
512
10 42 10
42 91 10
91 29 10
29 74 10
74 39 10
39 94 10
94 83 10
F11
512
27 25 11
25 88 11
88 6 11
F12
512
31 52 12
52 66 12
66 86 12
86 71 12
F13
512
40 29 13
29 74 13
74 39 13
F14
512
7 46 14
46 25 14
25 26 14
26 97 14
F15
512
8 96 15
96 13 15
13 12 15
12 32 15
F16
1024
60 85 16
85 27 16
27 25 16
25 88 16
88 61 16
F17
1024
60 85 17
85 27 17
27 25 17
25 88 17
88 61 17
F18
1024
17 74 18
74 79 18
F19
1024
41 76 19
76 16 19
16 35 19
35 74 19
74 29 19
F20
1024
88 25 20
25 82 20
82 89 20
