F1
128
59 40 1
40 29 1
29 74 1
74 94 1
94 98 1
F2
128
92 16 2
16 35 2
35 74 2
74 22 2
22 67 2
F3
128
37 90 3
90 25 3
25 46 3
46 1 3
F4
256
82 25 4
25 46 4
F5
256
8 96 5
96 13 5
13 12 5
12 32 5
F6
256
66 86 6
86 58 6
F7
512
51 2 7
2 7 7
7 46 7
46 25 7
25 69 7
69 54 7
F8
512
20 17 8
17 74 8
74 29 8
29 91 8
F9
512
40 29 9
29 74 9
74 39 9
F10
512
78 71 10
71 86 10
86 43 10
43 72 10
F11
512
41 76 11
76 16 11
16 35 11
35 74 11
74 29 11
F12
512
4 3 12
3 1 12
1 46 12
46 25 12
25 26 12
26 34 12
F13
512
37 90 13
90 25 13
25 46 13
46 1 13
F14
1024
15 24 14
24 96 14
96 9 14
F15
1024
95 70 15
70 58 15
58 86 15
86 43 15
F16
1024
27 25 16
25 88 16
88 6 16
F17
1024
92 16 17
16 35 17
35 74 17
74 22 17
22 67 17
F18
1024
24 96 18
96 20 18
20 80 18
F19
1024
15 24 19
24 96 19
96 9 19
F20
1024
100 8 20
8 96 20
96 75 20
