F1
128
82 25 1
25 46 1
F2
128
87 61 2
61 90 2
90 25 2
25 69 2
F3
128
38 35 3
35 74 3
74 22 3
22 57 3
F4
128
31 52 4
52 66 4
66 86 4
86 71 4
F5
128
15 24 5
24 96 5
96 9 5
F6
128
66 86 6
86 58 6
F7
256
77 17 7
17 74 7
74 35 7
F8
256
15 24 8
24 96 8
96 9 8
F9
256
76 16 9
16 35 9
35 74 9
74 22 9
F10
256
45 39 10
39 74 10
74 35 10
35 16 10
F11
256
60 85 11
85 27 11
27 25 11
25 88 11
88 61 11
F12
256
60 85 12
85 27 12
27 25 12
25 88 12
88 61 12
F13
256
76 16 13
16 35 13
35 74 13
74 22 13
F14
256
81 70 14
70 58 14
58 86 14
86 11 14
F15
512
40 29 15
29 74 15
74 39 15
F16
1024
76 16 16
16 35 16
35 74 16
74 22 16
F17
1024
53 70 17
70 58 17
58 86 17
86 33 17
33 84 17
F18
1024
5 18 18
18 6 18
6 88 18
88 25 18
25 69 18
69 54 18
F19
1024
30 36 19
36 20 19
20 96 19
96 13 19
F20
1024
77 17 20
17 74 20
74 35 20
