F1
128
27 25 1
25 88 1
88 6 1
F2
128
88 25 2
25 82 2
82 89 2
F3
128
52 9 3
9 96 3
96 13 3
13 12 3
F4
128
47 76 4
76 16 4
16 35 4
35 74 4
74 22 4
22 94 4
F5
128
88 25 5
25 82 5
82 89 5
F6
128
4 3 6
3 1 6
1 46 6
46 25 6
25 26 6
26 34 6
F7
128
66 86 7
86 58 7
F8
128
27 25 8
25 88 8
88 6 8
F9
128
38 35 9
35 74 9
74 22 9
22 57 9
F10
256
82 25 10
25 46 10
F11
256
78 71 11
71 86 11
86 43 11
43 72 11
F12
256
20 17 12
17 74 12
74 29 12
29 91 12
F13
512
50 39 13
39 74 13
74 63 13
F14
512
40 29 14
29 74 14
74 39 14
F15
1024
82 25 15
25 46 15
F16
1024
95 70 16
70 58 16
58 86 16
86 43 16
F17
1024
50 39 17
39 74 17
74 63 17
F18
1024
81 70 18
70 58 18
58 86 18
86 11 18
F19
1024
95 70 19
70 58 19
58 86 19
86 43 19
F20
1024
53 70 20
70 58 20
58 86 20
86 33 20
33 84 20
