F1
128
20 17 1
17 74 1
74 29 1
29 91 1
F2
128
77 17 2
17 74 2
74 35 2
F3
128
17 74 3
74 79 3
F4
128
8 96 4
96 13 4
13 12 4
12 32 4
F5
128
27 25 5
25 88 5
88 6 5
F6
128
100 8 6
8 96 6
96 75 6
F7
128
52 9 7
9 96 7
96 13 7
13 12 7
F8
128
68 23 8
23 58 8
58 86 8
86 33 8
F9
256
17 74 9
74 79 9
F10
256
60 85 10
85 27 10
27 25 10
25 88 10
88 61 10
F11
256
27 25 11
25 88 11
88 6 11
F12
256
30 36 12
36 20 12
20 96 12
96 13 12
F13
512
40 29 13
29 74 13
74 39 13
F14
512
10 42 14
42 91 14
91 29 14
29 74 14
74 39 14
39 94 14
94 83 14
F15
512
14 70 15
70 58 15
58 86 15
86 11 15
11 48 15
F16
512
37 90 16
90 25 16
25 46 16
46 1 16
F17
1024
19 82 17
82 25 17
25 88 17
88 6 17
6 2 17
F18
1024
60 85 18
85 27 18
27 25 18
25 88 18
88 61 18
F19
1024
68 23 19
23 58 19
58 86 19
86 33 19
F20
1024
88 25 20
25 82 20
82 89 20
