F1
128
59 40 1
40 29 1
29 74 1
74 94 1
94 98 1
F2
128
47 76 2
76 16 2
16 35 2
35 74 2
74 22 2
22 94 2
F3
128
55 63 3
63 74 3
74 22 3
22 67 3
67 28 3
F4
128
52 9 4
9 96 4
96 13 4
13 12 4
F5
128
59 40 5
40 29 5
29 74 5
74 94 5
94 98 5
F6
128
51 2 6
2 7 6
7 46 6
46 25 6
25 69 6
69 54 6
F7
256
45 39 7
39 74 7
74 35 7
35 16 7
F8
256
27 25 8
25 88 8
88 6 8
F9
256
66 86 9
86 58 9
F10
256
55 63 10
63 74 10
74 22 10
22 67 10
67 28 10
F11
256
7 46 11
46 25 11
25 26 11
26 97 11
F12
256
8 96 12
96 13 12
13 12 12
12 32 12
F13
512
30 36 13
36 20 13
20 96 13
96 13 13
F14
512
59 40 14
40 29 14
29 74 14
74 94 14
94 98 14
F15
512
17 74 15
74 79 15
F16
512
87 61 16
61 90 16
90 25 16
25 69 16
F17
512
37 90 17
90 25 17
25 46 17
46 1 17
F18
512
14 70 18
70 58 18
58 86 18
86 11 18
11 48 18
F19
512
31 52 19
52 66 19
66 86 19
86 71 19
F20
1024
3 1 20
1 7 20
7 88 20
88 25 20
25 26 20
