F1
128
66 86 1
86 58 1
F2
128
3 1 2
1 7 2
7 88 2
88 25 2
25 26 2
F3
128
88 25 3
25 82 3
82 89 3
F4
256
59 40 4
40 29 4
29 74 4
74 94 4
94 98 4
F5
256
95 70 5
70 58 5
58 86 5
86 43 5
F6
256
88 25 6
25 82 6
82 89 6
F7
256
53 70 7
70 58 7
58 86 7
86 33 7
33 84 7
F8
256
50 39 8
39 74 8
74 63 8
F9
256
14 70 9
70 58 9
58 86 9
86 11 9
11 48 9
F10
256
41 76 10
76 16 10
16 35 10
35 74 10
74 29 10
F11
512
14 70 11
70 58 11
58 86 11
86 11 11
11 48 11
F12
512
38 35 12
35 74 12
74 22 12
22 57 12
F13
512
68 23 13
23 58 13
58 86 13
86 33 13
F14
512
37 90 14
90 25 14
25 46 14
46 1 14
F15
512
87 61 15
61 90 15
90 25 15
25 69 15
F16
1024
19 82 16
82 25 16
25 88 16
88 6 16
6 2 16
F17
1024
5 18 17
18 6 17
6 88 17
88 25 17
25 69 17
69 54 17
F18
1024
68 23 18
23 58 18
58 86 18
86 33 18
F19
1024
53 70 19
70 58 19
58 86 19
86 33 19
33 84 19
F20
1024
53 70 20
70 58 20
58 86 20
86 33 20
33 84 20
