F1
128
17 74 1
74 79 1
F2
128
37 90 2
90 25 2
25 46 2
46 1 2
F3
128
17 74 3
74 79 3
F4
128
20 17 4
17 74 4
74 29 4
29 91 4
F5
256
37 90 5
90 25 5
25 46 5
46 1 5
F6
256
10 42 6
42 91 6
91 29 6
29 74 6
74 39 6
39 94 6
94 83 6
F7
256
60 85 7
85 27 7
27 25 7
25 88 7
88 61 7
F8
256
4 3 8
3 1 8
1 46 8
46 25 8
25 26 8
26 34 8
F9
256
51 2 9
2 7 9
7 46 9
46 25 9
25 69 9
69 54 9
F10
256
82 25 10
25 46 10
F11
512
30 36 11
36 20 11
20 96 11
96 13 11
F12
512
52 9 12
9 96 12
96 13 12
13 12 12
F13
512
88 25 13
25 82 13
82 89 13
F14
512
60 85 14
85 27 14
27 25 14
25 88 14
88 61 14
F15
512
37 90 15
90 25 15
25 46 15
46 1 15
F16
512
17 74 16
74 79 16
F17
512
52 9 17
9 96 17
96 13 17
13 12 17
F18
1024
51 2 18
2 7 18
7 46 18
46 25 18
25 69 18
69 54 18
F19
1024
27 25 19
25 88 19
88 6 19
F20
1024
60 85 20
85 27 20
27 25 20
25 88 20
88 61 20
