F1
128
95 70 1
70 58 1
58 86 1
86 43 1
F2
128
59 40 2
40 29 2
29 74 2
74 94 2
94 98 2
F3
128
81 70 3
70 58 3
58 86 3
86 11 3
F4
128
15 24 4
24 96 4
96 9 4
F5
128
19 82 5
82 25 5
25 88 5
88 6 5
6 2 5
F6
128
24 96 6
96 20 6
20 80 6
F7
128
5 18 7
18 6 7
6 88 7
88 25 7
25 69 7
69 54 7
F8
128
40 29 8
29 74 8
74 39 8
F9
256
17 74 9
74 79 9
F10
256
31 52 10
52 66 10
66 86 10
86 71 10
F11
256
17 74 11
74 79 11
F12
512
19 82 12
82 25 12
25 88 12
88 6 12
6 2 12
F13
512
17 74 13
74 79 13
F14
512
30 36 14
36 20 14
20 96 14
96 13 14
F15
512
15 24 15
24 96 15
96 9 15
F16
512
24 96 16
96 20 16
20 80 16
F17
1024
68 23 17
23 58 17
58 86 17
86 33 17
F18
1024
59 40 18
40 29 18
29 74 18
74 94 18
94 98 18
F19
1024
5 18 19
18 6 19
6 88 19
88 25 19
25 69 19
69 54 19
F20
1024
31 52 20
52 66 20
66 86 20
86 71 20
