F1
128
78 71 1
71 86 1
86 43 1
43 72 1
F2
128
100 8 2
8 96 2
96 75 2
F3
128
55 63 3
63 74 3
74 22 3
22 67 3
67 28 3
F4
128
50 39 4
39 74 4
74 63 4
F5
256
50 39 5
39 74 5
74 63 5
F6
256
87 61 6
61 90 6
90 25 6
25 69 6
F7
256
66 86 7
86 58 7
F8
256
5 18 8
18 6 8
6 88 8
88 25 8
25 69 8
69 54 8
F9
256
100 8 9
8 96 9
96 75 9
F10
256
68 23 10
23 58 10
58 86 10
86 33 10
F11
256
40 29 11
29 74 11
74 39 11
F12
512
60 85 12
85 27 12
27 25 12
25 88 12
88 61 12
F13
512
7 46 13
46 25 13
25 26 13
26 97 13
F14
512
87 61 14
61 90 14
90 25 14
25 69 14
F15
1024
77 17 15
17 74 15
74 35 15
F16
1024
95 70 16
70 58 16
58 86 16
86 43 16
F17
1024
81 70 17
70 58 17
58 86 17
86 11 17
F18
1024
81 70 18
70 58 18
58 86 18
86 11 18
F19
1024
78 71 19
71 86 19
86 43 19
43 72 19
F20
1024
76 16 20
16 35 20
35 74 20
74 22 20
