F1
128
31 52 1
52 66 1
66 86 1
86 71 1
F2
128
4 3 2
3 1 2
1 46 2
46 25 2
25 26 2
26 34 2
F3
128
78 71 3
71 86 3
86 43 3
43 72 3
F4
128
50 39 4
39 74 4
74 63 4
F5
128
8 96 5
96 13 5
13 12 5
12 32 5
F6
128
55 63 6
63 74 6
74 22 6
22 67 6
67 28 6
F7
256
53 70 7
70 58 7
58 86 7
86 33 7
33 84 7
F8
256
68 23 8
23 58 8
58 86 8
86 33 8
F9
256
14 70 9
70 58 9
58 86 9
86 11 9
11 48 9
F10
512
8 96 10
96 13 10
13 12 10
12 32 10
F11
512
50 39 11
39 74 11
74 63 11
F12
512
77 17 12
17 74 12
74 35 12
F13
512
41 76 13
76 16 13
16 35 13
35 74 13
74 29 13
F14
512
68 23 14
23 58 14
58 86 14
86 33 14
F15
1024
38 35 15
35 74 15
74 22 15
22 57 15
F16
1024
52 9 16
9 96 16
96 13 16
13 12 16
F17
1024
60 85 17
85 27 17
27 25 17
25 88 17
88 61 17
F18
1024
88 25 18
25 82 18
82 89 18
F19
1024
14 70 19
70 58 19
58 86 19
86 11 19
11 48 19
F20
1024
15 24 20
24 96 20
96 9 20
