F1
128
40 29 1
29 74 1
74 39 1
F2
128
24 96 2
96 20 2
20 80 2
F3
128
53 70 3
70 58 3
58 86 3
86 33 3
33 84 3
F4
128
14 70 4
70 58 4
58 86 4
86 11 4
11 48 4
F5
128
4 3 5
3 1 5
1 46 5
46 25 5
25 26 5
26 34 5
F6
128
19 82 6
82 25 6
25 88 6
88 6 6
6 2 6
F7
128
78 71 7
71 86 7
86 43 7
43 72 7
F8
256
27 25 8
25 88 8
88 6 8
F9
512
47 76 9
76 16 9
16 35 9
35 74 9
74 22 9
22 94 9
F10
512
51 2 10
2 7 10
7 46 10
46 25 10
25 69 10
69 54 10
F11
1024
24 96 11
96 20 11
20 80 11
F12
1024
27 25 12
25 88 12
88 6 12
F13
1024
5 18 13
18 6 13
6 88 13
88 25 13
25 69 13
69 54 13
F14
1024
20 17 14
17 74 14
74 29 14
29 91 14
F15
1024
15 24 15
24 96 15
96 9 15
F16
1024
14 70 16
70 58 16
58 86 16
86 11 16
11 48 16
F17
1024
100 8 17
8 96 17
96 75 17
F18
1024
20 17 18
17 74 18
74 29 18
29 91 18
F19
1024
40 29 19
29 74 19
74 39 19
F20
1024
59 40 20
40 29 20
29 74 20
74 94 20
94 98 20
