F1
128
87 61 1
61 90 1
90 25 1
25 69 1
F2
128
52 9 2
9 96 2
96 13 2
13 12 2
F3
128
24 96 3
96 20 3
20 80 3
F4
128
17 74 4
74 79 4
F5
256
40 29 5
29 74 5
74 39 5
F6
512
14 70 6
70 58 6
58 86 6
86 11 6
11 48 6
F7
512
66 86 7
86 58 7
F8
512
7 46 8
46 25 8
25 26 8
26 97 8
F9
512
47 76 9
76 16 9
16 35 9
35 74 9
74 22 9
22 94 9
F10
512
92 16 10
16 35 10
35 74 10
74 22 10
22 67 10
F11
512
53 70 11
70 58 11
58 86 11
86 33 11
33 84 11
F12
512
47 76 12
76 16 12
16 35 12
35 74 12
74 22 12
22 94 12
F13
512
7 46 13
46 25 13
25 26 13
26 97 13
F14
1024
88 25 14
25 82 14
82 89 14
F15
1024
52 9 15
9 96 15
96 13 15
13 12 15
F16
1024
15 24 16
24 96 16
96 9 16
F17
1024
52 9 17
9 96 17
96 13 17
13 12 17
F18
1024
68 23 18
23 58 18
58 86 18
86 33 18
F19
1024
45 39 19
39 74 19
74 35 19
35 16 19
F20
1024
5 18 20
18 6 20
6 88 20
88 25 20
25 69 20
69 54 20
