F1
128
4 3 1
3 1 1
1 46 1
46 25 1
25 26 1
26 34 1
F2
128
40 29 2
29 74 2
74 39 2
F3
128
100 8 3
8 96 3
96 75 3
F4
128
24 96 4
96 20 4
20 80 4
F5
128
30 36 5
36 20 5
20 96 5
96 13 5
F6
128
53 70 6
70 58 6
58 86 6
86 33 6
33 84 6
F7
256
14 70 7
70 58 7
58 86 7
86 11 7
11 48 7
F8
256
87 61 8
61 90 8
90 25 8
25 69 8
F9
256
47 76 9
76 16 9
16 35 9
35 74 9
74 22 9
22 94 9
F10
512
8 96 10
96 13 10
13 12 10
12 32 10
F11
512
4 3 11
3 1 11
1 46 11
46 25 11
25 26 11
26 34 11
F12
512
78 71 12
71 86 12
86 43 12
43 72 12
F13
512
4 3 13
3 1 13
1 46 13
46 25 13
25 26 13
26 34 13
F14
512
41 76 14
76 16 14
16 35 14
35 74 14
74 29 14
F15
1024
100 8 15
8 96 15
96 75 15
F16
1024
3 1 16
1 7 16
7 88 16
88 25 16
25 26 16
F17
1024
52 9 17
9 96 17
96 13 17
13 12 17
F18
1024
40 29 18
29 74 18
74 39 18
F19
1024
59 40 19
40 29 19
29 74 19
74 94 19
94 98 19
F20
1024
38 35 20
35 74 20
74 22 20
22 57 20
