F1
128
51 2 1
2 7 1
7 46 1
46 25 1
25 69 1
69 54 1
F2
128
5 18 2
18 6 2
6 88 2
88 25 2
25 69 2
69 54 2
F3
128
50 39 3
39 74 3
74 63 3
F4
128
47 76 4
76 16 4
16 35 4
35 74 4
74 22 4
22 94 4
F5
128
66 86 5
86 58 5
F6
256
76 16 6
16 35 6
35 74 6
74 22 6
F7
256
7 46 7
46 25 7
25 26 7
26 97 7
F8
256
24 96 8
96 20 8
20 80 8
F9
256
8 96 9
96 13 9
13 12 9
12 32 9
F10
256
78 71 10
71 86 10
86 43 10
43 72 10
F11
256
4 3 11
3 1 11
1 46 11
46 25 11
25 26 11
26 34 11
F12
256
5 18 12
18 6 12
6 88 12
88 25 12
25 69 12
69 54 12
F13
256
77 17 13
17 74 13
74 35 13
F14
256
50 39 14
39 74 14
74 63 14
F15
256
37 90 15
90 25 15
25 46 15
46 1 15
F16
512
7 46 16
46 25 16
25 26 16
26 97 16
F17
512
51 2 17
2 7 17
7 46 17
46 25 17
25 69 17
69 54 17
F18
512
82 25 18
25 46 18
F19
1024
77 17 19
17 74 19
74 35 19
F20
1024
20 17 20
17 74 20
74 29 20
29 91 20
