F1
128
37 90 1
90 25 1
25 46 1
46 1 1
F2
128
59 40 2
40 29 2
29 74 2
74 94 2
94 98 2
F3
128
88 25 3
25 82 3
82 89 3
F4
128
77 17 4
17 74 4
74 35 4
F5
128
19 82 5
82 25 5
25 88 5
88 6 5
6 2 5
F6
128
76 16 6
16 35 6
35 74 6
74 22 6
F7
128
4 3 7
3 1 7
1 46 7
46 25 7
25 26 7
26 34 7
F8
256
77 17 8
17 74 8
74 35 8
F9
256
27 25 9
25 88 9
88 6 9
F10
512
81 70 10
70 58 10
58 86 10
86 11 10
F11
512
45 39 11
39 74 11
74 35 11
35 16 11
F12
512
60 85 12
85 27 12
27 25 12
25 88 12
88 61 12
F13
512
45 39 13
39 74 13
74 35 13
35 16 13
F14
512
100 8 14
8 96 14
96 75 14
F15
512
38 35 15
35 74 15
74 22 15
22 57 15
F16
1024
3 1 16
1 7 16
7 88 16
88 25 16
25 26 16
F17
1024
77 17 17
17 74 17
74 35 17
F18
1024
15 24 18
24 96 18
96 9 18
F19
1024
51 2 19
2 7 19
7 46 19
46 25 19
25 69 19
69 54 19
F20
1024
51 2 20
2 7 20
7 46 20
46 25 20
25 69 20
69 54 20
