F1
128
51 2 1
2 7 1
7 46 1
46 25 1
25 69 1
69 54 1
F2
128
78 71 2
71 86 2
86 43 2
43 72 2
F3
128
60 85 3
85 27 3
27 25 3
25 88 3
88 61 3
F4
128
30 36 4
36 20 4
20 96 4
96 13 4
F5
128
55 63 5
63 74 5
74 22 5
22 67 5
67 28 5
F6
256
24 96 6
96 20 6
20 80 6
F7
256
59 40 7
40 29 7
29 74 7
74 94 7
94 98 7
F8
256
5 18 8
18 6 8
6 88 8
88 25 8
25 69 8
69 54 8
F9
256
68 23 9
23 58 9
58 86 9
86 33 9
F10
512
87 61 10
61 90 10
90 25 10
25 69 10
F11
512
59 40 11
40 29 11
29 74 11
74 94 11
94 98 11
F12
512
55 63 12
63 74 12
74 22 12
22 67 12
67 28 12
F13
512
92 16 13
16 35 13
35 74 13
74 22 13
22 67 13
F14
512
31 52 14
52 66 14
66 86 14
86 71 14
F15
1024
19 82 15
82 25 15
25 88 15
88 6 15
6 2 15
F16
1024
3 1 16
1 7 16
7 88 16
88 25 16
25 26 16
F17
1024
38 35 17
35 74 17
74 22 17
22 57 17
F18
1024
37 90 18
90 25 18
25 46 18
46 1 18
F19
1024
20 17 19
17 74 19
74 29 19
29 91 19
F20
1024
50 39 20
39 74 20
74 63 20
