F1
128
14 70 1
70 58 1
58 86 1
86 11 1
11 48 1
F2
128
81 70 2
70 58 2
58 86 2
86 11 2
F3
128
7 46 3
46 25 3
25 26 3
26 97 3
F4
128
20 17 4
17 74 4
74 29 4
29 91 4
F5
128
3 1 5
1 7 5
7 88 5
88 25 5
25 26 5
F6
128
5 18 6
18 6 6
6 88 6
88 25 6
25 69 6
69 54 6
F7
128
7 46 7
46 25 7
25 26 7
26 97 7
F8
256
19 82 8
82 25 8
25 88 8
88 6 8
6 2 8
F9
256
68 23 9
23 58 9
58 86 9
86 33 9
F10
256
10 42 10
42 91 10
91 29 10
29 74 10
74 39 10
39 94 10
94 83 10
F11
512
59 40 11
40 29 11
29 74 11
74 94 11
94 98 11
F12
512
77 17 12
17 74 12
74 35 12
F13
512
100 8 13
8 96 13
96 75 13
F14
512
8 96 14
96 13 14
13 12 14
12 32 14
F15
512
68 23 15
23 58 15
58 86 15
86 33 15
F16
512
53 70 16
70 58 16
58 86 16
86 33 16
33 84 16
F17
1024
81 70 17
70 58 17
58 86 17
86 11 17
F18
1024
38 35 18
35 74 18
74 22 18
22 57 18
F19
1024
7 46 19
46 25 19
25 26 19
26 97 19
F20
1024
52 9 20
9 96 20
96 13 20
13 12 20
