F1
128
38 35 1
35 74 1
74 22 1
22 57 1
F2
128
55 63 2
63 74 2
74 22 2
22 67 2
67 28 2
F3
128
87 61 3
61 90 3
90 25 3
25 69 3
F4
128
53 70 4
70 58 4
58 86 4
86 33 4
33 84 4
F5
128
66 86 5
86 58 5
F6
128
68 23 6
23 58 6
58 86 6
86 33 6
F7
128
31 52 7
52 66 7
66 86 7
86 71 7
F8
256
68 23 8
23 58 8
58 86 8
86 33 8
F9
256
27 25 9
25 88 9
88 6 9
F10
512
3 1 10
1 7 10
7 88 10
88 25 10
25 26 10
F11
512
95 70 11
70 58 11
58 86 11
86 43 11
F12
512
68 23 12
23 58 12
58 86 12
86 33 12
F13
512
50 39 13
39 74 13
74 63 13
F14
512
87 61 14
61 90 14
90 25 14
25 69 14
F15
1024
77 17 15
17 74 15
74 35 15
F16
1024
88 25 16
25 82 16
82 89 16
F17
1024
15 24 17
24 96 17
96 9 17
F18
1024
20 17 18
17 74 18
74 29 18
29 91 18
F19
1024
19 82 19
82 25 19
25 88 19
88 6 19
6 2 19
F20
1024
40 29 20
29 74 20
74 39 20
