F1
128
55 63 1
63 74 1
74 22 1
22 67 1
67 28 1
F2
128
41 76 2
76 16 2
16 35 2
35 74 2
74 29 2
F3
128
19 82 3
82 25 3
25 88 3
88 6 3
6 2 3
F4
128
53 70 4
70 58 4
58 86 4
86 33 4
33 84 4
F5
128
100 8 5
8 96 5
96 75 5
F6
256
50 39 6
39 74 6
74 63 6
F7
256
76 16 7
16 35 7
35 74 7
74 22 7
F8
256
17 74 8
74 79 8
F9
256
76 16 9
16 35 9
35 74 9
74 22 9
F10
256
92 16 10
16 35 10
35 74 10
74 22 10
22 67 10
F11
256
17 74 11
74 79 11
F12
512
55 63 12
63 74 12
74 22 12
22 67 12
67 28 12
F13
512
53 70 13
70 58 13
58 86 13
86 33 13
33 84 13
F14
512
59 40 14
40 29 14
29 74 14
74 94 14
94 98 14
F15
512
77 17 15
17 74 15
74 35 15
F16
1024
68 23 16
23 58 16
58 86 16
86 33 16
F17
1024
20 17 17
17 74 17
74 29 17
29 91 17
F18
1024
20 17 18
17 74 18
74 29 18
29 91 18
F19
1024
14 70 19
70 58 19
58 86 19
86 11 19
11 48 19
F20
1024
60 85 20
85 27 20
27 25 20
25 88 20
88 61 20
