F1
128
7 46 1
46 25 1
25 26 1
26 97 1
F2
128
59 40 2
40 29 2
29 74 2
74 94 2
94 98 2
F3
128
14 70 3
70 58 3
58 86 3
86 11 3
11 48 3
F4
128
30 36 4
36 20 4
20 96 4
96 13 4
F5
128
27 25 5
25 88 5
88 6 5
F6
256
52 9 6
9 96 6
96 13 6
13 12 6
F7
256
7 46 7
46 25 7
25 26 7
26 97 7
F8
256
59 40 8
40 29 8
29 74 8
74 94 8
94 98 8
F9
256
5 18 9
18 6 9
6 88 9
88 25 9
25 69 9
69 54 9
F10
256
100 8 10
8 96 10
96 75 10
F11
512
76 16 11
16 35 11
35 74 11
74 22 11
F12
512
15 24 12
24 96 12
96 9 12
F13
512
51 2 13
2 7 13
7 46 13
46 25 13
25 69 13
69 54 13
F14
512
14 70 14
70 58 14
58 86 14
86 11 14
11 48 14
F15
512
17 74 15
74 79 15
F16
512
51 2 16
2 7 16
7 46 16
46 25 16
25 69 16
69 54 16
F17
1024
55 63 17
63 74 17
74 22 17
22 67 17
67 28 17
F18
1024
68 23 18
23 58 18
58 86 18
86 33 18
F19
1024
95 70 19
70 58 19
58 86 19
86 43 19
F20
1024
45 39 20
39 74 20
74 35 20
35 16 20
