F1
128
15 24 1
24 96 1
96 9 1
F2
128
38 35 2
35 74 2
74 22 2
22 57 2
F3
128
45 39 3
39 74 3
74 35 3
35 16 3
F4
128
50 39 4
39 74 4
74 63 4
F5
128
20 17 5
17 74 5
74 29 5
29 91 5
F6
128
76 16 6
16 35 6
35 74 6
74 22 6
F7
256
95 70 7
70 58 7
58 86 7
86 43 7
F8
256
3 1 8
1 7 8
7 88 8
88 25 8
25 26 8
F9
256
24 96 9
96 20 9
20 80 9
F10
256
92 16 10
16 35 10
35 74 10
74 22 10
22 67 10
F11
256
37 90 11
90 25 11
25 46 11
46 1 11
F12
512
92 16 12
16 35 12
35 74 12
74 22 12
22 67 12
F13
1024
87 61 13
61 90 13
90 25 13
25 69 13
F14
1024
76 16 14
16 35 14
35 74 14
74 22 14
F15
1024
3 1 15
1 7 15
7 88 15
88 25 15
25 26 15
F16
1024
77 17 16
17 74 16
74 35 16
F17
1024
68 23 17
23 58 17
58 86 17
86 33 17
F18
1024
50 39 18
39 74 18
74 63 18
F19
1024
76 16 19
16 35 19
35 74 19
74 22 19
F20
1024
92 16 20
16 35 20
35 74 20
74 22 20
22 67 20
