F1
128
7 46 1
46 25 1
25 26 1
26 97 1
F2
128
31 52 2
52 66 2
66 86 2
86 71 2
F3
128
15 24 3
24 96 3
96 9 3
F4
128
8 96 4
96 13 4
13 12 4
12 32 4
F5
256
27 25 5
25 88 5
88 6 5
F6
256
41 76 6
76 16 6
16 35 6
35 74 6
74 29 6
F7
256
51 2 7
2 7 7
7 46 7
46 25 7
25 69 7
69 54 7
F8
512
68 23 8
23 58 8
58 86 8
86 33 8
F9
512
92 16 9
16 35 9
35 74 9
74 22 9
22 67 9
F10
512
10 42 10
42 91 10
91 29 10
29 74 10
74 39 10
39 94 10
94 83 10
F11
512
88 25 11
25 82 11
82 89 11
F12
512
37 90 12
90 25 12
25 46 12
46 1 12
F13
512
53 70 13
70 58 13
58 86 13
86 33 13
33 84 13
F14
512
47 76 14
76 16 14
16 35 14
35 74 14
74 22 14
22 94 14
F15
1024
50 39 15
39 74 15
74 63 15
F16
1024
92 16 16
16 35 16
35 74 16
74 22 16
22 67 16
F17
1024
52 9 17
9 96 17
96 13 17
13 12 17
F18
1024
52 9 18
9 96 18
96 13 18
13 12 18
F19
1024
51 2 19
2 7 19
7 46 19
46 25 19
25 69 19
69 54 19
F20
1024
100 8 20
8 96 20
96 75 20
