F1
128
55 63 1
63 74 1
74 22 1
22 67 1
67 28 1
F2
128
41 76 2
76 16 2
16 35 2
35 74 2
74 29 2
F3
128
19 82 3
82 25 3
25 88 3
88 6 3
6 2 3
F4
128
15 24 4
24 96 4
96 9 4
F5
128
88 25 5
25 82 5
82 89 5
F6
128
5 18 6
18 6 6
6 88 6
88 25 6
25 69 6
69 54 6
F7
256
3 1 7
1 7 7
7 88 7
88 25 7
25 26 7
F8
256
50 39 8
39 74 8
74 63 8
F9
256
10 42 9
42 91 9
91 29 9
29 74 9
74 39 9
39 94 9
94 83 9
F10
256
37 90 10
90 25 10
25 46 10
46 1 10
F11
256
45 39 11
39 74 11
74 35 11
35 16 11
F12
512
88 25 12
25 82 12
82 89 12
F13
512
8 96 13
96 13 13
13 12 13
12 32 13
F14
512
31 52 14
52 66 14
66 86 14
86 71 14
F15
512
95 70 15
70 58 15
58 86 15
86 43 15
F16
512
82 25 16
25 46 16
F17
1024
5 18 17
18 6 17
6 88 17
88 25 17
25 69 17
69 54 17
F18
1024
40 29 18
29 74 18
74 39 18
F19
1024
76 16 19
16 35 19
35 74 19
74 22 19
F20
1024
40 29 20
29 74 20
74 39 20
