F1
128
37 90 1
90 25 1
25 46 1
46 1 1
F2
128
19 82 2
82 25 2
25 88 2
88 6 2
6 2 2
F3
128
17 74 3
74 79 3
F4
256
3 1 4
1 7 4
7 88 4
88 25 4
25 26 4
F5
256
14 70 5
70 58 5
58 86 5
86 11 5
11 48 5
F6
256
24 96 6
96 20 6
20 80 6
F7
256
40 29 7
29 74 7
74 39 7
F8
256
7 46 8
46 25 8
25 26 8
26 97 8
F9
256
60 85 9
85 27 9
27 25 9
25 88 9
88 61 9
F10
512
37 90 10
90 25 10
25 46 10
46 1 10
F11
512
68 23 11
23 58 11
58 86 11
86 33 11
F12
512
20 17 12
17 74 12
74 29 12
29 91 12
F13
512
60 85 13
85 27 13
27 25 13
25 88 13
88 61 13
F14
512
8 96 14
96 13 14
13 12 14
12 32 14
F15
512
37 90 15
90 25 15
25 46 15
46 1 15
F16
1024
100 8 16
8 96 16
96 75 16
F17
1024
100 8 17
8 96 17
96 75 17
F18
1024
17 74 18
74 79 18
F19
1024
24 96 19
96 20 19
20 80 19
F20
1024
15 24 20
24 96 20
96 9 20
