F1
256
1 13 1
13 11 1
11 12 1
12 47 1
47 61 1
61 60 1
F2
256
21 19 2
19 17 2
17 14 2
14 11 2
11 8 2
8 5 2
F3
256
66 80 3
80 81 3
81 82 3
82 68 3
F4
256
88 83 4
83 69 4
69 55 4
55 54 4
54 53 4
F5
256
57 56 5
56 55 5
55 35 5
35 36 5
36 32 5
32 29 5
29 30 5
F6
256
84 83 6
83 82 6
82 81 6
81 90 6
F7
256
50 64 7
64 63 7
63 77 7
77 76 7
F8
256
22 50 8
50 49 8
49 63 8
63 62 8
62 61 8
F9
256
57 56 9
56 55 9
55 35 9
35 36 9
36 32 9
32 29 9
29 30 9
F10
256
87 84 10
84 83 10
83 82 10
82 89 10
F11
256
88 83 11
83 69 11
69 55 11
55 54 11
54 53 11
F12
256
42 41 12
41 40 12
40 36 12
36 37 12
37 73 12
73 98 12
98 100 12
F13
256
23 20 13
20 17 13
17 14 13
14 11 13
11 12 13
12 16 13
F14
256
59 39 14
39 40 14
40 36 14
36 37 14
37 33 14
33 98 14
F15
256
95 76 15
76 77 15
77 63 15
63 49 15
49 50 15
50 22 15
22 18 15
F16
256
58 19 16
19 15 16
15 13 16
13 11 16
11 8 16
8 10 16
10 7 16
F17
256
17 18 17
18 49 17
49 63 17
63 77 17
F18
512
51 50 18
50 49 18
49 63 18
63 64 18
F19
512
87 84 19
84 83 19
83 82 19
82 89 19
F20
512
96 95 20
95 76 20
75 77 20
77 63 20
63 49 20
49 18 20
18 17 20
17 20 20
F21
512
59 39 21
39 40 21
40 36 21
36 37 21
37 33 21
33 98 21
F22
512
54 68 22
68 82 22
82 81 22
81 80 22
80 79 22
F23
512
72 20 23
20 17 23
17 14 23
14 11 23
11 8 23
8 9 23
9 6 23
F24
512
42 41 24
41 40 24
40 36 24
36 37 24
37 73 24
73 98 24
98 100 24
F25
512
56 55 25
55 54 25
54 68 25
68 82 25
82 81 25
81 67 25
F26
512
86 87 26
87 88 26
88 83 26
83 82 26
82 81 26
81 80 26
80 79 26
79 92 26
F27
512
52 51 27
51 50 27
50 49 27
49 63 27
63 64 27
64 65 27
F28
512
96 95 28
95 76 28
75 77 28
77 63 28
63 49 28
49 18 28
18 17 28
17 20 28
F29
512
85 84 29
84 83 29
83 82 29
82 81 29
81 80 29
80 91 29
F30
512
23 20 30
20 17 30
17 14 30
14 11 30
11 12 30
12 16 30
F31
512
97 76 31
76 77 31
77 63 31
63 49 31
49 48 31
48 16 31
16 14 31
F32
1024
1 13 32
13 11 32
11 12 32
12 47 32
47 61 32
61 60 32
F33
1024
19 15 33
15 13 33
13 11 33
11 12 33
12 10 33
F34
1024
71 56 34
56 38 34
38 40 34
40 36 34
36 32 34
32 34 34
34 31 34
31 28 34
F35
1024
17 18 35
18 49 35
49 63 35
63 77 35
F36
1024
97 76 36
76 77 36
77 63 36
63 49 36
49 48 36
48 16 36
16 14 36
F37
1024
93 78 37
78 64 37
64 63 37
63 49 37
49 18 37
18 16 37
16 12 37
F38
1024
44 19 38
19 15 38
15 14 38
14 11 38
11 12 38
12 47 38
47 48 38
48 49 38
F39
1024
66 80 39
80 81 39
81 82 39
82 68 39
F40
1024
43 38 40
38 40 40
40 36 40
36 32 40
32 29 40
29 27 40
27 26 40
