F1
256
51 50 1
50 49 1
49 63 1
63 64 1
F2
256
19 15 2
15 13 2
13 11 2
11 12 2
12 10 2
F3
256
4 9 3
9 8 3
8 11 3
11 12 3
12 47 3
47 46 3
F4
256
66 80 4
80 81 4
81 82 4
82 68 4
F5
256
45 42 5
42 39 5
39 40 5
40 36 5
36 37 5
37 33 5
33 98 5
F6
256
85 84 6
84 83 6
83 82 6
82 81 6
81 80 6
80 91 6
F7
256
43 38 7
38 40 7
40 36 7
36 32 7
32 29 7
29 27 7
27 26 7
F8
256
70 69 8
69 68 8
68 82 8
82 81 8
F9
256
4 9 9
9 8 9
8 11 9
11 12 9
12 47 9
47 46 9
F10
256
93 78 10
78 64 10
64 63 10
63 49 10
49 18 10
18 16 10
16 12 10
F11
512
85 84 11
84 83 11
83 82 11
82 81 11
81 80 11
80 91 11
F12
512
45 42 12
42 39 12
39 40 12
40 36 12
36 37 12
37 33 12
33 98 12
F13
512
93 78 13
78 64 13
64 63 13
63 49 13
49 18 13
18 16 13
16 12 13
F14
512
23 20 14
20 17 14
17 14 14
14 11 14
11 12 14
12 16 14
F15
512
4 9 15
9 8 15
8 11 15
11 12 15
12 47 15
47 46 15
F16
512
87 84 16
84 83 16
83 82 16
82 89 16
F17
512
74 75 17
75 76 17
76 77 17
77 63 17
63 64 17
64 78 17
78 77 17
77 94 17
F18
512
83 82 18
82 68 18
68 54 18
54 34 18
F19
512
70 69 19
69 68 19
68 82 19
82 81 19
F20
512
17 18 20
18 49 20
49 63 20
63 77 20
F21
512
56 55 21
55 54 21
54 68 21
68 82 21
82 81 21
81 67 21
F22
512
88 83 22
83 69 22
69 55 22
55 54 22
54 53 22
F23
512
4 9 23
9 8 23
8 11 23
11 12 23
12 47 23
47 46 23
F24
512
87 84 24
84 83 24
83 82 24
82 89 24
F25
1024
72 20 25
20 17 25
17 14 25
14 11 25
11 8 25
8 9 25
9 6 25
F26
1024
58 19 26
19 15 26
15 13 26
13 11 26
11 8 26
8 10 26
10 7 26
F27
1024
57 56 27
56 55 27
55 35 27
35 36 27
36 32 27
32 29 27
29 30 27
F28
1024
2 15 28
15 14 28
14 11 28
11 12 28
12 47 28
47 61 28
61 75 28
F29
1024
56 55 29
55 54 29
54 68 29
68 82 29
82 81 29
81 67 29
F30
1024
23 20 30
20 17 30
17 14 30
14 11 30
11 12 30
12 16 30
F31
1024
85 84 31
84 83 31
83 82 31
82 81 31
81 80 31
80 91 31
F32
1024
54 68 32
68 82 32
82 81 32
81 80 32
80 79 32
F33
1024
52 51 33
51 50 33
50 49 33
49 63 33
63 64 33
64 65 33
F34
1024
50 64 34
64 63 34
63 77 34
77 76 34
F35
1024
74 75 35
75 76 35
76 77 35
77 63 35
63 64 35
64 78 35
78 77 35
77 94 35
F36
1024
27 29 36
29 32 36
32 36 36
36 35 36
35 55 36
F37
1024
42 41 37
41 40 37
40 36 37
36 37 37
37 73 37
73 98 37
98 100 37
F38
1024
3 6 38
6 9 38
9 13 38
13 11 38
11 14 38
14 16 38
16 48 38
48 62 38
F39
1024
43 38 39
38 40 39
40 36 39
36 32 39
32 29 39
29 27 39
27 26 39
F40
1024
43 38 40
38 40 40
40 36 40
36 32 40
32 29 40
29 27 40
27 26 40
