F1
256
45 42 1
42 39 1
39 40 1
40 36 1
36 37 1
37 33 1
33 98 1
F2
256
2 15 2
15 14 2
14 11 2
11 12 2
12 47 2
47 61 2
61 75 2
F3
256
17 18 3
18 49 3
49 63 3
63 77 3
F4
256
59 39 4
39 40 4
40 36 4
36 37 4
37 33 4
33 98 4
F5
256
54 68 5
68 82 5
82 81 5
81 80 5
80 79 5
F6
256
88 83 6
83 69 6
69 55 6
55 54 6
54 53 6
F7
256
17 18 7
18 49 7
49 63 7
63 77 7
F8
256
52 51 8
51 50 8
50 49 8
49 63 8
63 64 8
64 65 8
F9
256
9 8 9
8 11 9
11 14 9
14 15 9
F10
256
96 95 10
95 76 10
75 77 10
77 63 10
63 49 10
49 18 10
18 17 10
17 20 10
F11
256
97 76 11
76 77 11
77 63 11
63 49 11
49 48 11
48 16 11
16 14 11
F12
256
84 83 12
83 82 12
82 81 12
81 90 12
F13
512
52 51 13
51 50 13
50 49 13
49 63 13
63 64 13
64 65 13
F14
512
45 42 14
42 39 14
39 40 14
40 36 14
36 37 14
37 33 14
33 98 14
F15
512
83 82 15
82 68 15
68 54 15
54 34 15
F16
512
9 8 16
8 11 16
11 14 16
14 15 16
F17
512
59 39 17
39 40 17
40 36 17
36 37 17
37 33 17
33 98 17
F18
512
70 69 18
69 68 18
68 82 18
82 81 18
F19
512
1 13 19
13 11 19
11 12 19
12 47 19
47 61 19
61 60 19
F20
512
57 56 20
56 55 20
55 35 20
35 36 20
36 32 20
32 29 20
29 30 20
F21
512
57 56 21
56 55 21
55 35 21
35 36 21
36 32 21
32 29 21
29 30 21
F22
512
45 42 22
42 39 22
39 40 22
40 36 22
36 37 22
37 33 22
33 98 22
F23
1024
74 75 23
75 76 23
76 77 23
77 63 23
63 64 23
64 78 23
78 77 23
77 94 23
F24
1024
41 40 24
40 36 24
36 37 24
37 73 24
F25
1024
50 64 25
64 63 25
63 77 25
77 76 25
F26
1024
83 82 26
82 68 26
68 54 26
54 34 26
F27
1024
66 80 27
80 81 27
81 82 27
82 68 27
F28
1024
66 80 28
80 81 28
81 82 28
82 68 28
F29
1024
1 13 29
13 11 29
11 12 29
12 47 29
47 61 29
61 60 29
F30
1024
41 40 30
40 36 30
36 37 30
37 73 30
F31
1024
17 18 31
18 49 31
49 63 31
63 77 31
F32
1024
27 29 32
29 32 32
32 36 32
36 35 32
35 55 32
F33
1024
41 40 33
40 36 33
36 37 33
37 73 33
F34
1024
84 83 34
83 82 34
82 81 34
81 90 34
F35
1024
51 50 35
50 49 35
49 63 35
63 64 35
F36
1024
4 9 36
9 8 36
8 11 36
11 12 36
12 47 36
47 46 36
F37
1024
83 82 37
82 68 37
68 54 37
54 34 37
F38
1024
96 95 38
95 76 38
75 77 38
77 63 38
63 49 38
49 18 38
18 17 38
17 20 38
F39
1024
51 50 39
50 49 39
49 63 39
63 64 39
F40
1024
54 68 40
68 82 40
82 81 40
81 80 40
80 79 40
