F1
256
85 84 1
84 83 1
83 82 1
82 81 1
81 80 1
80 91 1
F2
256
45 42 2
42 39 2
39 40 2
40 36 2
36 37 2
37 33 2
33 98 2
F3
256
42 41 3
41 40 3
40 36 3
36 37 3
37 73 3
73 98 3
98 100 3
F4
256
41 40 4
40 36 4
36 37 4
37 73 4
F5
256
72 20 5
20 17 5
17 14 5
14 11 5
11 8 5
8 9 5
9 6 5
F6
256
2 15 6
15 14 6
14 11 6
11 12 6
12 47 6
47 61 6
61 75 6
F7
256
4 9 7
9 8 7
8 11 7
11 12 7
12 47 7
47 46 7
F8
256
50 64 8
64 63 8
63 77 8
77 76 8
F9
256
22 50 9
50 49 9
49 63 9
63 62 9
62 61 9
F10
256
52 51 10
51 50 10
50 49 10
49 63 10
63 64 10
64 65 10
F11
256
57 56 11
56 55 11
55 35 11
35 36 11
36 32 11
32 29 11
29 30 11
F12
256
71 56 12
56 38 12
38 40 12
40 36 12
36 32 12
32 34 12
34 31 12
31 28 12
F13
256
83 82 13
82 68 13
68 54 13
54 34 13
F14
512
95 76 14
76 77 14
77 63 14
63 49 14
49 50 14
50 22 14
22 18 14
F15
512
19 15 15
15 13 15
13 11 15
11 12 15
12 10 15
F16
512
57 56 16
56 55 16
55 35 16
35 36 16
36 32 16
32 29 16
29 30 16
F17
512
85 84 17
84 83 17
83 82 17
82 81 17
81 80 17
80 91 17
F18
512
4 9 18
9 8 18
8 11 18
11 12 18
12 47 18
47 46 18
F19
512
22 50 19
50 49 19
49 63 19
63 62 19
62 61 19
F20
512
70 69 20
69 68 20
68 82 20
82 81 20
F21
512
74 75 21
75 76 21
76 77 21
77 63 21
63 64 21
64 78 21
78 77 21
77 94 21
F22
512
84 83 22
83 82 22
82 81 22
81 90 22
F23
512
21 19 23
19 17 23
17 14 23
14 11 23
11 8 23
8 5 23
F24
512
52 51 24
51 50 24
50 49 24
49 63 24
63 64 24
64 65 24
F25
512
45 42 25
42 39 25
39 40 25
40 36 25
36 37 25
37 33 25
33 98 25
F26
512
51 50 26
50 49 26
49 63 26
63 64 26
F27
512
87 84 27
84 83 27
83 82 27
82 89 27
F28
512
83 82 28
82 68 28
68 54 28
54 34 28
F29
512
86 87 29
87 88 29
88 83 29
83 82 29
82 81 29
81 80 29
80 79 29
79 92 29
F30
512
42 41 30
41 40 30
40 36 30
36 37 30
37 73 30
73 98 30
98 100 30
F31
512
97 76 31
76 77 31
77 63 31
63 49 31
49 48 31
48 16 31
16 14 31
F32
512
95 76 32
76 77 32
77 63 32
63 49 32
49 50 32
50 22 32
22 18 32
F33
512
19 15 33
15 13 33
13 11 33
11 12 33
12 10 33
F34
1024
69 68 34
68 82 34
82 81 34
81 80 34
F35
1024
72 20 35
20 17 35
17 14 35
14 11 35
11 8 35
8 9 35
9 6 35
F36
1024
51 50 36
50 49 36
49 63 36
63 64 36
F37
1024
45 42 37
42 39 37
39 40 37
40 36 37
36 37 37
37 33 37
33 98 37
F38
1024
57 56 38
56 55 38
55 35 38
35 36 38
36 32 38
32 29 38
29 30 38
F39
1024
19 15 39
15 13 39
13 11 39
11 12 39
12 10 39
F40
1024
74 75 40
75 76 40
76 77 40
77 63 40
63 64 40
64 78 40
78 77 40
77 94 40
