F1
256
74 75 1
75 76 1
76 77 1
77 63 1
63 64 1
64 78 1
78 77 1
77 94 1
F2
256
44 19 2
19 15 2
15 14 2
14 11 2
11 12 2
12 47 2
47 48 2
48 49 2
F3
256
22 50 3
50 49 3
49 63 3
63 62 3
62 61 3
F4
256
57 56 4
56 55 4
55 35 4
35 36 4
36 32 4
32 29 4
29 30 4
F5
256
21 19 5
19 17 5
17 14 5
14 11 5
11 8 5
8 5 5
F6
256
52 51 6
51 50 6
50 49 6
49 63 6
63 64 6
64 65 6
F7
256
87 84 7
84 83 7
83 82 7
82 89 7
F8
256
41 40 8
40 36 8
36 37 8
37 73 8
F9
256
44 19 9
19 15 9
15 14 9
14 11 9
11 12 9
12 47 9
47 48 9
48 49 9
F10
256
84 83 10
83 82 10
82 81 10
81 90 10
F11
256
43 38 11
38 40 11
40 36 11
36 32 11
32 29 11
29 27 11
27 26 11
F12
256
66 80 12
80 81 12
81 82 12
82 68 12
F13
256
3 6 13
6 9 13
9 13 13
13 11 13
11 14 13
14 16 13
16 48 13
48 62 13
F14
256
43 38 14
38 40 14
40 36 14
36 32 14
32 29 14
29 27 14
27 26 14
F15
256
9 8 15
8 11 15
11 14 15
14 15 15
F16
256
19 15 16
15 13 16
13 11 16
11 12 16
12 10 16
F17
256
21 19 17
19 17 17
17 14 17
14 11 17
11 8 17
8 5 17
F18
256
66 80 18
80 81 18
81 82 18
82 68 18
F19
256
96 95 19
95 76 19
75 77 19
77 63 19
63 49 19
49 18 19
18 17 19
17 20 19
F20
256
21 19 20
19 17 20
17 14 20
14 11 20
11 8 20
8 5 20
F21
512
84 83 21
83 82 21
82 81 21
81 90 21
F22
512
71 56 22
56 38 22
38 40 22
40 36 22
36 32 22
32 34 22
34 31 22
31 28 22
F23
512
83 82 23
82 68 23
68 54 23
54 34 23
F24
512
54 68 24
68 82 24
82 81 24
81 80 24
80 79 24
F25
512
2 15 25
15 14 25
14 11 25
11 12 25
12 47 25
47 61 25
61 75 25
F26
512
27 29 26
29 32 26
32 36 26
36 35 26
35 55 26
F27
512
1 13 27
13 11 27
11 12 27
12 47 27
47 61 27
61 60 27
F28
512
3 6 28
6 9 28
9 13 28
13 11 28
11 14 28
14 16 28
16 48 28
48 62 28
F29
512
2 15 29
15 14 29
14 11 29
11 12 29
12 47 29
47 61 29
61 75 29
F30
512
19 15 30
15 13 30
13 11 30
11 12 30
12 10 30
F31
512
87 84 31
84 83 31
83 82 31
82 89 31
F32
512
2 15 32
15 14 32
14 11 32
11 12 32
12 47 32
47 61 32
61 75 32
F33
512
66 80 33
80 81 33
81 82 33
82 68 33
F34
512
87 84 34
84 83 34
83 82 34
82 89 34
F35
1024
43 38 35
38 40 35
40 36 35
36 32 35
32 29 35
29 27 35
27 26 35
F36
1024
17 18 36
18 49 36
49 63 36
63 77 36
F37
1024
56 55 37
55 54 37
54 68 37
68 82 37
82 81 37
81 67 37
F38
1024
84 83 38
83 82 38
82 81 38
81 90 38
F39
1024
84 83 39
83 82 39
82 81 39
81 90 39
F40
1024
66 80 40
80 81 40
81 82 40
82 68 40
