F1
256
54 68 1
68 82 1
82 81 1
81 80 1
80 79 1
F2
256
52 51 2
51 50 2
50 49 2
49 63 2
63 64 2
64 65 2
F3
256
58 19 3
19 15 3
15 13 3
13 11 3
11 8 3
8 10 3
10 7 3
F4
256
85 84 4
84 83 4
83 82 4
82 81 4
81 80 4
80 91 4
F5
256
96 95 5
95 76 5
75 77 5
77 63 5
63 49 5
49 18 5
18 17 5
17 20 5
F6
256
42 41 6
41 40 6
40 36 6
36 37 6
37 73 6
73 98 6
98 100 6
F7
256
44 19 7
19 15 7
15 14 7
14 11 7
11 12 7
12 47 7
47 48 7
48 49 7
F8
256
95 76 8
76 77 8
77 63 8
63 49 8
49 50 8
50 22 8
22 18 8
F9
256
52 51 9
51 50 9
50 49 9
49 63 9
63 64 9
64 65 9
F10
256
57 56 10
56 55 10
55 35 10
35 36 10
36 32 10
32 29 10
29 30 10
F11
256
17 18 11
18 49 11
49 63 11
63 77 11
F12
256
57 56 12
56 55 12
55 35 12
35 36 12
36 32 12
32 29 12
29 30 12
F13
256
17 18 13
18 49 13
49 63 13
63 77 13
F14
256
59 39 14
39 40 14
40 36 14
36 37 14
37 33 14
33 98 14
F15
256
50 64 15
64 63 15
63 77 15
77 76 15
F16
512
23 20 16
20 17 16
17 14 16
14 11 16
11 12 16
12 16 16
F17
512
21 19 17
19 17 17
17 14 17
14 11 17
11 8 17
8 5 17
F18
512
54 68 18
68 82 18
82 81 18
81 80 18
80 79 18
F19
512
1 13 19
13 11 19
11 12 19
12 47 19
47 61 19
61 60 19
F20
512
83 82 20
82 68 20
68 54 20
54 34 20
F21
512
50 64 21
64 63 21
63 77 21
77 76 21
F22
512
83 82 22
82 68 22
68 54 22
54 34 22
F23
512
41 40 23
40 36 23
36 37 23
37 73 23
F24
512
83 82 24
82 68 24
68 54 24
54 34 24
F25
512
84 83 25
83 82 25
82 81 25
81 90 25
F26
512
70 69 26
69 68 26
68 82 26
82 81 26
F27
512
87 84 27
84 83 27
83 82 27
82 89 27
F28
512
52 51 28
51 50 28
50 49 28
49 63 28
63 64 28
64 65 28
F29
512
50 64 29
64 63 29
63 77 29
77 76 29
F30
512
21 19 30
19 17 30
17 14 30
14 11 30
11 8 30
8 5 30
F31
1024
66 80 31
80 81 31
81 82 31
82 68 31
F32
1024
43 38 32
38 40 32
40 36 32
36 32 32
32 29 32
29 27 32
27 26 32
F33
1024
58 19 33
19 15 33
15 13 33
13 11 33
11 8 33
8 10 33
10 7 33
F34
1024
87 84 34
84 83 34
83 82 34
82 89 34
F35
1024
42 41 35
41 40 35
40 36 35
36 37 35
37 73 35
73 98 35
98 100 35
F36
1024
57 56 36
56 55 36
55 35 36
35 36 36
36 32 36
32 29 36
29 30 36
F37
1024
52 51 37
51 50 37
50 49 37
49 63 37
63 64 37
64 65 37
F38
1024
52 51 38
51 50 38
50 49 38
49 63 38
63 64 38
64 65 38
F39
1024
72 20 39
20 17 39
17 14 39
14 11 39
11 8 39
8 9 39
9 6 39
F40
1024
96 95 40
95 76 40
75 77 40
77 63 40
63 49 40
49 18 40
18 17 40
17 20 40
