F1
256
45 42 1
42 39 1
39 40 1
40 36 1
36 37 1
37 33 1
33 98 1
F2
256
21 19 2
19 17 2
17 14 2
14 11 2
11 8 2
8 5 2
F3
256
95 76 3
76 77 3
77 63 3
63 49 3
49 50 3
50 22 3
22 18 3
F4
256
69 68 4
68 82 4
82 81 4
81 80 4
F5
256
50 64 5
64 63 5
63 77 5
77 76 5
F6
256
2 15 6
15 14 6
14 11 6
11 12 6
12 47 6
47 61 6
61 75 6
F7
256
84 83 7
83 82 7
82 81 7
81 90 7
F8
256
87 84 8
84 83 8
83 82 8
82 89 8
F9
256
27 29 9
29 32 9
32 36 9
36 35 9
35 55 9
F10
256
4 9 10
9 8 10
8 11 10
11 12 10
12 47 10
47 46 10
F11
256
45 42 11
42 39 11
39 40 11
40 36 11
36 37 11
37 33 11
33 98 11
F12
256
43 38 12
38 40 12
40 36 12
36 32 12
32 29 12
29 27 12
27 26 12
F13
512
85 84 13
84 83 13
83 82 13
82 81 13
81 80 13
80 91 13
F14
512
42 41 14
41 40 14
40 36 14
36 37 14
37 73 14
73 98 14
98 100 14
F15
512
50 64 15
64 63 15
63 77 15
77 76 15
F16
512
19 15 16
15 13 16
13 11 16
11 12 16
12 10 16
F17
512
17 18 17
18 49 17
49 63 17
63 77 17
F18
512
95 76 18
76 77 18
77 63 18
63 49 18
49 50 18
50 22 18
22 18 18
F19
512
22 50 19
50 49 19
49 63 19
63 62 19
62 61 19
F20
512
54 68 20
68 82 20
82 81 20
81 80 20
80 79 20
F21
512
42 41 21
41 40 21
40 36 21
36 37 21
37 73 21
73 98 21
98 100 21
F22
512
19 15 22
15 13 22
13 11 22
11 12 22
12 10 22
F23
1024
27 29 23
29 32 23
32 36 23
36 35 23
35 55 23
F24
1024
97 76 24
76 77 24
77 63 24
63 49 24
49 48 24
48 16 24
16 14 24
F25
1024
42 41 25
41 40 25
40 36 25
36 37 25
37 73 25
73 98 25
98 100 25
F26
1024
87 84 26
84 83 26
83 82 26
82 89 26
F27
1024
27 29 27
29 32 27
32 36 27
36 35 27
35 55 27
F28
1024
21 19 28
19 17 28
17 14 28
14 11 28
11 8 28
8 5 28
F29
1024
41 40 29
40 36 29
36 37 29
37 73 29
F30
1024
27 29 30
29 32 30
32 36 30
36 35 30
35 55 30
F31
1024
50 64 31
64 63 31
63 77 31
77 76 31
F32
1024
85 84 32
84 83 32
83 82 32
82 81 32
81 80 32
80 91 32
F33
1024
70 69 33
69 68 33
68 82 33
82 81 33
F34
1024
74 75 34
75 76 34
76 77 34
77 63 34
63 64 34
64 78 34
78 77 34
77 94 34
F35
1024
83 82 35
82 68 35
68 54 35
54 34 35
F36
1024
54 68 36
68 82 36
82 81 36
81 80 36
80 79 36
F37
1024
57 56 37
56 55 37
55 35 37
35 36 37
36 32 37
32 29 37
29 30 37
F38
1024
74 75 38
75 76 38
76 77 38
77 63 38
63 64 38
64 78 38
78 77 38
77 94 38
F39
1024
2 15 39
15 14 39
14 11 39
11 12 39
12 47 39
47 61 39
61 75 39
F40
1024
52 51 40
51 50 40
50 49 40
49 63 40
63 64 40
64 65 40
