F1
256
9 8 1
8 11 1
11 14 1
14 15 1
F2
256
96 95 2
95 76 2
75 77 2
77 63 2
63 49 2
49 18 2
18 17 2
17 20 2
F3
256
43 38 3
38 40 3
40 36 3
36 32 3
32 29 3
29 27 3
27 26 3
F4
256
42 41 4
41 40 4
40 36 4
36 37 4
37 73 4
73 98 4
98 100 4
F5
256
23 20 5
20 17 5
17 14 5
14 11 5
11 12 5
12 16 5
F6
256
41 40 6
40 36 6
36 37 6
37 73 6
F7
256
22 50 7
50 49 7
49 63 7
63 62 7
62 61 7
F8
256
84 83 8
83 82 8
82 81 8
81 90 8
F9
256
72 20 9
20 17 9
17 14 9
14 11 9
11 8 9
8 9 9
9 6 9
F10
256
50 64 10
64 63 10
63 77 10
77 76 10
F11
256
59 39 11
39 40 11
40 36 11
36 37 11
37 33 11
33 98 11
F12
256
41 40 12
40 36 12
36 37 12
37 73 12
F13
256
41 40 13
40 36 13
36 37 13
37 73 13
F14
256
3 6 14
6 9 14
9 13 14
13 11 14
11 14 14
14 16 14
16 48 14
48 62 14
F15
256
58 19 15
19 15 15
15 13 15
13 11 15
11 8 15
8 10 15
10 7 15
F16
256
51 50 16
50 49 16
49 63 16
63 64 16
F17
256
57 56 17
56 55 17
55 35 17
35 36 17
36 32 17
32 29 17
29 30 17
F18
256
95 76 18
76 77 18
77 63 18
63 49 18
49 50 18
50 22 18
22 18 18
F19
256
56 55 19
55 54 19
54 68 19
68 82 19
82 81 19
81 67 19
F20
256
86 87 20
87 88 20
88 83 20
83 82 20
82 81 20
81 80 20
80 79 20
79 92 20
F21
256
56 55 21
55 54 21
54 68 21
68 82 21
82 81 21
81 67 21
F22
256
59 39 22
39 40 22
40 36 22
36 37 22
37 33 22
33 98 22
F23
256
86 87 23
87 88 23
88 83 23
83 82 23
82 81 23
81 80 23
80 79 23
79 92 23
F24
512
69 68 24
68 82 24
82 81 24
81 80 24
F25
512
22 50 25
50 49 25
49 63 25
63 62 25
62 61 25
F26
512
57 56 26
56 55 26
55 35 26
35 36 26
36 32 26
32 29 26
29 30 26
F27
512
74 75 27
75 76 27
76 77 27
77 63 27
63 64 27
64 78 27
78 77 27
77 94 27
F28
512
19 15 28
15 13 28
13 11 28
11 12 28
12 10 28
F29
512
2 15 29
15 14 29
14 11 29
11 12 29
12 47 29
47 61 29
61 75 29
F30
1024
66 80 30
80 81 30
81 82 30
82 68 30
F31
1024
74 75 31
75 76 31
76 77 31
77 63 31
63 64 31
64 78 31
78 77 31
77 94 31
F32
1024
97 76 32
76 77 32
77 63 32
63 49 32
49 48 32
48 16 32
16 14 32
F33
1024
66 80 33
80 81 33
81 82 33
82 68 33
F34
1024
3 6 34
6 9 34
9 13 34
13 11 34
11 14 34
14 16 34
16 48 34
48 62 34
F35
1024
96 95 35
95 76 35
75 77 35
77 63 35
63 49 35
49 18 35
18 17 35
17 20 35
F36
1024
43 38 36
38 40 36
40 36 36
36 32 36
32 29 36
29 27 36
27 26 36
F37
1024
56 55 37
55 54 37
54 68 37
68 82 37
82 81 37
81 67 37
F38
1024
84 83 38
83 82 38
82 81 38
81 90 38
F39
1024
3 6 39
6 9 39
9 13 39
13 11 39
11 14 39
14 16 39
16 48 39
48 62 39
F40
1024
71 56 40
56 38 40
38 40 40
40 36 40
36 32 40
32 34 40
34 31 40
31 28 40
