F1
256
17 18 1
18 49 1
49 63 1
63 77 1
F2
256
2 15 2
15 14 2
14 11 2
11 12 2
12 47 2
47 61 2
61 75 2
F3
256
88 83 3
83 69 3
69 55 3
55 54 3
54 53 3
F4
256
87 84 4
84 83 4
83 82 4
82 89 4
F5
256
97 76 5
76 77 5
77 63 5
63 49 5
49 48 5
48 16 5
16 14 5
F6
256
69 68 6
68 82 6
82 81 6
81 80 6
F7
256
56 55 7
55 54 7
54 68 7
68 82 7
82 81 7
81 67 7
F8
256
69 68 8
68 82 8
82 81 8
81 80 8
F9
256
85 84 9
84 83 9
83 82 9
82 81 9
81 80 9
80 91 9
F10
256
56 55 10
55 54 10
54 68 10
68 82 10
82 81 10
81 67 10
F11
256
41 40 11
40 36 11
36 37 11
37 73 11
F12
256
44 19 12
19 15 12
15 14 12
14 11 12
11 12 12
12 47 12
47 48 12
48 49 12
F13
256
71 56 13
56 38 13
38 40 13
40 36 13
36 32 13
32 34 13
34 31 13
31 28 13
F14
256
95 76 14
76 77 14
77 63 14
63 49 14
49 50 14
50 22 14
22 18 14
F15
256
71 56 15
56 38 15
38 40 15
40 36 15
36 32 15
32 34 15
34 31 15
31 28 15
F16
512
93 78 16
78 64 16
64 63 16
63 49 16
49 18 16
18 16 16
16 12 16
F17
512
97 76 17
76 77 17
77 63 17
63 49 17
49 48 17
48 16 17
16 14 17
F18
512
57 56 18
56 55 18
55 35 18
35 36 18
36 32 18
32 29 18
29 30 18
F19
512
43 38 19
38 40 19
40 36 19
36 32 19
32 29 19
29 27 19
27 26 19
F20
512
93 78 20
78 64 20
64 63 20
63 49 20
49 18 20
18 16 20
16 12 20
F21
512
72 20 21
20 17 21
17 14 21
14 11 21
11 8 21
8 9 21
9 6 21
F22
512
41 40 22
40 36 22
36 37 22
37 73 22
F23
512
72 20 23
20 17 23
17 14 23
14 11 23
11 8 23
8 9 23
9 6 23
F24
512
22 50 24
50 49 24
49 63 24
63 62 24
62 61 24
F25
512
72 20 25
20 17 25
17 14 25
14 11 25
11 8 25
8 9 25
9 6 25
F26
512
9 8 26
8 11 26
11 14 26
14 15 26
F27
512
41 40 27
40 36 27
36 37 27
37 73 27
F28
512
27 29 28
29 32 28
32 36 28
36 35 28
35 55 28
F29
512
96 95 29
95 76 29
75 77 29
77 63 29
63 49 29
49 18 29
18 17 29
17 20 29
F30
1024
2 15 30
15 14 30
14 11 30
11 12 30
12 47 30
47 61 30
61 75 30
F31
1024
44 19 31
19 15 31
15 14 31
14 11 31
11 12 31
12 47 31
47 48 31
48 49 31
F32
1024
52 51 32
51 50 32
50 49 32
49 63 32
63 64 32
64 65 32
F33
1024
85 84 33
84 83 33
83 82 33
82 81 33
81 80 33
80 91 33
F34
1024
9 8 34
8 11 34
11 14 34
14 15 34
F35
1024
86 87 35
87 88 35
88 83 35
83 82 35
82 81 35
81 80 35
80 79 35
79 92 35
F36
1024
71 56 36
56 38 36
38 40 36
40 36 36
36 32 36
32 34 36
34 31 36
31 28 36
F37
1024
97 76 37
76 77 37
77 63 37
63 49 37
49 48 37
48 16 37
16 14 37
F38
1024
66 80 38
80 81 38
81 82 38
82 68 38
F39
1024
84 83 39
83 82 39
82 81 39
81 90 39
F40
1024
9 8 40
8 11 40
11 14 40
14 15 40
