F1
256
58 19 1
19 15 1
15 13 1
13 11 1
11 8 1
8 10 1
10 7 1
F2
256
3 6 2
6 9 2
9 13 2
13 11 2
11 14 2
14 16 2
16 48 2
48 62 2
F3
256
96 95 3
95 76 3
75 77 3
77 63 3
63 49 3
49 18 3
18 17 3
17 20 3
F4
256
54 68 4
68 82 4
82 81 4
81 80 4
80 79 4
F5
256
3 6 5
6 9 5
9 13 5
13 11 5
11 14 5
14 16 5
16 48 5
48 62 5
F6
256
2 15 6
15 14 6
14 11 6
11 12 6
12 47 6
47 61 6
61 75 6
F7
256
52 51 7
51 50 7
50 49 7
49 63 7
63 64 7
64 65 7
F8
256
54 68 8
68 82 8
82 81 8
81 80 8
80 79 8
F9
256
54 68 9
68 82 9
82 81 9
81 80 9
80 79 9
F10
256
17 18 10
18 49 10
49 63 10
63 77 10
F11
256
59 39 11
39 40 11
40 36 11
36 37 11
37 33 11
33 98 11
F12
256
88 83 12
83 69 12
69 55 12
55 54 12
54 53 12
F13
256
51 50 13
50 49 13
49 63 13
63 64 13
F14
256
54 68 14
68 82 14
82 81 14
81 80 14
80 79 14
F15
256
70 69 15
69 68 15
68 82 15
82 81 15
F16
256
3 6 16
6 9 16
9 13 16
13 11 16
11 14 16
14 16 16
16 48 16
48 62 16
F17
512
22 50 17
50 49 17
49 63 17
63 62 17
62 61 17
F18
512
45 42 18
42 39 18
39 40 18
40 36 18
36 37 18
37 33 18
33 98 18
F19
512
4 9 19
9 8 19
8 11 19
11 12 19
12 47 19
47 46 19
F20
512
97 76 20
76 77 20
77 63 20
63 49 20
49 48 20
48 16 20
16 14 20
F21
512
74 75 21
75 76 21
76 77 21
77 63 21
63 64 21
64 78 21
78 77 21
77 94 21
F22
512
59 39 22
39 40 22
40 36 22
36 37 22
37 33 22
33 98 22
F23
512
42 41 23
41 40 23
40 36 23
36 37 23
37 73 23
73 98 23
98 100 23
F24
512
58 19 24
19 15 24
15 13 24
13 11 24
11 8 24
8 10 24
10 7 24
F25
512
58 19 25
19 15 25
15 13 25
13 11 25
11 8 25
8 10 25
10 7 25
F26
1024
86 87 26
87 88 26
88 83 26
83 82 26
82 81 26
81 80 26
80 79 26
79 92 26
F27
1024
21 19 27
19 17 27
17 14 27
14 11 27
11 8 27
8 5 27
F28
1024
42 41 28
41 40 28
40 36 28
36 37 28
37 73 28
73 98 28
98 100 28
F29
1024
85 84 29
84 83 29
83 82 29
82 81 29
81 80 29
80 91 29
F30
1024
87 84 30
84 83 30
83 82 30
82 89 30
F31
1024
83 82 31
82 68 31
68 54 31
54 34 31
F32
1024
93 78 32
78 64 32
64 63 32
63 49 32
49 18 32
18 16 32
16 12 32
F33
1024
72 20 33
20 17 33
17 14 33
14 11 33
11 8 33
8 9 33
9 6 33
F34
1024
9 8 34
8 11 34
11 14 34
14 15 34
F35
1024
66 80 35
80 81 35
81 82 35
82 68 35
F36
1024
93 78 36
78 64 36
64 63 36
63 49 36
49 18 36
18 16 36
16 12 36
F37
1024
87 84 37
84 83 37
83 82 37
82 89 37
F38
1024
43 38 38
38 40 38
40 36 38
36 32 38
32 29 38
29 27 38
27 26 38
F39
1024
1 13 39
13 11 39
11 12 39
12 47 39
47 61 39
61 60 39
F40
1024
96 95 40
95 76 40
75 77 40
77 63 40
63 49 40
49 18 40
18 17 40
17 20 40
