F1
256
21 19 1
19 17 1
17 14 1
14 11 1
11 8 1
8 5 1
F2
256
44 19 2
19 15 2
15 14 2
14 11 2
11 12 2
12 47 2
47 48 2
48 49 2
F3
256
17 18 3
18 49 3
49 63 3
63 77 3
F4
256
96 95 4
95 76 4
75 77 4
77 63 4
63 49 4
49 18 4
18 17 4
17 20 4
F5
256
56 55 5
55 54 5
54 68 5
68 82 5
82 81 5
81 67 5
F6
256
52 51 6
51 50 6
50 49 6
49 63 6
63 64 6
64 65 6
F7
256
50 64 7
64 63 7
63 77 7
77 76 7
F8
256
45 42 8
42 39 8
39 40 8
40 36 8
36 37 8
37 33 8
33 98 8
F9
256
19 15 9
15 13 9
13 11 9
11 12 9
12 10 9
F10
256
41 40 10
40 36 10
36 37 10
37 73 10
F11
256
21 19 11
19 17 11
17 14 11
14 11 11
11 8 11
8 5 11
F12
512
3 6 12
6 9 12
9 13 12
13 11 12
11 14 12
14 16 12
16 48 12
48 62 12
F13
512
52 51 13
51 50 13
50 49 13
49 63 13
63 64 13
64 65 13
F14
512
19 15 14
15 13 14
13 11 14
11 12 14
12 10 14
F15
512
97 76 15
76 77 15
77 63 15
63 49 15
49 48 15
48 16 15
16 14 15
F16
512
27 29 16
29 32 16
32 36 16
36 35 16
35 55 16
F17
512
21 19 17
19 17 17
17 14 17
14 11 17
11 8 17
8 5 17
F18
512
71 56 18
56 38 18
38 40 18
40 36 18
36 32 18
32 34 18
34 31 18
31 28 18
F19
512
87 84 19
84 83 19
83 82 19
82 89 19
F20
512
71 56 20
56 38 20
38 40 20
40 36 20
36 32 20
32 34 20
34 31 20
31 28 20
F21
512
2 15 21
15 14 21
14 11 21
11 12 21
12 47 21
47 61 21
61 75 21
F22
512
57 56 22
56 55 22
55 35 22
35 36 22
36 32 22
32 29 22
29 30 22
F23
512
66 80 23
80 81 23
81 82 23
82 68 23
F24
512
86 87 24
87 88 24
88 83 24
83 82 24
82 81 24
81 80 24
80 79 24
79 92 24
F25
512
52 51 25
51 50 25
50 49 25
49 63 25
63 64 25
64 65 25
F26
512
85 84 26
84 83 26
83 82 26
82 81 26
81 80 26
80 91 26
F27
512
71 56 27
56 38 27
38 40 27
40 36 27
36 32 27
32 34 27
34 31 27
31 28 27
F28
512
96 95 28
95 76 28
75 77 28
77 63 28
63 49 28
49 18 28
18 17 28
17 20 28
F29
512
19 15 29
15 13 29
13 11 29
11 12 29
12 10 29
F30
1024
88 83 30
83 69 30
69 55 30
55 54 30
54 53 30
F31
1024
27 29 31
29 32 31
32 36 31
36 35 31
35 55 31
F32
1024
52 51 32
51 50 32
50 49 32
49 63 32
63 64 32
64 65 32
F33
1024
52 51 33
51 50 33
50 49 33
49 63 33
63 64 33
64 65 33
F34
1024
1 13 34
13 11 34
11 12 34
12 47 34
47 61 34
61 60 34
F35
1024
22 50 35
50 49 35
49 63 35
63 62 35
62 61 35
F36
1024
96 95 36
95 76 36
75 77 36
77 63 36
63 49 36
49 18 36
18 17 36
17 20 36
F37
1024
72 20 37
20 17 37
17 14 37
14 11 37
11 8 37
8 9 37
9 6 37
F38
1024
66 80 38
80 81 38
81 82 38
82 68 38
F39
1024
22 50 39
50 49 39
49 63 39
63 62 39
62 61 39
F40
1024
23 20 40
20 17 40
17 14 40
14 11 40
11 12 40
12 16 40
