F1
256
9 8 1
8 11 1
11 14 1
14 15 1
F2
256
44 19 2
19 15 2
15 14 2
14 11 2
11 12 2
12 47 2
47 48 2
48 49 2
F3
256
93 78 3
78 64 3
64 63 3
63 49 3
49 18 3
18 16 3
16 12 3
F4
256
44 19 4
19 15 4
15 14 4
14 11 4
11 12 4
12 47 4
47 48 4
48 49 4
F5
256
44 19 5
19 15 5
15 14 5
14 11 5
11 12 5
12 47 5
47 48 5
48 49 5
F6
256
4 9 6
9 8 6
8 11 6
11 12 6
12 47 6
47 46 6
F7
256
66 80 7
80 81 7
81 82 7
82 68 7
F8
256
57 56 8
56 55 8
55 35 8
35 36 8
36 32 8
32 29 8
29 30 8
F9
256
27 29 9
29 32 9
32 36 9
36 35 9
35 55 9
F10
256
85 84 10
84 83 10
83 82 10
82 81 10
81 80 10
80 91 10
F11
256
66 80 11
80 81 11
81 82 11
82 68 11
F12
512
2 15 12
15 14 12
14 11 12
11 12 12
12 47 12
47 61 12
61 75 12
F13
512
95 76 13
76 77 13
77 63 13
63 49 13
49 50 13
50 22 13
22 18 13
F14
512
3 6 14
6 9 14
9 13 14
13 11 14
11 14 14
14 16 14
16 48 14
48 62 14
F15
512
74 75 15
75 76 15
76 77 15
77 63 15
63 64 15
64 78 15
78 77 15
77 94 15
F16
512
84 83 16
83 82 16
82 81 16
81 90 16
F17
512
23 20 17
20 17 17
17 14 17
14 11 17
11 12 17
12 16 17
F18
512
74 75 18
75 76 18
76 77 18
77 63 18
63 64 18
64 78 18
78 77 18
77 94 18
F19
512
96 95 19
95 76 19
75 77 19
77 63 19
63 49 19
49 18 19
18 17 19
17 20 19
F20
512
58 19 20
19 15 20
15 13 20
13 11 20
11 8 20
8 10 20
10 7 20
F21
512
41 40 21
40 36 21
36 37 21
37 73 21
F22
512
54 68 22
68 82 22
82 81 22
81 80 22
80 79 22
F23
512
4 9 23
9 8 23
8 11 23
11 12 23
12 47 23
47 46 23
F24
512
87 84 24
84 83 24
83 82 24
82 89 24
F25
512
56 55 25
55 54 25
54 68 25
68 82 25
82 81 25
81 67 25
F26
512
97 76 26
76 77 26
77 63 26
63 49 26
49 48 26
48 16 26
16 14 26
F27
1024
86 87 27
87 88 27
88 83 27
83 82 27
82 81 27
81 80 27
80 79 27
79 92 27
F28
1024
84 83 28
83 82 28
82 81 28
81 90 28
F29
1024
87 84 29
84 83 29
83 82 29
82 89 29
F30
1024
66 80 30
80 81 30
81 82 30
82 68 30
F31
1024
9 8 31
8 11 31
11 14 31
14 15 31
F32
1024
19 15 32
15 13 32
13 11 32
11 12 32
12 10 32
F33
1024
27 29 33
29 32 33
32 36 33
36 35 33
35 55 33
F34
1024
43 38 34
38 40 34
40 36 34
36 32 34
32 29 34
29 27 34
27 26 34
F35
1024
72 20 35
20 17 35
17 14 35
14 11 35
11 8 35
8 9 35
9 6 35
F36
1024
66 80 36
80 81 36
81 82 36
82 68 36
F37
1024
69 68 37
68 82 37
82 81 37
81 80 37
F38
1024
27 29 38
29 32 38
32 36 38
36 35 38
35 55 38
F39
1024
87 84 39
84 83 39
83 82 39
82 89 39
F40
1024
97 76 40
76 77 40
77 63 40
63 49 40
49 48 40
48 16 40
16 14 40
