F1
256
71 56 1
56 38 1
38 40 1
40 36 1
36 32 1
32 34 1
34 31 1
31 28 1
F2
256
95 76 2
76 77 2
77 63 2
63 49 2
49 50 2
50 22 2
22 18 2
F3
256
52 51 3
51 50 3
50 49 3
49 63 3
63 64 3
64 65 3
F4
256
96 95 4
95 76 4
75 77 4
77 63 4
63 49 4
49 18 4
18 17 4
17 20 4
F5
256
56 55 5
55 54 5
54 68 5
68 82 5
82 81 5
81 67 5
F6
256
4 9 6
9 8 6
8 11 6
11 12 6
12 47 6
47 46 6
F7
256
72 20 7
20 17 7
17 14 7
14 11 7
11 8 7
8 9 7
9 6 7
F8
256
83 82 8
82 68 8
68 54 8
54 34 8
F9
256
21 19 9
19 17 9
17 14 9
14 11 9
11 8 9
8 5 9
F10
256
41 40 10
40 36 10
36 37 10
37 73 10
F11
256
86 87 11
87 88 11
88 83 11
83 82 11
82 81 11
81 80 11
80 79 11
79 92 11
F12
256
93 78 12
78 64 12
64 63 12
63 49 12
49 18 12
18 16 12
16 12 12
F13
256
88 83 13
83 69 13
69 55 13
55 54 13
54 53 13
F14
256
95 76 14
76 77 14
77 63 14
63 49 14
49 50 14
50 22 14
22 18 14
F15
256
51 50 15
50 49 15
49 63 15
63 64 15
F16
256
45 42 16
42 39 16
39 40 16
40 36 16
36 37 16
37 33 16
33 98 16
F17
512
95 76 17
76 77 17
77 63 17
63 49 17
49 50 17
50 22 17
22 18 17
F18
512
96 95 18
95 76 18
75 77 18
77 63 18
63 49 18
49 18 18
18 17 18
17 20 18
F19
512
51 50 19
50 49 19
49 63 19
63 64 19
F20
512
85 84 20
84 83 20
83 82 20
82 81 20
81 80 20
80 91 20
F21
512
93 78 21
78 64 21
64 63 21
63 49 21
49 18 21
18 16 21
16 12 21
F22
512
23 20 22
20 17 22
17 14 22
14 11 22
11 12 22
12 16 22
F23
512
44 19 23
19 15 23
15 14 23
14 11 23
11 12 23
12 47 23
47 48 23
48 49 23
F24
1024
88 83 24
83 69 24
69 55 24
55 54 24
54 53 24
F25
1024
72 20 25
20 17 25
17 14 25
14 11 25
11 8 25
8 9 25
9 6 25
F26
1024
9 8 26
8 11 26
11 14 26
14 15 26
F27
1024
3 6 27
6 9 27
9 13 27
13 11 27
11 14 27
14 16 27
16 48 27
48 62 27
F28
1024
74 75 28
75 76 28
76 77 28
77 63 28
63 64 28
64 78 28
78 77 28
77 94 28
F29
1024
41 40 29
40 36 29
36 37 29
37 73 29
F30
1024
71 56 30
56 38 30
38 40 30
40 36 30
36 32 30
32 34 30
34 31 30
31 28 30
F31
1024
23 20 31
20 17 31
17 14 31
14 11 31
11 12 31
12 16 31
F32
1024
57 56 32
56 55 32
55 35 32
35 36 32
36 32 32
32 29 32
29 30 32
F33
1024
85 84 33
84 83 33
83 82 33
82 81 33
81 80 33
80 91 33
F34
1024
51 50 34
50 49 34
49 63 34
63 64 34
F35
1024
70 69 35
69 68 35
68 82 35
82 81 35
F36
1024
56 55 36
55 54 36
54 68 36
68 82 36
82 81 36
81 67 36
F37
1024
21 19 37
19 17 37
17 14 37
14 11 37
11 8 37
8 5 37
F38
1024
52 51 38
51 50 38
50 49 38
49 63 38
63 64 38
64 65 38
F39
1024
85 84 39
84 83 39
83 82 39
82 81 39
81 80 39
80 91 39
F40
1024
95 76 40
76 77 40
77 63 40
63 49 40
49 50 40
50 22 40
22 18 40
