F1
128
95 76 1
76 77 1
77 63 1
63 49 1
49 50 1
50 22 1
22 18 1
F2
256
83 82 2
82 68 2
68 54 2
54 34 2
F3
512
1 13 3
13 11 3
11 12 3
12 47 3
47 61 3
61 60 3
F4
512
3 6 4
6 9 4
9 13 4
13 11 4
11 14 4
14 16 4
16 48 4
48 62 4
F5
512
85 84 5
84 83 5
83 82 5
82 81 5
81 80 5
80 91 5
F6
512
1 13 6
13 11 6
11 12 6
12 47 6
47 61 6
61 60 6
F7
512
93 78 7
78 64 7
64 63 7
63 49 7
49 18 7
18 16 7
16 12 7
F8
1024
21 19 8
19 17 8
17 14 8
14 11 8
11 8 8
8 5 8
F9
1024
50 64 9
64 63 9
63 77 9
77 76 9
F10
1024
71 56 10
56 38 10
38 40 10
40 36 10
36 32 10
32 34 10
34 31 10
31 28 10
