F1
128
93 78 1
78 64 1
64 63 1
63 49 1
49 18 1
18 16 1
16 12 1
F2
128
69 68 2
68 82 2
82 81 2
81 80 2
F3
256
69 68 3
68 82 3
82 81 3
81 80 3
F4
512
84 83 4
83 82 4
82 81 4
81 90 4
F5
512
23 20 5
20 17 5
17 14 5
14 11 5
11 12 5
12 16 5
F6
512
2 15 6
15 14 6
14 11 6
11 12 6
12 47 6
47 61 6
61 75 6
F7
512
74 75 7
75 76 7
76 77 7
77 63 7
63 64 7
64 78 7
78 77 7
77 94 7
F8
1024
58 19 8
19 15 8
15 13 8
13 11 8
11 8 8
8 10 8
10 7 8
F9
1024
69 68 9
68 82 9
82 81 9
81 80 9
F10
1024
42 41 10
41 40 10
40 36 10
36 37 10
37 73 10
73 98 10
98 100 10
