F1
128
86 87 1
87 88 1
88 83 1
83 82 1
82 81 1
81 80 1
80 79 1
79 92 1
F2
256
86 87 2
87 88 2
88 83 2
83 82 2
82 81 2
81 80 2
80 79 2
79 92 2
F3
256
2 15 3
15 14 3
14 11 3
11 12 3
12 47 3
47 61 3
61 75 3
F4
512
42 41 4
41 40 4
40 36 4
36 37 4
37 73 4
73 98 4
98 100 4
F5
512
9 8 5
8 11 5
11 14 5
14 15 5
F6
512
22 50 6
50 49 6
49 63 6
63 62 6
62 61 6
F7
512
58 19 7
19 15 7
15 13 7
13 11 7
11 8 7
8 10 7
10 7 7
F8
1024
54 68 8
68 82 8
82 81 8
81 80 8
80 79 8
F9
1024
1 13 9
13 11 9
11 12 9
12 47 9
47 61 9
61 60 9
F10
1024
42 41 10
41 40 10
40 36 10
36 37 10
37 73 10
73 98 10
98 100 10
