F1
128
86 87 1
87 88 1
88 83 1
83 82 1
82 81 1
81 80 1
80 79 1
79 92 1
F2
256
2 15 2
15 14 2
14 11 2
11 12 2
12 47 2
47 61 2
61 75 2
F3
256
71 56 3
56 38 3
38 40 3
40 36 3
36 32 3
32 34 3
34 31 3
31 28 3
F4
512
9 8 4
8 11 4
11 14 4
14 15 4
F5
512
87 84 5
84 83 5
83 82 5
82 89 5
F6
1024
59 39 6
39 40 6
40 36 6
36 37 6
37 33 6
33 98 6
F7
1024
56 55 7
55 54 7
54 68 7
68 82 7
82 81 7
81 67 7
F8
1024
56 55 8
55 54 8
54 68 8
68 82 8
82 81 8
81 67 8
F9
1024
42 41 9
41 40 9
40 36 9
36 37 9
37 73 9
73 98 9
98 100 9
F10
1024
86 87 10
87 88 10
88 83 10
83 82 10
82 81 10
81 80 10
80 79 10
79 92 10
