F1
128
74 75 1
75 76 1
76 77 1
77 63 1
63 64 1
64 78 1
78 77 1
77 94 1
F2
128
93 78 2
78 64 2
64 63 2
63 49 2
49 18 2
18 16 2
16 12 2
F3
128
84 83 3
83 82 3
82 81 3
81 90 3
F4
256
3 6 4
6 9 4
9 13 4
13 11 4
11 14 4
14 16 4
16 48 4
48 62 4
F5
256
84 83 5
83 82 5
82 81 5
81 90 5
F6
256
66 80 6
80 81 6
81 82 6
82 68 6
F7
512
21 19 7
19 17 7
17 14 7
14 11 7
11 8 7
8 5 7
F8
512
2 15 8
15 14 8
14 11 8
11 12 8
12 47 8
47 61 8
61 75 8
F9
512
70 69 9
69 68 9
68 82 9
82 81 9
F10
1024
86 87 10
87 88 10
88 83 10
83 82 10
82 81 10
81 80 10
80 79 10
79 92 10
