F1
128
95 76 1
76 77 1
77 63 1
63 49 1
49 50 1
50 22 1
22 18 1
F2
128
95 76 2
76 77 2
77 63 2
63 49 2
49 50 2
50 22 2
22 18 2
F3
256
9 8 3
8 11 3
11 14 3
14 15 3
F4
256
85 84 4
84 83 4
83 82 4
82 81 4
81 80 4
80 91 4
F5
256
86 87 5
87 88 5
88 83 5
83 82 5
82 81 5
81 80 5
80 79 5
79 92 5
F6
1024
84 83 6
83 82 6
82 81 6
81 90 6
F7
1024
1 13 7
13 11 7
11 12 7
12 47 7
47 61 7
61 60 7
F8
1024
44 19 8
19 15 8
15 14 8
14 11 8
11 12 8
12 47 8
47 48 8
48 49 8
F9
1024
27 29 9
29 32 9
32 36 9
36 35 9
35 55 9
F10
1024
43 38 10
38 40 10
40 36 10
36 32 10
32 29 10
29 27 10
27 26 10
