F1
128
74 75 1
75 76 1
76 77 1
77 63 1
63 64 1
64 78 1
78 77 1
77 94 1
F2
128
85 84 2
84 83 2
83 82 2
82 81 2
81 80 2
80 91 2
F3
256
97 76 3
76 77 3
77 63 3
63 49 3
49 48 3
48 16 3
16 14 3
F4
256
59 39 4
39 40 4
40 36 4
36 37 4
37 33 4
33 98 4
F5
512
88 83 5
83 69 5
69 55 5
55 54 5
54 53 5
F6
512
9 8 6
8 11 6
11 14 6
14 15 6
F7
512
42 41 7
41 40 7
40 36 7
36 37 7
37 73 7
73 98 7
98 100 7
F8
512
1 13 8
13 11 8
11 12 8
12 47 8
47 61 8
61 60 8
F9
512
4 9 9
9 8 9
8 11 9
11 12 9
12 47 9
47 46 9
F10
512
85 84 10
84 83 10
83 82 10
82 81 10
81 80 10
80 91 10
