F1
128
84 83 1
83 82 1
82 81 1
81 90 1
F2
128
84 83 2
83 82 2
82 81 2
81 90 2
F3
128
87 84 3
84 83 3
83 82 3
82 89 3
F4
128
21 19 4
19 17 4
17 14 4
14 11 4
11 8 4
8 5 4
F5
128
4 9 5
9 8 5
8 11 5
11 12 5
12 47 5
47 46 5
F6
512
70 69 6
69 68 6
68 82 6
82 81 6
F7
512
96 95 7
95 76 7
75 77 7
77 63 7
63 49 7
49 18 7
18 17 7
17 20 7
F8
512
71 56 8
56 38 8
38 40 8
40 36 8
36 32 8
32 34 8
34 31 8
31 28 8
F9
1024
23 20 9
20 17 9
17 14 9
14 11 9
11 12 9
12 16 9
F10
1024
74 75 10
75 76 10
76 77 10
77 63 10
63 64 10
64 78 10
78 77 10
77 94 10
