F1
128
66 80 1
80 81 1
81 82 1
82 68 1
F2
128
54 68 2
68 82 2
82 81 2
81 80 2
80 79 2
F3
256
17 18 3
18 49 3
49 63 3
63 77 3
F4
512
58 19 4
19 15 4
15 13 4
13 11 4
11 8 4
8 10 4
10 7 4
F5
512
57 56 5
56 55 5
55 35 5
35 36 5
36 32 5
32 29 5
29 30 5
F6
1024
70 69 6
69 68 6
68 82 6
82 81 6
F7
1024
45 42 7
42 39 7
39 40 7
40 36 7
36 37 7
37 33 7
33 98 7
F8
1024
71 56 8
56 38 8
38 40 8
40 36 8
36 32 8
32 34 8
34 31 8
31 28 8
F9
1024
17 18 9
18 49 9
49 63 9
63 77 9
F10
1024
21 19 10
19 17 10
17 14 10
14 11 10
11 8 10
8 5 10
