F1
128
71 56 1
56 38 1
38 40 1
40 36 1
36 32 1
32 34 1
34 31 1
31 28 1
F2
128
57 56 2
56 55 2
55 35 2
35 36 2
36 32 2
32 29 2
29 30 2
F3
128
59 39 3
39 40 3
40 36 3
36 37 3
37 33 3
33 98 3
F4
256
95 76 4
76 77 4
77 63 4
63 49 4
49 50 4
50 22 4
22 18 4
F5
256
85 84 5
84 83 5
83 82 5
82 81 5
81 80 5
80 91 5
F6
256
96 95 6
95 76 6
75 77 6
77 63 6
63 49 6
49 18 6
18 17 6
17 20 6
F7
256
57 56 7
56 55 7
55 35 7
35 36 7
36 32 7
32 29 7
29 30 7
F8
512
19 15 8
15 13 8
13 11 8
11 12 8
12 10 8
F9
512
59 39 9
39 40 9
40 36 9
36 37 9
37 33 9
33 98 9
F10
1024
70 69 10
69 68 10
68 82 10
82 81 10
