F1
128
19 15 1
15 13 1
13 11 1
11 12 1
12 10 1
F2
128
59 39 2
39 40 2
40 36 2
36 37 2
37 33 2
33 98 2
F3
256
17 18 3
18 49 3
49 63 3
63 77 3
F4
256
9 8 4
8 11 4
11 14 4
14 15 4
F5
256
97 76 5
76 77 5
77 63 5
63 49 5
49 48 5
48 16 5
16 14 5
F6
512
56 55 6
55 54 6
54 68 6
68 82 6
82 81 6
81 67 6
F7
512
95 76 7
76 77 7
77 63 7
63 49 7
49 50 7
50 22 7
22 18 7
F8
1024
84 83 8
83 82 8
82 81 8
81 90 8
F9
1024
50 64 9
64 63 9
63 77 9
77 76 9
F10
1024
59 39 10
39 40 10
40 36 10
36 37 10
37 33 10
33 98 10
