F1
256
51 50 1
50 49 1
49 63 1
63 64 1
F2
256
85 84 2
84 83 2
83 82 2
82 81 2
81 80 2
80 91 2
F3
256
72 20 3
20 17 3
17 14 3
14 11 3
11 8 3
8 9 3
9 6 3
F4
256
19 15 4
15 13 4
13 11 4
11 12 4
12 10 4
F5
512
58 19 5
19 15 5
15 13 5
13 11 5
11 8 5
8 10 5
10 7 5
F6
512
42 41 6
41 40 6
40 36 6
36 37 6
37 73 6
73 98 6
98 100 6
F7
512
71 56 7
56 38 7
38 40 7
40 36 7
36 32 7
32 34 7
34 31 7
31 28 7
F8
1024
23 20 8
20 17 8
17 14 8
14 11 8
11 12 8
12 16 8
F9
1024
58 19 9
19 15 9
15 13 9
13 11 9
11 8 9
8 10 9
10 7 9
F10
1024
96 95 10
95 76 10
75 77 10
77 63 10
63 49 10
49 18 10
18 17 10
17 20 10
