F1
256
80 78 1
78 93 1
93 68 1
68 76 1
76 100 1
100 91 1
F2
256
3 4 2
4 41 2
41 8 2
8 35 2
35 83 2
83 49 2
49 66 2
66 59 2
F3
256
26 21 3
21 16 3
16 11 3
11 58 3
58 56 3
56 83 3
F4
256
3 4 4
4 41 4
41 8 4
8 35 4
35 83 4
83 49 4
49 66 4
66 59 4
F5
256
27 63 5
63 98 5
98 76 5
76 61 5
61 28 5
F6
256
42 77 6
77 70 6
70 98 6
98 76 6
76 68 6
68 87 6
F7
256
18 14 7
14 11 7
11 56 7
56 83 7
83 49 7
49 69 7
F8
256
54 31 8
31 41 8
41 8 8
8 35 8
35 56 8
56 58 8
58 16 8
F9
256
85 91 9
91 100 9
100 76 9
76 82 9
82 74 9
74 81 9
F10
256
5 7 10
7 9 10
9 13 10
13 11 10
11 16 10
16 21 10
21 26 10
26 19 10
F11
512
84 73 11
73 53 11
53 50 11
50 39 11
39 36 11
F12
512
89 87 12
87 68 12
68 76 12
76 61 12
F13
512
54 31 13
31 41 13
41 8 13
8 35 13
35 56 13
56 58 13
58 16 13
F14
512
80 78 14
78 93 14
93 68 14
68 76 14
76 100 14
100 91 14
F15
1024
89 87 15
87 68 15
68 76 15
76 61 15
F16
1024
37 32 16
32 39 16
39 50 16
50 28 16
28 23 16
23 40 16
F17
1024
20 58 17
58 11 17
11 13 17
13 9 17
F18
1024
26 21 18
21 16 18
16 11 18
11 58 18
58 56 18
56 83 18
F19
1024
5 7 19
7 9 19
9 13 19
13 11 19
11 16 19
16 21 19
21 26 19
26 19 19
F20
1024
17 14 20
14 11 20
11 56 20
56 79 20
79 88 20
