F1
256
85 91 1
91 100 1
100 76 1
76 82 1
82 74 1
74 81 1
F2
256
8 35 2
35 55 2
55 41 2
F3
256
18 14 3
14 11 3
11 56 3
56 83 3
83 49 3
49 69 3
F4
256
85 91 4
91 100 4
100 76 4
76 82 4
82 74 4
74 81 4
F5
256
27 63 5
63 98 5
98 76 5
76 61 5
61 28 5
F6
256
46 52 6
52 58 6
58 11 6
11 16 6
16 21 6
21 24 6
24 15 6
F7
256
10 12 7
12 14 7
14 11 7
11 56 7
56 79 7
79 75 7
F8
256
99 89 8
89 87 8
87 53 8
53 50 8
50 33 8
33 32 8
32 29 8
F9
256
17 14 9
14 11 9
11 56 9
56 79 9
79 88 9
F10
512
99 89 10
89 87 10
87 53 10
53 50 10
50 33 10
33 32 10
32 29 10
F11
512
38 47 11
47 53 11
53 50 11
50 72 11
72 68 11
68 93 11
F12
512
54 31 12
31 41 12
41 8 12
8 35 12
35 56 12
56 58 12
58 16 12
F13
512
18 14 13
14 11 13
11 56 13
56 83 13
83 49 13
49 69 13
F14
512
10 12 14
12 14 14
14 11 14
11 56 14
56 79 14
79 75 14
F15
1024
66 49 15
49 83 15
83 35 15
35 56 15
F16
1024
22 21 16
21 16 16
16 11 16
11 58 16
58 44 16
44 60 16
F17
1024
7 9 17
9 13 17
13 11 17
11 58 17
58 52 17
F18
1024
79 56 18
56 35 18
35 55 18
55 67 18
F19
1024
26 21 19
21 16 19
16 11 19
11 58 19
58 56 19
56 83 19
F20
1024
84 73 20
73 53 20
53 50 20
50 39 20
39 36 20
