F1
256
8 35 1
35 55 1
55 41 1
F2
256
100 76 2
76 98 2
98 63 2
F3
256
100 76 3
76 98 3
98 63 3
F4
256
10 12 4
12 14 4
14 11 4
11 56 4
56 79 4
79 75 4
F5
512
66 49 5
49 83 5
83 35 5
35 56 5
F6
512
5 7 6
7 9 6
9 13 6
13 11 6
11 16 6
16 21 6
21 26 6
26 19 6
F7
512
66 49 7
49 83 7
83 35 7
35 56 7
F8
512
4 41 8
41 55 8
55 35 8
35 13 8
F9
512
26 21 9
21 16 9
16 11 9
11 58 9
58 56 9
56 83 9
F10
512
26 21 10
21 16 10
16 11 10
11 58 10
58 56 10
56 83 10
F11
512
25 28 11
28 61 11
61 76 11
76 98 11
98 63 11
63 65 11
F12
512
94 97 12
97 86 12
86 68 12
68 76 12
76 82 12
82 74 12
F13
512
22 21 13
21 16 13
16 11 13
11 58 13
58 44 13
44 60 13
F14
512
47 33 14
33 50 14
50 39 14
F15
512
20 58 15
58 11 15
11 13 15
13 9 15
F16
512
27 63 16
63 98 16
98 76 16
76 61 16
61 28 16
F17
512
5 7 17
7 9 17
9 13 17
13 11 17
11 16 17
16 21 17
21 26 17
26 19 17
F18
512
20 58 18
58 11 18
11 13 18
13 9 18
F19
1024
43 4 19
4 6 19
6 8 19
8 35 19
35 55 19
F20
1024
43 4 20
4 6 20
6 8 20
8 35 20
35 55 20
