F1
256
80 78 1
78 93 1
93 68 1
68 76 1
76 100 1
100 91 1
F2
256
45 37 2
37 32 2
32 39 2
39 50 2
50 72 2
72 68 2
68 86 2
86 97 2
F3
256
99 89 3
89 87 3
87 53 3
53 50 3
50 33 3
33 32 3
32 29 3
F4
256
72 50 4
50 53 4
53 73 4
F5
256
84 73 5
73 53 5
53 50 5
50 39 5
39 36 5
F6
256
10 12 6
12 14 6
14 11 6
11 56 6
56 79 6
79 75 6
F7
512
22 18 7
18 14 7
14 11 7
11 58 7
58 52 7
52 71 7
F8
512
27 63 8
63 98 8
98 76 8
76 61 8
61 28 8
F9
512
66 49 9
49 83 9
83 35 9
35 56 9
F10
512
3 4 10
4 41 10
41 8 10
8 35 10
35 83 10
83 49 10
49 66 10
66 59 10
F11
512
7 9 11
9 13 11
13 11 11
11 58 11
58 52 11
F12
512
45 37 12
37 32 12
32 39 12
39 50 12
50 72 12
72 68 12
68 86 12
86 97 12
F13
512
79 56 13
56 35 13
35 55 13
55 67 13
F14
512
20 58 14
58 11 14
11 13 14
13 9 14
F15
1024
80 78 15
78 93 15
93 68 15
68 76 15
76 100 15
100 91 15
F16
1024
22 18 16
18 14 16
14 11 16
11 58 16
58 52 16
52 71 16
F17
1024
20 58 17
58 11 17
11 13 17
13 9 17
F18
1024
26 21 18
21 16 18
16 11 18
11 58 18
58 56 18
56 83 18
F19
1024
89 87 19
87 68 19
68 76 19
76 61 19
F20
1024
48 34 20
34 33 20
33 50 20
50 53 20
53 73 20
73 51 20
