F1
256
24 20 1
20 16 1
16 11 1
11 13 1
13 12 1
F2
256
24 20 2
20 16 2
16 11 2
11 13 2
13 12 2
F3
256
5 7 3
7 9 3
9 13 3
13 11 3
11 16 3
16 21 3
21 26 3
26 19 3
F4
256
48 34 4
34 33 4
33 50 4
50 53 4
53 73 4
73 51 4
F5
256
43 4 5
4 6 5
6 8 5
8 35 5
35 55 5
F6
256
92 96 6
96 93 6
93 68 6
68 76 6
76 82 6
82 95 6
F7
256
79 56 7
56 35 7
35 55 7
55 67 7
F8
256
43 4 8
4 6 8
6 8 8
8 35 8
35 55 8
F9
256
3 4 9
4 41 9
41 8 9
8 35 9
35 83 9
83 49 9
49 66 9
66 59 9
F10
512
72 50 10
50 53 10
53 73 10
F11
512
43 4 11
4 6 11
6 8 11
8 35 11
35 55 11
F12
512
72 50 12
50 53 12
53 73 12
F13
512
47 33 13
33 50 13
50 39 13
F14
512
100 76 14
76 98 14
98 63 14
F15
1024
2 1 15
1 6 15
6 8 15
8 35 15
35 55 15
55 67 15
67 62 15
62 64 15
F16
1024
18 14 16
14 11 16
11 56 16
56 83 16
83 49 16
49 69 16
F17
1024
4 41 17
41 55 17
55 35 17
35 13 17
F18
1024
85 91 18
91 100 18
100 76 18
76 82 18
82 74 18
74 81 18
F19
1024
5 7 19
7 9 19
9 13 19
13 11 19
11 16 19
16 21 19
21 26 19
26 19 19
F20
1024
45 37 20
37 32 20
32 39 20
39 50 20
50 72 20
72 68 20
68 86 20
86 97 20
