F1
256
21 16 1
16 11 1
11 14 1
F2
256
33 50 2
50 57 2
F3
256
100 76 3
76 98 3
98 63 3
F4
256
3 4 4
4 41 4
41 8 4
8 35 4
35 83 4
83 49 4
49 66 4
66 59 4
F5
256
99 89 5
89 87 5
87 53 5
53 50 5
50 33 5
33 32 5
32 29 5
F6
256
1 6 6
6 8 6
8 35 6
35 56 6
56 44 6
44 60 6
F7
256
22 21 7
21 16 7
16 11 7
11 58 7
58 44 7
44 60 7
F8
256
33 50 8
50 57 8
F9
256
3 4 9
4 41 9
41 8 9
8 35 9
35 83 9
83 49 9
49 66 9
66 59 9
F10
256
24 20 10
20 16 10
16 11 10
11 13 10
13 12 10
F11
512
20 58 11
58 11 11
11 13 11
13 9 11
F12
512
5 7 12
7 9 12
9 13 12
13 11 12
11 16 12
16 21 12
21 26 12
26 19 12
F13
512
3 4 13
4 41 13
41 8 13
8 35 13
35 83 13
83 49 13
49 66 13
66 59 13
F14
512
100 76 14
76 98 14
98 63 14
F15
512
72 50 15
50 53 15
53 73 15
F16
1024
89 87 16
87 68 16
68 76 16
76 61 16
F17
1024
26 21 17
21 16 17
16 11 17
11 58 17
58 56 17
56 83 17
F18
1024
48 34 18
34 33 18
33 50 18
50 53 18
53 73 18
73 51 18
F19
1024
20 58 19
58 11 19
11 13 19
13 9 19
F20
1024
99 89 20
89 87 20
87 53 20
53 50 20
50 33 20
33 32 20
32 29 20
