F1
256
43 4 1
4 6 1
6 8 1
8 35 1
35 55 1
F2
256
2 1 2
1 6 2
6 8 2
8 35 2
35 55 2
55 67 2
67 62 2
62 64 2
F3
256
38 47 3
47 53 3
53 50 3
50 72 3
72 68 3
68 93 3
F4
256
20 58 4
58 11 4
11 13 4
13 9 4
F5
256
43 4 5
4 6 5
6 8 5
8 35 5
35 55 5
F6
256
27 63 6
63 98 6
98 76 6
76 61 6
61 28 6
F7
256
89 87 7
87 68 7
68 76 7
76 61 7
F8
256
48 34 8
34 33 8
33 50 8
50 53 8
53 73 8
73 51 8
F9
256
5 7 9
7 9 9
9 13 9
13 11 9
11 16 9
16 21 9
21 26 9
26 19 9
F10
256
100 76 10
76 98 10
98 63 10
F11
512
92 96 11
96 93 11
93 68 11
68 76 11
76 82 11
82 95 11
F12
512
90 85 12
85 100 12
100 76 12
76 61 12
61 28 12
28 25 12
25 30 12
F13
512
99 89 13
89 87 13
87 53 13
53 50 13
50 33 13
33 32 13
32 29 13
F14
512
26 21 14
21 16 14
16 11 14
11 58 14
58 56 14
56 83 14
F15
512
3 4 15
4 41 15
41 8 15
8 35 15
35 83 15
83 49 15
49 66 15
66 59 15
F16
512
18 14 16
14 11 16
11 56 16
56 83 16
83 49 16
49 69 16
F17
512
42 77 17
77 70 17
70 98 17
98 76 17
76 68 17
68 87 17
F18
1024
45 37 18
37 32 18
32 39 18
39 50 18
50 72 18
72 68 18
68 86 18
86 97 18
F19
1024
2 1 19
1 6 19
6 8 19
8 35 19
35 55 19
55 67 19
67 62 19
62 64 19
F20
1024
1 6 20
6 8 20
8 35 20
35 56 20
56 44 20
44 60 20
