F1
256
42 77 1
77 70 1
70 98 1
98 76 1
76 68 1
68 87 1
F2
256
99 89 2
89 87 2
87 53 2
53 50 2
50 33 2
33 32 2
32 29 2
F3
256
26 21 3
21 16 3
16 11 3
11 58 3
58 56 3
56 83 3
F4
256
54 31 4
31 41 4
41 8 4
8 35 4
35 56 4
56 58 4
58 16 4
F5
256
20 58 5
58 11 5
11 13 5
13 9 5
F6
512
7 9 6
9 13 6
13 11 6
11 58 6
58 52 6
F7
512
42 77 7
77 70 7
70 98 7
98 76 7
76 68 7
68 87 7
F8
512
22 18 8
18 14 8
14 11 8
11 58 8
58 52 8
52 71 8
F9
512
79 56 9
56 35 9
35 55 9
55 67 9
F10
512
85 91 10
91 100 10
100 76 10
76 82 10
82 74 10
74 81 10
F11
512
21 16 11
16 11 11
11 14 11
F12
512
17 14 12
14 11 12
11 56 12
56 79 12
79 88 12
F13
1024
22 21 13
21 16 13
16 11 13
11 58 13
58 44 13
44 60 13
F14
1024
27 63 14
63 98 14
98 76 14
76 61 14
61 28 14
F15
1024
100 76 15
76 98 15
98 63 15
F16
1024
26 21 16
21 16 16
16 11 16
11 58 16
58 56 16
56 83 16
F17
1024
33 50 17
50 57 17
F18
1024
17 14 18
14 11 18
11 56 18
56 79 18
79 88 18
F19
1024
25 28 19
28 61 19
61 76 19
76 98 19
98 63 19
63 65 19
F20
1024
5 7 20
7 9 20
9 13 20
13 11 20
11 16 20
16 21 20
21 26 20
26 19 20
