F1
256
80 78 1
78 93 1
93 68 1
68 76 1
76 100 1
100 91 1
F2
256
25 28 2
28 61 2
61 76 2
76 98 2
98 63 2
63 65 2
F3
256
5 7 3
7 9 3
9 13 3
13 11 3
11 16 3
16 21 3
21 26 3
26 19 3
F4
256
72 50 4
50 53 4
53 73 4
F5
256
48 34 5
34 33 5
33 50 5
50 53 5
53 73 5
73 51 5
F6
512
26 21 6
21 16 6
16 11 6
11 58 6
58 56 6
56 83 6
F7
512
47 33 7
33 50 7
50 39 7
F8
512
22 21 8
21 16 8
16 11 8
11 58 8
58 44 8
44 60 8
F9
512
54 31 9
31 41 9
41 8 9
8 35 9
35 56 9
56 58 9
58 16 9
F10
512
4 41 10
41 55 10
55 35 10
35 13 10
F11
512
89 87 11
87 68 11
68 76 11
76 61 11
F12
512
85 91 12
91 100 12
100 76 12
76 82 12
82 74 12
74 81 12
F13
512
3 4 13
4 41 13
41 8 13
8 35 13
35 83 13
83 49 13
49 66 13
66 59 13
F14
1024
54 31 14
31 41 14
41 8 14
8 35 14
35 56 14
56 58 14
58 16 14
F15
1024
80 78 15
78 93 15
93 68 15
68 76 15
76 100 15
100 91 15
F16
1024
42 77 16
77 70 16
70 98 16
98 76 16
76 68 16
68 87 16
F17
1024
37 32 17
32 39 17
39 50 17
50 28 17
28 23 17
23 40 17
F18
1024
1 6 18
6 8 18
8 35 18
35 56 18
56 44 18
44 60 18
F19
1024
43 4 19
4 6 19
6 8 19
8 35 19
35 55 19
F20
1024
92 96 20
96 93 20
93 68 20
68 76 20
76 82 20
82 95 20
