F1
256
26 21 1
21 16 1
16 11 1
11 58 1
58 56 1
56 83 1
F2
256
4 41 2
41 55 2
55 35 2
35 13 2
F3
256
37 32 3
32 39 3
39 50 3
50 28 3
28 23 3
23 40 3
F4
256
22 21 4
21 16 4
16 11 4
11 58 4
58 44 4
44 60 4
F5
256
72 50 5
50 53 5
53 73 5
F6
512
37 32 6
32 39 6
39 50 6
50 28 6
28 23 6
23 40 6
F7
512
5 7 7
7 9 7
9 13 7
13 11 7
11 16 7
16 21 7
21 26 7
26 19 7
F8
512
72 50 8
50 53 8
53 73 8
F9
512
85 91 9
91 100 9
100 76 9
76 82 9
82 74 9
74 81 9
F10
512
1 6 10
6 8 10
8 35 10
35 56 10
56 44 10
44 60 10
F11
512
1 6 11
6 8 11
8 35 11
35 56 11
56 44 11
44 60 11
F12
512
100 76 12
76 98 12
98 63 12
F13
512
38 47 13
47 53 13
53 50 13
50 72 13
72 68 13
68 93 13
F14
512
24 20 14
20 16 14
16 11 14
11 13 14
13 12 14
F15
1024
2 1 15
1 6 15
6 8 15
8 35 15
35 55 15
55 67 15
67 62 15
62 64 15
F16
1024
79 56 16
56 35 16
35 55 16
55 67 16
F17
1024
20 58 17
58 11 17
11 13 17
13 9 17
F18
1024
47 33 18
33 50 18
50 39 18
F19
1024
94 97 19
97 86 19
86 68 19
68 76 19
76 82 19
82 74 19
F20
1024
72 50 20
50 53 20
53 73 20
