F1
256
26 21 1
21 16 1
16 11 1
11 58 1
58 56 1
56 83 1
F2
256
4 41 2
41 55 2
55 35 2
35 13 2
F3
256
84 73 3
73 53 3
53 50 3
50 39 3
39 36 3
F4
256
72 50 4
50 53 4
53 73 4
F5
256
94 97 5
97 86 5
86 68 5
68 76 5
76 82 5
82 74 5
F6
512
4 41 6
41 55 6
55 35 6
35 13 6
F7
512
42 77 7
77 70 7
70 98 7
98 76 7
76 68 7
68 87 7
F8
512
72 50 8
50 53 8
53 73 8
F9
512
90 85 9
85 100 9
100 76 9
76 61 9
61 28 9
28 25 9
25 30 9
F10
512
42 77 10
77 70 10
70 98 10
98 76 10
76 68 10
68 87 10
F11
512
54 31 11
31 41 11
41 8 11
8 35 11
35 56 11
56 58 11
58 16 11
F12
512
38 47 12
47 53 12
53 50 12
50 72 12
72 68 12
68 93 12
F13
512
54 31 13
31 41 13
41 8 13
8 35 13
35 56 13
56 58 13
58 16 13
F14
512
43 4 14
4 6 14
6 8 14
8 35 14
35 55 14
F15
512
25 28 15
28 61 15
61 76 15
76 98 15
98 63 15
63 65 15
F16
512
2 1 16
1 6 16
6 8 16
8 35 16
35 55 16
55 67 16
67 62 16
62 64 16
F17
1024
37 32 17
32 39 17
39 50 17
50 28 17
28 23 17
23 40 17
F18
1024
8 35 18
35 55 18
55 41 18
F19
1024
48 34 19
34 33 19
33 50 19
50 53 19
53 73 19
73 51 19
F20
1024
3 4 20
4 41 20
41 8 20
8 35 20
35 83 20
83 49 20
49 66 20
66 59 20
