F1
256
54 31 1
31 41 1
41 8 1
8 35 1
35 56 1
56 58 1
58 16 1
F2
256
26 21 2
21 16 2
16 11 2
11 58 2
58 56 2
56 83 2
F3
256
79 56 3
56 35 3
35 55 3
55 67 3
F4
256
7 9 4
9 13 4
13 11 4
11 58 4
58 52 4
F5
256
72 50 5
50 53 5
53 73 5
F6
512
99 89 6
89 87 6
87 53 6
53 50 6
50 33 6
33 32 6
32 29 6
F7
512
99 89 7
89 87 7
87 53 7
53 50 7
50 33 7
33 32 7
32 29 7
F8
512
45 37 8
37 32 8
32 39 8
39 50 8
50 72 8
72 68 8
68 86 8
86 97 8
F9
512
94 97 9
97 86 9
86 68 9
68 76 9
76 82 9
82 74 9
F10
512
25 28 10
28 61 10
61 76 10
76 98 10
98 63 10
63 65 10
F11
512
21 16 11
16 11 11
11 14 11
F12
512
17 14 12
14 11 12
11 56 12
56 79 12
79 88 12
F13
1024
66 49 13
49 83 13
83 35 13
35 56 13
F14
1024
66 49 14
49 83 14
83 35 14
35 56 14
F15
1024
80 78 15
78 93 15
93 68 15
68 76 15
76 100 15
100 91 15
F16
1024
79 56 16
56 35 16
35 55 16
55 67 16
F17
1024
37 32 17
32 39 17
39 50 17
50 28 17
28 23 17
23 40 17
F18
1024
84 73 18
73 53 18
53 50 18
50 39 18
39 36 18
F19
1024
92 96 19
96 93 19
93 68 19
68 76 19
76 82 19
82 95 19
F20
1024
22 21 20
21 16 20
16 11 20
11 58 20
58 44 20
44 60 20
