F1
256
22 21 1
21 16 1
16 11 1
11 58 1
58 44 1
44 60 1
F2
256
2 1 2
1 6 2
6 8 2
8 35 2
35 55 2
55 67 2
67 62 2
62 64 2
F3
256
21 16 3
16 11 3
11 14 3
F4
256
54 31 4
31 41 4
41 8 4
8 35 4
35 56 4
56 58 4
58 16 4
F5
256
25 28 5
28 61 5
61 76 5
76 98 5
98 63 5
63 65 5
F6
512
10 12 6
12 14 6
14 11 6
11 56 6
56 79 6
79 75 6
F7
512
94 97 7
97 86 7
86 68 7
68 76 7
76 82 7
82 74 7
F8
512
84 73 8
73 53 8
53 50 8
50 39 8
39 36 8
F9
512
48 34 9
34 33 9
33 50 9
50 53 9
53 73 9
73 51 9
F10
512
33 50 10
50 57 10
F11
512
3 4 11
4 41 11
41 8 11
8 35 11
35 83 11
83 49 11
49 66 11
66 59 11
F12
512
22 21 12
21 16 12
16 11 12
11 58 12
58 44 12
44 60 12
F13
512
20 58 13
58 11 13
11 13 13
13 9 13
F14
1024
79 56 14
56 35 14
35 55 14
55 67 14
F15
1024
20 58 15
58 11 15
11 13 15
13 9 15
F16
1024
42 77 16
77 70 16
70 98 16
98 76 16
76 68 16
68 87 16
F17
1024
24 20 17
20 16 17
16 11 17
11 13 17
13 12 17
F18
1024
22 21 18
21 16 18
16 11 18
11 58 18
58 44 18
44 60 18
F19
1024
24 20 19
20 16 19
16 11 19
11 13 19
13 12 19
F20
1024
54 31 20
31 41 20
41 8 20
8 35 20
35 56 20
56 58 20
58 16 20
