F1
256
25 28 1
28 61 1
61 76 1
76 98 1
98 63 1
63 65 1
F2
256
43 4 2
4 6 2
6 8 2
8 35 2
35 55 2
F3
256
26 21 3
21 16 3
16 11 3
11 58 3
58 56 3
56 83 3
F4
256
47 33 4
33 50 4
50 39 4
F5
256
5 7 5
7 9 5
9 13 5
13 11 5
11 16 5
16 21 5
21 26 5
26 19 5
F6
256
99 89 6
89 87 6
87 53 6
53 50 6
50 33 6
33 32 6
32 29 6
F7
256
45 37 7
37 32 7
32 39 7
39 50 7
50 72 7
72 68 7
68 86 7
86 97 7
F8
256
42 77 8
77 70 8
70 98 8
98 76 8
76 68 8
68 87 8
F9
512
10 12 9
12 14 9
14 11 9
11 56 9
56 79 9
79 75 9
F10
512
27 63 10
63 98 10
98 76 10
76 61 10
61 28 10
F11
512
24 20 11
20 16 11
16 11 11
11 13 11
13 12 11
F12
512
25 28 12
28 61 12
61 76 12
76 98 12
98 63 12
63 65 12
F13
512
3 4 13
4 41 13
41 8 13
8 35 13
35 83 13
83 49 13
49 66 13
66 59 13
F14
512
80 78 14
78 93 14
93 68 14
68 76 14
76 100 14
100 91 14
F15
1024
43 4 15
4 6 15
6 8 15
8 35 15
35 55 15
F16
1024
66 49 16
49 83 16
83 35 16
35 56 16
F17
1024
10 12 17
12 14 17
14 11 17
11 56 17
56 79 17
79 75 17
F18
1024
46 52 18
52 58 18
58 11 18
11 16 18
16 21 18
21 24 18
24 15 18
F19
1024
80 78 19
78 93 19
93 68 19
68 76 19
76 100 19
100 91 19
F20
1024
3 4 20
4 41 20
41 8 20
8 35 20
35 83 20
83 49 20
49 66 20
66 59 20
