F1
256
8 35 1
35 55 1
55 41 1
F2
256
2 1 2
1 6 2
6 8 2
8 35 2
35 55 2
55 67 2
67 62 2
62 64 2
F3
256
85 91 3
91 100 3
100 76 3
76 82 3
82 74 3
74 81 3
F4
256
38 47 4
47 53 4
53 50 4
50 72 4
72 68 4
68 93 4
F5
256
92 96 5
96 93 5
93 68 5
68 76 5
76 82 5
82 95 5
F6
256
7 9 6
9 13 6
13 11 6
11 58 6
58 52 6
F7
256
92 96 7
96 93 7
93 68 7
68 76 7
76 82 7
82 95 7
F8
256
5 7 8
7 9 8
9 13 8
13 11 8
11 16 8
16 21 8
21 26 8
26 19 8
F9
512
25 28 9
28 61 9
61 76 9
76 98 9
98 63 9
63 65 9
F10
512
21 16 10
16 11 10
11 14 10
F11
512
1 6 11
6 8 11
8 35 11
35 56 11
56 44 11
44 60 11
F12
512
26 21 12
21 16 12
16 11 12
11 58 12
58 56 12
56 83 12
F13
512
10 12 13
12 14 13
14 11 13
11 56 13
56 79 13
79 75 13
F14
512
4 41 14
41 55 14
55 35 14
35 13 14
F15
1024
7 9 15
9 13 15
13 11 15
11 58 15
58 52 15
F16
1024
25 28 16
28 61 16
61 76 16
76 98 16
98 63 16
63 65 16
F17
1024
66 49 17
49 83 17
83 35 17
35 56 17
F18
1024
20 58 18
58 11 18
11 13 18
13 9 18
F19
1024
72 50 19
50 53 19
53 73 19
F20
1024
94 97 20
97 86 20
86 68 20
68 76 20
76 82 20
82 74 20
