F1
256
22 18 1
18 14 1
14 11 1
11 58 1
58 52 1
52 71 1
F2
256
72 50 2
50 53 2
53 73 2
F3
256
84 73 3
73 53 3
53 50 3
50 39 3
39 36 3
F4
256
25 28 4
28 61 4
61 76 4
76 98 4
98 63 4
63 65 4
F5
256
38 47 5
47 53 5
53 50 5
50 72 5
72 68 5
68 93 5
F6
256
5 7 6
7 9 6
9 13 6
13 11 6
11 16 6
16 21 6
21 26 6
26 19 6
F7
256
80 78 7
78 93 7
93 68 7
68 76 7
76 100 7
100 91 7
F8
256
2 1 8
1 6 8
6 8 8
8 35 8
35 55 8
55 67 8
67 62 8
62 64 8
F9
256
22 18 9
18 14 9
14 11 9
11 58 9
58 52 9
52 71 9
F10
512
43 4 10
4 6 10
6 8 10
8 35 10
35 55 10
F11
512
1 6 11
6 8 11
8 35 11
35 56 11
56 44 11
44 60 11
F12
512
42 77 12
77 70 12
70 98 12
98 76 12
76 68 12
68 87 12
F13
512
42 77 13
77 70 13
70 98 13
98 76 13
76 68 13
68 87 13
F14
512
42 77 14
77 70 14
70 98 14
98 76 14
76 68 14
68 87 14
F15
1024
3 4 15
4 41 15
41 8 15
8 35 15
35 83 15
83 49 15
49 66 15
66 59 15
F16
1024
79 56 16
56 35 16
35 55 16
55 67 16
F17
1024
4 41 17
41 55 17
55 35 17
35 13 17
F18
1024
46 52 18
52 58 18
58 11 18
11 16 18
16 21 18
21 24 18
24 15 18
F19
1024
66 49 19
49 83 19
83 35 19
35 56 19
F20
1024
20 58 20
58 11 20
11 13 20
13 9 20
