F1
256
5 7 1
7 9 1
9 13 1
13 11 1
11 16 1
16 21 1
21 26 1
26 19 1
F2
256
94 97 2
97 86 2
86 68 2
68 76 2
76 82 2
82 74 2
F3
256
47 33 3
33 50 3
50 39 3
F4
256
48 34 4
34 33 4
33 50 4
50 53 4
53 73 4
73 51 4
F5
256
80 78 5
78 93 5
93 68 5
68 76 5
76 100 5
100 91 5
F6
256
46 52 6
52 58 6
58 11 6
11 16 6
16 21 6
21 24 6
24 15 6
F7
256
22 18 7
18 14 7
14 11 7
11 58 7
58 52 7
52 71 7
F8
256
3 4 8
4 41 8
41 8 8
8 35 8
35 83 8
83 49 8
49 66 8
66 59 8
F9
512
20 58 9
58 11 9
11 13 9
13 9 9
F10
512
79 56 10
56 35 10
35 55 10
55 67 10
F11
512
27 63 11
63 98 11
98 76 11
76 61 11
61 28 11
F12
512
72 50 12
50 53 12
53 73 12
F13
512
3 4 13
4 41 13
41 8 13
8 35 13
35 83 13
83 49 13
49 66 13
66 59 13
F14
1024
10 12 14
12 14 14
14 11 14
11 56 14
56 79 14
79 75 14
F15
1024
80 78 15
78 93 15
93 68 15
68 76 15
76 100 15
100 91 15
F16
1024
17 14 16
14 11 16
11 56 16
56 79 16
79 88 16
F17
1024
92 96 17
96 93 17
93 68 17
68 76 17
76 82 17
82 95 17
F18
1024
92 96 18
96 93 18
93 68 18
68 76 18
76 82 18
82 95 18
F19
1024
72 50 19
50 53 19
53 73 19
F20
1024
37 32 20
32 39 20
39 50 20
50 28 20
28 23 20
23 40 20
