F1
256
22 21 1
21 16 1
16 11 1
11 58 1
58 44 1
44 60 1
F2
256
33 50 2
50 57 2
F3
256
33 50 3
50 57 3
F4
256
38 47 4
47 53 4
53 50 4
50 72 4
72 68 4
68 93 4
F5
256
1 6 5
6 8 5
8 35 5
35 56 5
56 44 5
44 60 5
F6
256
27 63 6
63 98 6
98 76 6
76 61 6
61 28 6
F7
512
27 63 7
63 98 7
98 76 7
76 61 7
61 28 7
F8
512
37 32 8
32 39 8
39 50 8
50 28 8
28 23 8
23 40 8
F9
512
94 97 9
97 86 9
86 68 9
68 76 9
76 82 9
82 74 9
F10
512
3 4 10
4 41 10
41 8 10
8 35 10
35 83 10
83 49 10
49 66 10
66 59 10
F11
512
17 14 11
14 11 11
11 56 11
56 79 11
79 88 11
F12
1024
92 96 12
96 93 12
93 68 12
68 76 12
76 82 12
82 95 12
F13
1024
100 76 13
76 98 13
98 63 13
F14
1024
72 50 14
50 53 14
53 73 14
F15
1024
89 87 15
87 68 15
68 76 15
76 61 15
F16
1024
8 35 16
35 55 16
55 41 16
F17
1024
48 34 17
34 33 17
33 50 17
50 53 17
53 73 17
73 51 17
F18
1024
5 7 18
7 9 18
9 13 18
13 11 18
11 16 18
16 21 18
21 26 18
26 19 18
F19
1024
26 21 19
21 16 19
16 11 19
11 58 19
58 56 19
56 83 19
F20
1024
42 77 20
77 70 20
70 98 20
98 76 20
76 68 20
68 87 20
