F1
256
27 63 1
63 98 1
98 76 1
76 61 1
61 28 1
F2
256
27 63 2
63 98 2
98 76 2
76 61 2
61 28 2
F3
256
37 32 3
32 39 3
39 50 3
50 28 3
28 23 3
23 40 3
F4
256
48 34 4
34 33 4
33 50 4
50 53 4
53 73 4
73 51 4
F5
256
45 37 5
37 32 5
32 39 5
39 50 5
50 72 5
72 68 5
68 86 5
86 97 5
F6
256
99 89 6
89 87 6
87 53 6
53 50 6
50 33 6
33 32 6
32 29 6
F7
512
24 20 7
20 16 7
16 11 7
11 13 7
13 12 7
F8
512
4 41 8
41 55 8
55 35 8
35 13 8
F9
512
84 73 9
73 53 9
53 50 9
50 39 9
39 36 9
F10
512
8 35 10
35 55 10
55 41 10
F11
512
85 91 11
91 100 11
100 76 11
76 82 11
82 74 11
74 81 11
F12
512
94 97 12
97 86 12
86 68 12
68 76 12
76 82 12
82 74 12
F13
512
20 58 13
58 11 13
11 13 13
13 9 13
F14
1024
24 20 14
20 16 14
16 11 14
11 13 14
13 12 14
F15
1024
24 20 15
20 16 15
16 11 15
11 13 15
13 12 15
F16
1024
37 32 16
32 39 16
39 50 16
50 28 16
28 23 16
23 40 16
F17
1024
80 78 17
78 93 17
93 68 17
68 76 17
76 100 17
100 91 17
F18
1024
4 41 18
41 55 18
55 35 18
35 13 18
F19
1024
5 7 19
7 9 19
9 13 19
13 11 19
11 16 19
16 21 19
21 26 19
26 19 19
F20
1024
7 9 20
9 13 20
13 11 20
11 58 20
58 52 20
