F1
256
54 31 1
31 41 1
41 8 1
8 35 1
35 56 1
56 58 1
58 16 1
F2
256
7 9 2
9 13 2
13 11 2
11 58 2
58 52 2
F3
256
22 21 3
21 16 3
16 11 3
11 58 3
58 44 3
44 60 3
F4
256
66 49 4
49 83 4
83 35 4
35 56 4
F5
256
94 97 5
97 86 5
86 68 5
68 76 5
76 82 5
82 74 5
F6
256
100 76 6
76 98 6
98 63 6
F7
256
90 85 7
85 100 7
100 76 7
76 61 7
61 28 7
28 25 7
25 30 7
F8
256
45 37 8
37 32 8
32 39 8
39 50 8
50 72 8
72 68 8
68 86 8
86 97 8
F9
256
33 50 9
50 57 9
F10
512
89 87 10
87 68 10
68 76 10
76 61 10
F11
512
20 58 11
58 11 11
11 13 11
13 9 11
F12
512
100 76 12
76 98 12
98 63 12
F13
512
24 20 13
20 16 13
16 11 13
11 13 13
13 12 13
F14
512
7 9 14
9 13 14
13 11 14
11 58 14
58 52 14
F15
512
43 4 15
4 6 15
6 8 15
8 35 15
35 55 15
F16
512
100 76 16
76 98 16
98 63 16
F17
1024
21 16 17
16 11 17
11 14 17
F18
1024
38 47 18
47 53 18
53 50 18
50 72 18
72 68 18
68 93 18
F19
1024
100 76 19
76 98 19
98 63 19
F20
1024
5 7 20
7 9 20
9 13 20
13 11 20
11 16 20
16 21 20
21 26 20
26 19 20
