F1
256
85 91 1
91 100 1
100 76 1
76 82 1
82 74 1
74 81 1
F2
256
26 21 2
21 16 2
16 11 2
11 58 2
58 56 2
56 83 2
F3
256
80 78 3
78 93 3
93 68 3
68 76 3
76 100 3
100 91 3
F4
256
85 91 4
91 100 4
100 76 4
76 82 4
82 74 4
74 81 4
F5
256
3 4 5
4 41 5
41 8 5
8 35 5
35 83 5
83 49 5
49 66 5
66 59 5
F6
256
24 20 6
20 16 6
16 11 6
11 13 6
13 12 6
F7
256
47 33 7
33 50 7
50 39 7
F8
512
54 31 8
31 41 8
41 8 8
8 35 8
35 56 8
56 58 8
58 16 8
F9
512
17 14 9
14 11 9
11 56 9
56 79 9
79 88 9
F10
512
22 21 10
21 16 10
16 11 10
11 58 10
58 44 10
44 60 10
F11
512
45 37 11
37 32 11
32 39 11
39 50 11
50 72 11
72 68 11
68 86 11
86 97 11
F12
512
43 4 12
4 6 12
6 8 12
8 35 12
35 55 12
F13
512
47 33 13
33 50 13
50 39 13
F14
512
47 33 14
33 50 14
50 39 14
F15
512
22 18 15
18 14 15
14 11 15
11 58 15
58 52 15
52 71 15
F16
1024
85 91 16
91 100 16
100 76 16
76 82 16
82 74 16
74 81 16
F17
1024
20 58 17
58 11 17
11 13 17
13 9 17
F18
1024
26 21 18
21 16 18
16 11 18
11 58 18
58 56 18
56 83 18
F19
1024
38 47 19
47 53 19
53 50 19
50 72 19
72 68 19
68 93 19
F20
1024
66 49 20
49 83 20
83 35 20
35 56 20
