F1
256
95 76 1
76 77 1
77 63 1
63 49 1
49 50 1
50 22 1
22 18 1
F2
256
57 56 2
56 55 2
55 35 2
35 36 2
36 32 2
32 29 2
29 30 2
F3
256
71 56 3
56 38 3
38 40 3
40 36 3
36 32 3
32 34 3
34 31 3
31 28 3
F4
256
54 68 4
68 82 4
82 81 4
81 80 4
80 79 4
F5
256
72 20 5
20 17 5
17 14 5
14 11 5
11 8 5
8 9 5
9 6 5
F6
256
21 19 6
19 17 6
17 14 6
14 11 6
11 8 6
8 5 6
F7
256
58 19 7
19 15 7
15 13 7
13 11 7
11 8 7
8 10 7
10 7 7
F8
256
9 8 8
8 11 8
11 14 8
14 15 8
F9
256
96 95 9
95 76 9
75 77 9
77 63 9
63 49 9
49 18 9
18 17 9
17 20 9
F10
256
1 13 10
13 11 10
11 12 10
12 47 10
47 61 10
61 60 10
F11
256
4 9 11
9 8 11
8 11 11
11 12 11
12 47 11
47 46 11
F12
256
21 19 12
19 17 12
17 14 12
14 11 12
11 8 12
8 5 12
F13
512
45 42 13
42 39 13
39 40 13
40 36 13
36 37 13
37 33 13
33 98 13
F14
512
57 56 14
56 55 14
55 35 14
35 36 14
36 32 14
32 29 14
29 30 14
F15
512
44 19 15
19 15 15
15 14 15
14 11 15
11 12 15
12 47 15
47 48 15
48 49 15
F16
512
85 84 16
84 83 16
83 82 16
82 81 16
81 80 16
80 91 16
F17
512
21 19 17
19 17 17
17 14 17
14 11 17
11 8 17
8 5 17
F18
512
1 13 18
13 11 18
11 12 18
12 47 18
47 61 18
61 60 18
F19
512
88 83 19
83 69 19
69 55 19
55 54 19
54 53 19
F20
512
93 78 20
78 64 20
64 63 20
63 49 20
49 18 20
18 16 20
16 12 20
F21
512
59 39 21
39 40 21
40 36 21
36 37 21
37 33 21
33 98 21
F22
512
83 82 22
82 68 22
68 54 22
54 34 22
F23
1024
69 68 23
68 82 23
82 81 23
81 80 23
F24
1024
19 15 24
15 13 24
13 11 24
11 12 24
12 10 24
F25
1024
4 9 25
9 8 25
8 11 25
11 12 25
12 47 25
47 46 25
F26
1024
2 15 26
15 14 26
14 11 26
11 12 26
12 47 26
47 61 26
61 75 26
F27
1024
54 68 27
68 82 27
82 81 27
81 80 27
80 79 27
F28
1024
45 42 28
42 39 28
39 40 28
40 36 28
36 37 28
37 33 28
33 98 28
F29
1024
4 9 29
9 8 29
8 11 29
11 12 29
12 47 29
47 46 29
F30
1024
4 9 30
9 8 30
8 11 30
11 12 30
12 47 30
47 46 30
