F1
256
71 56 1
56 38 1
38 40 1
40 36 1
36 32 1
32 34 1
34 31 1
31 28 1
F2
256
43 38 2
38 40 2
40 36 2
36 32 2
32 29 2
29 27 2
27 26 2
F3
256
70 69 3
69 68 3
68 82 3
82 81 3
F4
256
71 56 4
56 38 4
38 40 4
40 36 4
36 32 4
32 34 4
34 31 4
31 28 4
F5
256
44 19 5
19 15 5
15 14 5
14 11 5
11 12 5
12 47 5
47 48 5
48 49 5
F6
512
23 20 6
20 17 6
17 14 6
14 11 6
11 12 6
12 16 6
F7
512
41 40 7
40 36 7
36 37 7
37 73 7
F8
512
54 68 8
68 82 8
82 81 8
81 80 8
80 79 8
F9
512
69 68 9
68 82 9
82 81 9
81 80 9
F10
512
59 39 10
39 40 10
40 36 10
36 37 10
37 33 10
33 98 10
F11
512
41 40 11
40 36 11
36 37 11
37 73 11
F12
512
42 41 12
41 40 12
40 36 12
36 37 12
37 73 12
73 98 12
98 100 12
F13
512
23 20 13
20 17 13
17 14 13
14 11 13
11 12 13
12 16 13
F14
512
1 13 14
13 11 14
11 12 14
12 47 14
47 61 14
61 60 14
F15
512
23 20 15
20 17 15
17 14 15
14 11 15
11 12 15
12 16 15
F16
512
74 75 16
75 76 16
76 77 16
77 63 16
63 64 16
64 78 16
78 77 16
77 94 16
F17
512
95 76 17
76 77 17
77 63 17
63 49 17
49 50 17
50 22 17
22 18 17
F18
1024
1 13 18
13 11 18
11 12 18
12 47 18
47 61 18
61 60 18
F19
1024
66 80 19
80 81 19
81 82 19
82 68 19
F20
1024
27 29 20
29 32 20
32 36 20
36 35 20
35 55 20
F21
1024
17 18 21
18 49 21
49 63 21
63 77 21
F22
1024
57 56 22
56 55 22
55 35 22
35 36 22
36 32 22
32 29 22
29 30 22
F23
1024
58 19 23
19 15 23
15 13 23
13 11 23
11 8 23
8 10 23
10 7 23
F24
1024
84 83 24
83 82 24
82 81 24
81 90 24
F25
1024
95 76 25
76 77 25
77 63 25
63 49 25
49 50 25
50 22 25
22 18 25
F26
1024
87 84 26
84 83 26
83 82 26
82 89 26
F27
1024
51 50 27
50 49 27
49 63 27
63 64 27
F28
1024
85 84 28
84 83 28
83 82 28
82 81 28
81 80 28
80 91 28
F29
1024
41 40 29
40 36 29
36 37 29
37 73 29
F30
1024
57 56 30
56 55 30
55 35 30
35 36 30
36 32 30
32 29 30
29 30 30
