F1
256
42 41 1
41 40 1
40 36 1
36 37 1
37 73 1
73 98 1
98 100 1
F2
256
71 56 2
56 38 2
38 40 2
40 36 2
36 32 2
32 34 2
34 31 2
31 28 2
F3
256
85 84 3
84 83 3
83 82 3
82 81 3
81 80 3
80 91 3
F4
256
88 83 4
83 69 4
69 55 4
55 54 4
54 53 4
F5
256
71 56 5
56 38 5
38 40 5
40 36 5
36 32 5
32 34 5
34 31 5
31 28 5
F6
256
93 78 6
78 64 6
64 63 6
63 49 6
49 18 6
18 16 6
16 12 6
F7
256
51 50 7
50 49 7
49 63 7
63 64 7
F8
256
74 75 8
75 76 8
76 77 8
77 63 8
63 64 8
64 78 8
78 77 8
77 94 8
F9
256
4 9 9
9 8 9
8 11 9
11 12 9
12 47 9
47 46 9
F10
256
74 75 10
75 76 10
76 77 10
77 63 10
63 64 10
64 78 10
78 77 10
77 94 10
F11
512
50 64 11
64 63 11
63 77 11
77 76 11
F12
512
71 56 12
56 38 12
38 40 12
40 36 12
36 32 12
32 34 12
34 31 12
31 28 12
F13
512
27 29 13
29 32 13
32 36 13
36 35 13
35 55 13
F14
512
57 56 14
56 55 14
55 35 14
35 36 14
36 32 14
32 29 14
29 30 14
F15
512
59 39 15
39 40 15
40 36 15
36 37 15
37 33 15
33 98 15
F16
512
52 51 16
51 50 16
50 49 16
49 63 16
63 64 16
64 65 16
F17
512
96 95 17
95 76 17
75 77 17
77 63 17
63 49 17
49 18 17
18 17 17
17 20 17
F18
512
44 19 18
19 15 18
15 14 18
14 11 18
11 12 18
12 47 18
47 48 18
48 49 18
F19
512
83 82 19
82 68 19
68 54 19
54 34 19
F20
512
41 40 20
40 36 20
36 37 20
37 73 20
F21
512
84 83 21
83 82 21
82 81 21
81 90 21
F22
1024
19 15 22
15 13 22
13 11 22
11 12 22
12 10 22
F23
1024
52 51 23
51 50 23
50 49 23
49 63 23
63 64 23
64 65 23
F24
1024
19 15 24
15 13 24
13 11 24
11 12 24
12 10 24
F25
1024
52 51 25
51 50 25
50 49 25
49 63 25
63 64 25
64 65 25
F26
1024
17 18 26
18 49 26
49 63 26
63 77 26
F27
1024
84 83 27
83 82 27
82 81 27
81 90 27
F28
1024
87 84 28
84 83 28
83 82 28
82 89 28
F29
1024
93 78 29
78 64 29
64 63 29
63 49 29
49 18 29
18 16 29
16 12 29
F30
1024
23 20 30
20 17 30
17 14 30
14 11 30
11 12 30
12 16 30
