F1
256
72 20 1
20 17 1
17 14 1
14 11 1
11 8 1
8 9 1
9 6 1
F2
256
88 83 2
83 69 2
69 55 2
55 54 2
54 53 2
F3
256
71 56 3
56 38 3
38 40 3
40 36 3
36 32 3
32 34 3
34 31 3
31 28 3
F4
256
69 68 4
68 82 4
82 81 4
81 80 4
F5
256
87 84 5
84 83 5
83 82 5
82 89 5
F6
256
95 76 6
76 77 6
77 63 6
63 49 6
49 50 6
50 22 6
22 18 6
F7
256
83 82 7
82 68 7
68 54 7
54 34 7
F8
256
57 56 8
56 55 8
55 35 8
35 36 8
36 32 8
32 29 8
29 30 8
F9
512
74 75 9
75 76 9
76 77 9
77 63 9
63 64 9
64 78 9
78 77 9
77 94 9
F10
512
44 19 10
19 15 10
15 14 10
14 11 10
11 12 10
12 47 10
47 48 10
48 49 10
F11
512
85 84 11
84 83 11
83 82 11
82 81 11
81 80 11
80 91 11
F12
512
45 42 12
42 39 12
39 40 12
40 36 12
36 37 12
37 33 12
33 98 12
F13
512
66 80 13
80 81 13
81 82 13
82 68 13
F14
512
96 95 14
95 76 14
75 77 14
77 63 14
63 49 14
49 18 14
18 17 14
17 20 14
F15
512
22 50 15
50 49 15
49 63 15
63 62 15
62 61 15
F16
512
86 87 16
87 88 16
88 83 16
83 82 16
82 81 16
81 80 16
80 79 16
79 92 16
F17
512
56 55 17
55 54 17
54 68 17
68 82 17
82 81 17
81 67 17
F18
512
51 50 18
50 49 18
49 63 18
63 64 18
F19
512
50 64 19
64 63 19
63 77 19
77 76 19
F20
512
23 20 20
20 17 20
17 14 20
14 11 20
11 12 20
12 16 20
F21
512
17 18 21
18 49 21
49 63 21
63 77 21
F22
512
51 50 22
50 49 22
49 63 22
63 64 22
F23
1024
95 76 23
76 77 23
77 63 23
63 49 23
49 50 23
50 22 23
22 18 23
F24
1024
57 56 24
56 55 24
55 35 24
35 36 24
36 32 24
32 29 24
29 30 24
F25
1024
66 80 25
80 81 25
81 82 25
82 68 25
F26
1024
86 87 26
87 88 26
88 83 26
83 82 26
82 81 26
81 80 26
80 79 26
79 92 26
F27
1024
69 68 27
68 82 27
82 81 27
81 80 27
F28
1024
87 84 28
84 83 28
83 82 28
82 89 28
F29
1024
1 13 29
13 11 29
11 12 29
12 47 29
47 61 29
61 60 29
F30
1024
52 51 30
51 50 30
50 49 30
49 63 30
63 64 30
64 65 30
