F1
256
85 84 1
84 83 1
83 82 1
82 81 1
81 80 1
80 91 1
F2
256
56 55 2
55 54 2
54 68 2
68 82 2
82 81 2
81 67 2
F3
256
22 50 3
50 49 3
49 63 3
63 62 3
62 61 3
F4
256
72 20 4
20 17 4
17 14 4
14 11 4
11 8 4
8 9 4
9 6 4
F5
256
93 78 5
78 64 5
64 63 5
63 49 5
49 18 5
18 16 5
16 12 5
F6
256
50 64 6
64 63 6
63 77 6
77 76 6
F7
256
4 9 7
9 8 7
8 11 7
11 12 7
12 47 7
47 46 7
F8
256
87 84 8
84 83 8
83 82 8
82 89 8
F9
256
1 13 9
13 11 9
11 12 9
12 47 9
47 61 9
61 60 9
F10
512
71 56 10
56 38 10
38 40 10
40 36 10
36 32 10
32 34 10
34 31 10
31 28 10
F11
512
74 75 11
75 76 11
76 77 11
77 63 11
63 64 11
64 78 11
78 77 11
77 94 11
F12
512
19 15 12
15 13 12
13 11 12
11 12 12
12 10 12
F13
512
9 8 13
8 11 13
11 14 13
14 15 13
F14
512
17 18 14
18 49 14
49 63 14
63 77 14
F15
512
58 19 15
19 15 15
15 13 15
13 11 15
11 8 15
8 10 15
10 7 15
F16
512
69 68 16
68 82 16
82 81 16
81 80 16
F17
512
50 64 17
64 63 17
63 77 17
77 76 17
F18
512
72 20 18
20 17 18
17 14 18
14 11 18
11 8 18
8 9 18
9 6 18
F19
512
17 18 19
18 49 19
49 63 19
63 77 19
F20
1024
83 82 20
82 68 20
68 54 20
54 34 20
F21
1024
56 55 21
55 54 21
54 68 21
68 82 21
82 81 21
81 67 21
F22
1024
4 9 22
9 8 22
8 11 22
11 12 22
12 47 22
47 46 22
F23
1024
42 41 23
41 40 23
40 36 23
36 37 23
37 73 23
73 98 23
98 100 23
F24
1024
69 68 24
68 82 24
82 81 24
81 80 24
F25
1024
50 64 25
64 63 25
63 77 25
77 76 25
F26
1024
85 84 26
84 83 26
83 82 26
82 81 26
81 80 26
80 91 26
F27
1024
2 15 27
15 14 27
14 11 27
11 12 27
12 47 27
47 61 27
61 75 27
F28
1024
71 56 28
56 38 28
38 40 28
40 36 28
36 32 28
32 34 28
34 31 28
31 28 28
F29
1024
72 20 29
20 17 29
17 14 29
14 11 29
11 8 29
8 9 29
9 6 29
F30
1024
71 56 30
56 38 30
38 40 30
40 36 30
36 32 30
32 34 30
34 31 30
31 28 30
