F1
256
1 13 1
13 11 1
11 12 1
12 47 1
47 61 1
61 60 1
F2
256
23 20 2
20 17 2
17 14 2
14 11 2
11 12 2
12 16 2
F3
256
44 19 3
19 15 3
15 14 3
14 11 3
11 12 3
12 47 3
47 48 3
48 49 3
F4
256
27 29 4
29 32 4
32 36 4
36 35 4
35 55 4
F5
256
93 78 5
78 64 5
64 63 5
63 49 5
49 18 5
18 16 5
16 12 5
F6
256
17 18 6
18 49 6
49 63 6
63 77 6
F7
256
17 18 7
18 49 7
49 63 7
63 77 7
F8
256
21 19 8
19 17 8
17 14 8
14 11 8
11 8 8
8 5 8
F9
256
45 42 9
42 39 9
39 40 9
40 36 9
36 37 9
37 33 9
33 98 9
F10
256
41 40 10
40 36 10
36 37 10
37 73 10
F11
256
74 75 11
75 76 11
76 77 11
77 63 11
63 64 11
64 78 11
78 77 11
77 94 11
F12
256
3 6 12
6 9 12
9 13 12
13 11 12
11 14 12
14 16 12
16 48 12
48 62 12
F13
256
59 39 13
39 40 13
40 36 13
36 37 13
37 33 13
33 98 13
F14
512
71 56 14
56 38 14
38 40 14
40 36 14
36 32 14
32 34 14
34 31 14
31 28 14
F15
512
41 40 15
40 36 15
36 37 15
37 73 15
F16
512
3 6 16
6 9 16
9 13 16
13 11 16
11 14 16
14 16 16
16 48 16
48 62 16
F17
512
85 84 17
84 83 17
83 82 17
82 81 17
81 80 17
80 91 17
F18
512
9 8 18
8 11 18
11 14 18
14 15 18
F19
512
54 68 19
68 82 19
82 81 19
81 80 19
80 79 19
F20
512
2 15 20
15 14 20
14 11 20
11 12 20
12 47 20
47 61 20
61 75 20
F21
1024
27 29 21
29 32 21
32 36 21
36 35 21
35 55 21
F22
1024
69 68 22
68 82 22
82 81 22
81 80 22
F23
1024
59 39 23
39 40 23
40 36 23
36 37 23
37 33 23
33 98 23
F24
1024
43 38 24
38 40 24
40 36 24
36 32 24
32 29 24
29 27 24
27 26 24
F25
1024
74 75 25
75 76 25
76 77 25
77 63 25
63 64 25
64 78 25
78 77 25
77 94 25
F26
1024
58 19 26
19 15 26
15 13 26
13 11 26
11 8 26
8 10 26
10 7 26
F27
1024
17 18 27
18 49 27
49 63 27
63 77 27
F28
1024
51 50 28
50 49 28
49 63 28
63 64 28
F29
1024
71 56 29
56 38 29
38 40 29
40 36 29
36 32 29
32 34 29
34 31 29
31 28 29
F30
1024
9 8 30
8 11 30
11 14 30
14 15 30
