F1
256
23 20 1
20 17 1
17 14 1
14 11 1
11 12 1
12 16 1
F2
256
2 15 2
15 14 2
14 11 2
11 12 2
12 47 2
47 61 2
61 75 2
F3
256
21 19 3
19 17 3
17 14 3
14 11 3
11 8 3
8 5 3
F4
256
19 15 4
15 13 4
13 11 4
11 12 4
12 10 4
F5
256
27 29 5
29 32 5
32 36 5
36 35 5
35 55 5
F6
256
58 19 6
19 15 6
15 13 6
13 11 6
11 8 6
8 10 6
10 7 6
F7
256
42 41 7
41 40 7
40 36 7
36 37 7
37 73 7
73 98 7
98 100 7
F8
256
95 76 8
76 77 8
77 63 8
63 49 8
49 50 8
50 22 8
22 18 8
F9
256
54 68 9
68 82 9
82 81 9
81 80 9
80 79 9
F10
512
57 56 10
56 55 10
55 35 10
35 36 10
36 32 10
32 29 10
29 30 10
F11
512
86 87 11
87 88 11
88 83 11
83 82 11
82 81 11
81 80 11
80 79 11
79 92 11
F12
512
56 55 12
55 54 12
54 68 12
68 82 12
82 81 12
81 67 12
F13
512
95 76 13
76 77 13
77 63 13
63 49 13
49 50 13
50 22 13
22 18 13
F14
512
87 84 14
84 83 14
83 82 14
82 89 14
F15
512
97 76 15
76 77 15
77 63 15
63 49 15
49 48 15
48 16 15
16 14 15
F16
512
21 19 16
19 17 16
17 14 16
14 11 16
11 8 16
8 5 16
F17
512
70 69 17
69 68 17
68 82 17
82 81 17
F18
512
52 51 18
51 50 18
50 49 18
49 63 18
63 64 18
64 65 18
F19
512
88 83 19
83 69 19
69 55 19
55 54 19
54 53 19
F20
512
43 38 20
38 40 20
40 36 20
36 32 20
32 29 20
29 27 20
27 26 20
F21
1024
86 87 21
87 88 21
88 83 21
83 82 21
82 81 21
81 80 21
80 79 21
79 92 21
F22
1024
96 95 22
95 76 22
75 77 22
77 63 22
63 49 22
49 18 22
18 17 22
17 20 22
F23
1024
27 29 23
29 32 23
32 36 23
36 35 23
35 55 23
F24
1024
56 55 24
55 54 24
54 68 24
68 82 24
82 81 24
81 67 24
F25
1024
59 39 25
39 40 25
40 36 25
36 37 25
37 33 25
33 98 25
F26
1024
71 56 26
56 38 26
38 40 26
40 36 26
36 32 26
32 34 26
34 31 26
31 28 26
F27
1024
59 39 27
39 40 27
40 36 27
36 37 27
37 33 27
33 98 27
F28
1024
59 39 28
39 40 28
40 36 28
36 37 28
37 33 28
33 98 28
F29
1024
86 87 29
87 88 29
88 83 29
83 82 29
82 81 29
81 80 29
80 79 29
79 92 29
F30
1024
57 56 30
56 55 30
55 35 30
35 36 30
36 32 30
32 29 30
29 30 30
