F1
256
58 19 1
19 15 1
15 13 1
13 11 1
11 8 1
8 10 1
10 7 1
F2
256
21 19 2
19 17 2
17 14 2
14 11 2
11 8 2
8 5 2
F3
256
88 83 3
83 69 3
69 55 3
55 54 3
54 53 3
F4
256
4 9 4
9 8 4
8 11 4
11 12 4
12 47 4
47 46 4
F5
256
59 39 5
39 40 5
40 36 5
36 37 5
37 33 5
33 98 5
F6
256
54 68 6
68 82 6
82 81 6
81 80 6
80 79 6
F7
256
70 69 7
69 68 7
68 82 7
82 81 7
F8
256
59 39 8
39 40 8
40 36 8
36 37 8
37 33 8
33 98 8
F9
256
56 55 9
55 54 9
54 68 9
68 82 9
82 81 9
81 67 9
F10
512
23 20 10
20 17 10
17 14 10
14 11 10
11 12 10
12 16 10
F11
512
50 64 11
64 63 11
63 77 11
77 76 11
F12
512
87 84 12
84 83 12
83 82 12
82 89 12
F13
512
19 15 13
15 13 13
13 11 13
11 12 13
12 10 13
F14
512
44 19 14
19 15 14
15 14 14
14 11 14
11 12 14
12 47 14
47 48 14
48 49 14
F15
512
9 8 15
8 11 15
11 14 15
14 15 15
F16
512
69 68 16
68 82 16
82 81 16
81 80 16
F17
512
3 6 17
6 9 17
9 13 17
13 11 17
11 14 17
14 16 17
16 48 17
48 62 17
F18
512
42 41 18
41 40 18
40 36 18
36 37 18
37 73 18
73 98 18
98 100 18
F19
512
50 64 19
64 63 19
63 77 19
77 76 19
F20
512
57 56 20
56 55 20
55 35 20
35 36 20
36 32 20
32 29 20
29 30 20
F21
512
84 83 21
83 82 21
82 81 21
81 90 21
F22
1024
4 9 22
9 8 22
8 11 22
11 12 22
12 47 22
47 46 22
F23
1024
57 56 23
56 55 23
55 35 23
35 36 23
36 32 23
32 29 23
29 30 23
F24
1024
54 68 24
68 82 24
82 81 24
81 80 24
80 79 24
F25
1024
9 8 25
8 11 25
11 14 25
14 15 25
F26
1024
95 76 26
76 77 26
77 63 26
63 49 26
49 50 26
50 22 26
22 18 26
F27
1024
45 42 27
42 39 27
39 40 27
40 36 27
36 37 27
37 33 27
33 98 27
F28
1024
44 19 28
19 15 28
15 14 28
14 11 28
11 12 28
12 47 28
47 48 28
48 49 28
F29
1024
66 80 29
80 81 29
81 82 29
82 68 29
F30
1024
95 76 30
76 77 30
77 63 30
63 49 30
49 50 30
50 22 30
22 18 30
