F1
256
74 75 1
75 76 1
76 77 1
77 63 1
63 64 1
64 78 1
78 77 1
77 94 1
F2
256
23 20 2
20 17 2
17 14 2
14 11 2
11 12 2
12 16 2
F3
256
66 80 3
80 81 3
81 82 3
82 68 3
F4
256
95 76 4
76 77 4
77 63 4
63 49 4
49 50 4
50 22 4
22 18 4
F5
256
59 39 5
39 40 5
40 36 5
36 37 5
37 33 5
33 98 5
F6
256
59 39 6
39 40 6
40 36 6
36 37 6
37 33 6
33 98 6
F7
256
71 56 7
56 38 7
38 40 7
40 36 7
36 32 7
32 34 7
34 31 7
31 28 7
F8
256
19 15 8
15 13 8
13 11 8
11 12 8
12 10 8
F9
256
54 68 9
68 82 9
82 81 9
81 80 9
80 79 9
F10
256
17 18 10
18 49 10
49 63 10
63 77 10
F11
256
71 56 11
56 38 11
38 40 11
40 36 11
36 32 11
32 34 11
34 31 11
31 28 11
F12
512
3 6 12
6 9 12
9 13 12
13 11 12
11 14 12
14 16 12
16 48 12
48 62 12
F13
512
72 20 13
20 17 13
17 14 13
14 11 13
11 8 13
8 9 13
9 6 13
F14
512
54 68 14
68 82 14
82 81 14
81 80 14
80 79 14
F15
512
3 6 15
6 9 15
9 13 15
13 11 15
11 14 15
14 16 15
16 48 15
48 62 15
F16
512
83 82 16
82 68 16
68 54 16
54 34 16
F17
512
83 82 17
82 68 17
68 54 17
54 34 17
F18
512
59 39 18
39 40 18
40 36 18
36 37 18
37 33 18
33 98 18
F19
512
44 19 19
19 15 19
15 14 19
14 11 19
11 12 19
12 47 19
47 48 19
48 49 19
F20
1024
22 50 20
50 49 20
49 63 20
63 62 20
62 61 20
F21
1024
86 87 21
87 88 21
88 83 21
83 82 21
82 81 21
81 80 21
80 79 21
79 92 21
F22
1024
66 80 22
80 81 22
81 82 22
82 68 22
F23
1024
97 76 23
76 77 23
77 63 23
63 49 23
49 48 23
48 16 23
16 14 23
F24
1024
72 20 24
20 17 24
17 14 24
14 11 24
11 8 24
8 9 24
9 6 24
F25
1024
3 6 25
6 9 25
9 13 25
13 11 25
11 14 25
14 16 25
16 48 25
48 62 25
F26
1024
21 19 26
19 17 26
17 14 26
14 11 26
11 8 26
8 5 26
F27
1024
84 83 27
83 82 27
82 81 27
81 90 27
F28
1024
22 50 28
50 49 28
49 63 28
63 62 28
62 61 28
F29
1024
9 8 29
8 11 29
11 14 29
14 15 29
F30
1024
54 68 30
68 82 30
82 81 30
81 80 30
80 79 30
