F1
256
69 68 1
68 82 1
82 81 1
81 80 1
F2
256
96 95 2
95 76 2
75 77 2
77 63 2
63 49 2
49 18 2
18 17 2
17 20 2
F3
256
58 19 3
19 15 3
15 13 3
13 11 3
11 8 3
8 10 3
10 7 3
F4
256
27 29 4
29 32 4
32 36 4
36 35 4
35 55 4
F5
256
71 56 5
56 38 5
38 40 5
40 36 5
36 32 5
32 34 5
34 31 5
31 28 5
F6
256
54 68 6
68 82 6
82 81 6
81 80 6
80 79 6
F7
256
50 64 7
64 63 7
63 77 7
77 76 7
F8
256
96 95 8
95 76 8
75 77 8
77 63 8
63 49 8
49 18 8
18 17 8
17 20 8
F9
512
17 18 9
18 49 9
49 63 9
63 77 9
F10
512
21 19 10
19 17 10
17 14 10
14 11 10
11 8 10
8 5 10
F11
512
21 19 11
19 17 11
17 14 11
14 11 11
11 8 11
8 5 11
F12
512
66 80 12
80 81 12
81 82 12
82 68 12
F13
512
21 19 13
19 17 13
17 14 13
14 11 13
11 8 13
8 5 13
F14
512
95 76 14
76 77 14
77 63 14
63 49 14
49 50 14
50 22 14
22 18 14
F15
512
71 56 15
56 38 15
38 40 15
40 36 15
36 32 15
32 34 15
34 31 15
31 28 15
F16
512
51 50 16
50 49 16
49 63 16
63 64 16
F17
512
86 87 17
87 88 17
88 83 17
83 82 17
82 81 17
81 80 17
80 79 17
79 92 17
F18
512
23 20 18
20 17 18
17 14 18
14 11 18
11 12 18
12 16 18
F19
512
93 78 19
78 64 19
64 63 19
63 49 19
49 18 19
18 16 19
16 12 19
F20
1024
97 76 20
76 77 20
77 63 20
63 49 20
49 48 20
48 16 20
16 14 20
F21
1024
72 20 21
20 17 21
17 14 21
14 11 21
11 8 21
8 9 21
9 6 21
F22
1024
88 83 22
83 69 22
69 55 22
55 54 22
54 53 22
F23
1024
23 20 23
20 17 23
17 14 23
14 11 23
11 12 23
12 16 23
F24
1024
86 87 24
87 88 24
88 83 24
83 82 24
82 81 24
81 80 24
80 79 24
79 92 24
F25
1024
19 15 25
15 13 25
13 11 25
11 12 25
12 10 25
F26
1024
93 78 26
78 64 26
64 63 26
63 49 26
49 18 26
18 16 26
16 12 26
F27
1024
52 51 27
51 50 27
50 49 27
49 63 27
63 64 27
64 65 27
F28
1024
58 19 28
19 15 28
15 13 28
13 11 28
11 8 28
8 10 28
10 7 28
F29
1024
22 50 29
50 49 29
49 63 29
63 62 29
62 61 29
F30
1024
52 51 30
51 50 30
50 49 30
49 63 30
63 64 30
64 65 30
