F1
256
45 42 1
42 39 1
39 40 1
40 36 1
36 37 1
37 33 1
33 98 1
F2
256
42 41 2
41 40 2
40 36 2
36 37 2
37 73 2
73 98 2
98 100 2
F3
256
22 50 3
50 49 3
49 63 3
63 62 3
62 61 3
F4
256
27 29 4
29 32 4
32 36 4
36 35 4
35 55 4
F5
256
74 75 5
75 76 5
76 77 5
77 63 5
63 64 5
64 78 5
78 77 5
77 94 5
F6
256
22 50 6
50 49 6
49 63 6
63 62 6
62 61 6
F7
256
42 41 7
41 40 7
40 36 7
36 37 7
37 73 7
73 98 7
98 100 7
F8
256
52 51 8
51 50 8
50 49 8
49 63 8
63 64 8
64 65 8
F9
256
3 6 9
6 9 9
9 13 9
13 11 9
11 14 9
14 16 9
16 48 9
48 62 9
F10
256
87 84 10
84 83 10
83 82 10
82 89 10
F11
256
96 95 11
95 76 11
75 77 11
77 63 11
63 49 11
49 18 11
18 17 11
17 20 11
F12
256
85 84 12
84 83 12
83 82 12
82 81 12
81 80 12
80 91 12
F13
256
51 50 13
50 49 13
49 63 13
63 64 13
F14
256
95 76 14
76 77 14
77 63 14
63 49 14
49 50 14
50 22 14
22 18 14
F15
256
21 19 15
19 17 15
17 14 15
14 11 15
11 8 15
8 5 15
F16
512
44 19 16
19 15 16
15 14 16
14 11 16
11 12 16
12 47 16
47 48 16
48 49 16
F17
512
4 9 17
9 8 17
8 11 17
11 12 17
12 47 17
47 46 17
F18
512
88 83 18
83 69 18
69 55 18
55 54 18
54 53 18
F19
512
52 51 19
51 50 19
50 49 19
49 63 19
63 64 19
64 65 19
F20
512
43 38 20
38 40 20
40 36 20
36 32 20
32 29 20
29 27 20
27 26 20
F21
512
43 38 21
38 40 21
40 36 21
36 32 21
32 29 21
29 27 21
27 26 21
F22
512
93 78 22
78 64 22
64 63 22
63 49 22
49 18 22
18 16 22
16 12 22
F23
512
85 84 23
84 83 23
83 82 23
82 81 23
81 80 23
80 91 23
F24
512
42 41 24
41 40 24
40 36 24
36 37 24
37 73 24
73 98 24
98 100 24
F25
1024
9 8 25
8 11 25
11 14 25
14 15 25
F26
1024
3 6 26
6 9 26
9 13 26
13 11 26
11 14 26
14 16 26
16 48 26
48 62 26
F27
1024
52 51 27
51 50 27
50 49 27
49 63 27
63 64 27
64 65 27
F28
1024
1 13 28
13 11 28
11 12 28
12 47 28
47 61 28
61 60 28
F29
1024
21 19 29
19 17 29
17 14 29
14 11 29
11 8 29
8 5 29
F30
1024
56 55 30
55 54 30
54 68 30
68 82 30
82 81 30
81 67 30
