F1
256
95 76 1
76 77 1
77 63 1
63 49 1
49 50 1
50 22 1
22 18 1
F2
256
21 19 2
19 17 2
17 14 2
14 11 2
11 8 2
8 5 2
F3
256
1 13 3
13 11 3
11 12 3
12 47 3
47 61 3
61 60 3
F4
256
72 20 4
20 17 4
17 14 4
14 11 4
11 8 4
8 9 4
9 6 4
F5
256
50 64 5
64 63 5
63 77 5
77 76 5
F6
256
51 50 6
50 49 6
49 63 6
63 64 6
F7
256
72 20 7
20 17 7
17 14 7
14 11 7
11 8 7
8 9 7
9 6 7
F8
256
27 29 8
29 32 8
32 36 8
36 35 8
35 55 8
F9
256
58 19 9
19 15 9
15 13 9
13 11 9
11 8 9
8 10 9
10 7 9
F10
512
43 38 10
38 40 10
40 36 10
36 32 10
32 29 10
29 27 10
27 26 10
F11
512
3 6 11
6 9 11
9 13 11
13 11 11
11 14 11
14 16 11
16 48 11
48 62 11
F12
512
58 19 12
19 15 12
15 13 12
13 11 12
11 8 12
8 10 12
10 7 12
F13
512
85 84 13
84 83 13
83 82 13
82 81 13
81 80 13
80 91 13
F14
512
21 19 14
19 17 14
17 14 14
14 11 14
11 8 14
8 5 14
F15
512
59 39 15
39 40 15
40 36 15
36 37 15
37 33 15
33 98 15
F16
512
69 68 16
68 82 16
82 81 16
81 80 16
F17
512
21 19 17
19 17 17
17 14 17
14 11 17
11 8 17
8 5 17
F18
512
42 41 18
41 40 18
40 36 18
36 37 18
37 73 18
73 98 18
98 100 18
F19
1024
19 15 19
15 13 19
13 11 19
11 12 19
12 10 19
F20
1024
88 83 20
83 69 20
69 55 20
55 54 20
54 53 20
F21
1024
96 95 21
95 76 21
75 77 21
77 63 21
63 49 21
49 18 21
18 17 21
17 20 21
F22
1024
85 84 22
84 83 22
83 82 22
82 81 22
81 80 22
80 91 22
F23
1024
58 19 23
19 15 23
15 13 23
13 11 23
11 8 23
8 10 23
10 7 23
F24
1024
50 64 24
64 63 24
63 77 24
77 76 24
F25
1024
84 83 25
83 82 25
82 81 25
81 90 25
F26
1024
19 15 26
15 13 26
13 11 26
11 12 26
12 10 26
F27
1024
69 68 27
68 82 27
82 81 27
81 80 27
F28
1024
95 76 28
76 77 28
77 63 28
63 49 28
49 50 28
50 22 28
22 18 28
F29
1024
66 80 29
80 81 29
81 82 29
82 68 29
F30
1024
71 56 30
56 38 30
38 40 30
40 36 30
36 32 30
32 34 30
34 31 30
31 28 30
