F1
256
17 18 1
18 49 1
49 63 1
63 77 1
F2
256
41 40 2
40 36 2
36 37 2
37 73 2
F3
256
23 20 3
20 17 3
17 14 3
14 11 3
11 12 3
12 16 3
F4
256
93 78 4
78 64 4
64 63 4
63 49 4
49 18 4
18 16 4
16 12 4
F5
256
70 69 5
69 68 5
68 82 5
82 81 5
F6
256
22 50 6
50 49 6
49 63 6
63 62 6
62 61 6
F7
256
87 84 7
84 83 7
83 82 7
82 89 7
F8
256
84 83 8
83 82 8
82 81 8
81 90 8
F9
256
22 50 9
50 49 9
49 63 9
63 62 9
62 61 9
F10
256
58 19 10
19 15 10
15 13 10
13 11 10
11 8 10
8 10 10
10 7 10
F11
256
41 40 11
40 36 11
36 37 11
37 73 11
F12
512
2 15 12
15 14 12
14 11 12
11 12 12
12 47 12
47 61 12
61 75 12
F13
512
87 84 13
84 83 13
83 82 13
82 89 13
F14
512
27 29 14
29 32 14
32 36 14
36 35 14
35 55 14
F15
512
87 84 15
84 83 15
83 82 15
82 89 15
F16
512
69 68 16
68 82 16
82 81 16
81 80 16
F17
512
70 69 17
69 68 17
68 82 17
82 81 17
F18
512
97 76 18
76 77 18
77 63 18
63 49 18
49 48 18
48 16 18
16 14 18
F19
512
72 20 19
20 17 19
17 14 19
14 11 19
11 8 19
8 9 19
9 6 19
F20
512
57 56 20
56 55 20
55 35 20
35 36 20
36 32 20
32 29 20
29 30 20
F21
512
2 15 21
15 14 21
14 11 21
11 12 21
12 47 21
47 61 21
61 75 21
F22
512
50 64 22
64 63 22
63 77 22
77 76 22
F23
1024
3 6 23
6 9 23
9 13 23
13 11 23
11 14 23
14 16 23
16 48 23
48 62 23
F24
1024
52 51 24
51 50 24
50 49 24
49 63 24
63 64 24
64 65 24
F25
1024
87 84 25
84 83 25
83 82 25
82 89 25
F26
1024
9 8 26
8 11 26
11 14 26
14 15 26
F27
1024
43 38 27
38 40 27
40 36 27
36 32 27
32 29 27
29 27 27
27 26 27
F28
1024
56 55 28
55 54 28
54 68 28
68 82 28
82 81 28
81 67 28
F29
1024
70 69 29
69 68 29
68 82 29
82 81 29
F30
1024
72 20 30
20 17 30
17 14 30
14 11 30
11 8 30
8 9 30
9 6 30
