F1
256
45 42 1
42 39 1
39 40 1
40 36 1
36 37 1
37 33 1
33 98 1
F2
256
66 80 2
80 81 2
81 82 2
82 68 2
F3
256
69 68 3
68 82 3
82 81 3
81 80 3
F4
256
96 95 4
95 76 4
75 77 4
77 63 4
63 49 4
49 18 4
18 17 4
17 20 4
F5
256
17 18 5
18 49 5
49 63 5
63 77 5
F6
256
54 68 6
68 82 6
82 81 6
81 80 6
80 79 6
F7
256
27 29 7
29 32 7
32 36 7
36 35 7
35 55 7
F8
256
3 6 8
6 9 8
9 13 8
13 11 8
11 14 8
14 16 8
16 48 8
48 62 8
F9
256
43 38 9
38 40 9
40 36 9
36 32 9
32 29 9
29 27 9
27 26 9
F10
256
17 18 10
18 49 10
49 63 10
63 77 10
F11
256
43 38 11
38 40 11
40 36 11
36 32 11
32 29 11
29 27 11
27 26 11
F12
256
72 20 12
20 17 12
17 14 12
14 11 12
11 8 12
8 9 12
9 6 12
F13
256
54 68 13
68 82 13
82 81 13
81 80 13
80 79 13
F14
256
52 51 14
51 50 14
50 49 14
49 63 14
63 64 14
64 65 14
F15
512
50 64 15
64 63 15
63 77 15
77 76 15
F16
512
72 20 16
20 17 16
17 14 16
14 11 16
11 8 16
8 9 16
9 6 16
F17
512
97 76 17
76 77 17
77 63 17
63 49 17
49 48 17
48 16 17
16 14 17
F18
512
45 42 18
42 39 18
39 40 18
40 36 18
36 37 18
37 33 18
33 98 18
F19
512
44 19 19
19 15 19
15 14 19
14 11 19
11 12 19
12 47 19
47 48 19
48 49 19
F20
512
85 84 20
84 83 20
83 82 20
82 81 20
81 80 20
80 91 20
F21
512
43 38 21
38 40 21
40 36 21
36 32 21
32 29 21
29 27 21
27 26 21
F22
1024
86 87 22
87 88 22
88 83 22
83 82 22
82 81 22
81 80 22
80 79 22
79 92 22
F23
1024
9 8 23
8 11 23
11 14 23
14 15 23
F24
1024
70 69 24
69 68 24
68 82 24
82 81 24
F25
1024
51 50 25
50 49 25
49 63 25
63 64 25
F26
1024
17 18 26
18 49 26
49 63 26
63 77 26
F27
1024
50 64 27
64 63 27
63 77 27
77 76 27
F28
1024
45 42 28
42 39 28
39 40 28
40 36 28
36 37 28
37 33 28
33 98 28
F29
1024
72 20 29
20 17 29
17 14 29
14 11 29
11 8 29
8 9 29
9 6 29
F30
1024
45 42 30
42 39 30
39 40 30
40 36 30
36 37 30
37 33 30
33 98 30
