F1
256
51 50 1
50 49 1
49 63 1
63 64 1
F2
256
66 80 2
80 81 2
81 82 2
82 68 2
F3
256
58 19 3
19 15 3
15 13 3
13 11 3
11 8 3
8 10 3
10 7 3
F4
256
42 41 4
41 40 4
40 36 4
36 37 4
37 73 4
73 98 4
98 100 4
F5
256
22 50 5
50 49 5
49 63 5
63 62 5
62 61 5
F6
256
96 95 6
95 76 6
75 77 6
77 63 6
63 49 6
49 18 6
18 17 6
17 20 6
F7
256
27 29 7
29 32 7
32 36 7
36 35 7
35 55 7
F8
256
21 19 8
19 17 8
17 14 8
14 11 8
11 8 8
8 5 8
F9
256
58 19 9
19 15 9
15 13 9
13 11 9
11 8 9
8 10 9
10 7 9
F10
512
21 19 10
19 17 10
17 14 10
14 11 10
11 8 10
8 5 10
F11
512
93 78 11
78 64 11
64 63 11
63 49 11
49 18 11
18 16 11
16 12 11
F12
512
3 6 12
6 9 12
9 13 12
13 11 12
11 14 12
14 16 12
16 48 12
48 62 12
F13
512
59 39 13
39 40 13
40 36 13
36 37 13
37 33 13
33 98 13
F14
512
22 50 14
50 49 14
49 63 14
63 62 14
62 61 14
F15
512
71 56 15
56 38 15
38 40 15
40 36 15
36 32 15
32 34 15
34 31 15
31 28 15
F16
512
96 95 16
95 76 16
75 77 16
77 63 16
63 49 16
49 18 16
18 17 16
17 20 16
F17
512
17 18 17
18 49 17
49 63 17
63 77 17
F18
1024
1 13 18
13 11 18
11 12 18
12 47 18
47 61 18
61 60 18
F19
1024
84 83 19
83 82 19
82 81 19
81 90 19
F20
1024
70 69 20
69 68 20
68 82 20
82 81 20
F21
1024
93 78 21
78 64 21
64 63 21
63 49 21
49 18 21
18 16 21
16 12 21
F22
1024
71 56 22
56 38 22
38 40 22
40 36 22
36 32 22
32 34 22
34 31 22
31 28 22
F23
1024
52 51 23
51 50 23
50 49 23
49 63 23
63 64 23
64 65 23
F24
1024
85 84 24
84 83 24
83 82 24
82 81 24
81 80 24
80 91 24
F25
1024
27 29 25
29 32 25
32 36 25
36 35 25
35 55 25
F26
1024
85 84 26
84 83 26
83 82 26
82 81 26
81 80 26
80 91 26
F27
1024
52 51 27
51 50 27
50 49 27
49 63 27
63 64 27
64 65 27
F28
1024
1 13 28
13 11 28
11 12 28
12 47 28
47 61 28
61 60 28
F29
1024
70 69 29
69 68 29
68 82 29
82 81 29
F30
1024
52 51 30
51 50 30
50 49 30
49 63 30
63 64 30
64 65 30
