F1
256
50 64 1
64 63 1
63 77 1
77 76 1
F2
256
93 78 2
78 64 2
64 63 2
63 49 2
49 18 2
18 16 2
16 12 2
F3
256
9 8 3
8 11 3
11 14 3
14 15 3
F4
256
45 42 4
42 39 4
39 40 4
40 36 4
36 37 4
37 33 4
33 98 4
F5
256
83 82 5
82 68 5
68 54 5
54 34 5
F6
256
93 78 6
78 64 6
64 63 6
63 49 6
49 18 6
18 16 6
16 12 6
F7
256
74 75 7
75 76 7
76 77 7
77 63 7
63 64 7
64 78 7
78 77 7
77 94 7
F8
256
9 8 8
8 11 8
11 14 8
14 15 8
F9
512
27 29 9
29 32 9
32 36 9
36 35 9
35 55 9
F10
512
83 82 10
82 68 10
68 54 10
54 34 10
F11
512
9 8 11
8 11 11
11 14 11
14 15 11
F12
512
44 19 12
19 15 12
15 14 12
14 11 12
11 12 12
12 47 12
47 48 12
48 49 12
F13
512
42 41 13
41 40 13
40 36 13
36 37 13
37 73 13
73 98 13
98 100 13
F14
512
17 18 14
18 49 14
49 63 14
63 77 14
F15
512
71 56 15
56 38 15
38 40 15
40 36 15
36 32 15
32 34 15
34 31 15
31 28 15
F16
512
96 95 16
95 76 16
75 77 16
77 63 16
63 49 16
49 18 16
18 17 16
17 20 16
F17
512
21 19 17
19 17 17
17 14 17
14 11 17
11 8 17
8 5 17
F18
512
84 83 18
83 82 18
82 81 18
81 90 18
F19
512
45 42 19
42 39 19
39 40 19
40 36 19
36 37 19
37 33 19
33 98 19
F20
1024
21 19 20
19 17 20
17 14 20
14 11 20
11 8 20
8 5 20
F21
1024
19 15 21
15 13 21
13 11 21
11 12 21
12 10 21
F22
1024
22 50 22
50 49 22
49 63 22
63 62 22
62 61 22
F23
1024
97 76 23
76 77 23
77 63 23
63 49 23
49 48 23
48 16 23
16 14 23
F24
1024
17 18 24
18 49 24
49 63 24
63 77 24
F25
1024
43 38 25
38 40 25
40 36 25
36 32 25
32 29 25
29 27 25
27 26 25
F26
1024
17 18 26
18 49 26
49 63 26
63 77 26
F27
1024
23 20 27
20 17 27
17 14 27
14 11 27
11 12 27
12 16 27
F28
1024
44 19 28
19 15 28
15 14 28
14 11 28
11 12 28
12 47 28
47 48 28
48 49 28
F29
1024
27 29 29
29 32 29
32 36 29
36 35 29
35 55 29
F30
1024
71 56 30
56 38 30
38 40 30
40 36 30
36 32 30
32 34 30
34 31 30
31 28 30
