F1
256
74 75 1
75 76 1
76 77 1
77 63 1
63 64 1
64 78 1
78 77 1
77 94 1
F2
256
86 87 2
87 88 2
88 83 2
83 82 2
82 81 2
81 80 2
80 79 2
79 92 2
F3
256
88 83 3
83 69 3
69 55 3
55 54 3
54 53 3
F4
256
41 40 4
40 36 4
36 37 4
37 73 4
F5
256
70 69 5
69 68 5
68 82 5
82 81 5
F6
256
43 38 6
38 40 6
40 36 6
36 32 6
32 29 6
29 27 6
27 26 6
F7
256
87 84 7
84 83 7
83 82 7
82 89 7
F8
256
93 78 8
78 64 8
64 63 8
63 49 8
49 18 8
18 16 8
16 12 8
F9
256
42 41 9
41 40 9
40 36 9
36 37 9
37 73 9
73 98 9
98 100 9
F10
256
96 95 10
95 76 10
75 77 10
77 63 10
63 49 10
49 18 10
18 17 10
17 20 10
F11
256
57 56 11
56 55 11
55 35 11
35 36 11
36 32 11
32 29 11
29 30 11
F12
512
88 83 12
83 69 12
69 55 12
55 54 12
54 53 12
F13
512
43 38 13
38 40 13
40 36 13
36 32 13
32 29 13
29 27 13
27 26 13
F14
512
93 78 14
78 64 14
64 63 14
63 49 14
49 18 14
18 16 14
16 12 14
F15
512
85 84 15
84 83 15
83 82 15
82 81 15
81 80 15
80 91 15
F16
512
41 40 16
40 36 16
36 37 16
37 73 16
F17
512
71 56 17
56 38 17
38 40 17
40 36 17
36 32 17
32 34 17
34 31 17
31 28 17
F18
1024
22 50 18
50 49 18
49 63 18
63 62 18
62 61 18
F19
1024
51 50 19
50 49 19
49 63 19
63 64 19
F20
1024
1 13 20
13 11 20
11 12 20
12 47 20
47 61 20
61 60 20
F21
1024
23 20 21
20 17 21
17 14 21
14 11 21
11 12 21
12 16 21
F22
1024
3 6 22
6 9 22
9 13 22
13 11 22
11 14 22
14 16 22
16 48 22
48 62 22
F23
1024
54 68 23
68 82 23
82 81 23
81 80 23
80 79 23
F24
1024
87 84 24
84 83 24
83 82 24
82 89 24
F25
1024
45 42 25
42 39 25
39 40 25
40 36 25
36 37 25
37 33 25
33 98 25
F26
1024
88 83 26
83 69 26
69 55 26
55 54 26
54 53 26
F27
1024
66 80 27
80 81 27
81 82 27
82 68 27
F28
1024
2 15 28
15 14 28
14 11 28
11 12 28
12 47 28
47 61 28
61 75 28
F29
1024
56 55 29
55 54 29
54 68 29
68 82 29
82 81 29
81 67 29
F30
1024
74 75 30
75 76 30
76 77 30
77 63 30
63 64 30
64 78 30
78 77 30
77 94 30
