F1
256
51 50 1
50 49 1
49 63 1
63 64 1
F2
256
22 50 2
50 49 2
49 63 2
63 62 2
62 61 2
F3
256
71 56 3
56 38 3
38 40 3
40 36 3
36 32 3
32 34 3
34 31 3
31 28 3
F4
256
56 55 4
55 54 4
54 68 4
68 82 4
82 81 4
81 67 4
F5
256
96 95 5
95 76 5
75 77 5
77 63 5
63 49 5
49 18 5
18 17 5
17 20 5
F6
256
50 64 6
64 63 6
63 77 6
77 76 6
F7
256
3 6 7
6 9 7
9 13 7
13 11 7
11 14 7
14 16 7
16 48 7
48 62 7
F8
256
23 20 8
20 17 8
17 14 8
14 11 8
11 12 8
12 16 8
F9
512
56 55 9
55 54 9
54 68 9
68 82 9
82 81 9
81 67 9
F10
512
84 83 10
83 82 10
82 81 10
81 90 10
F11
512
44 19 11
19 15 11
15 14 11
14 11 11
11 12 11
12 47 11
47 48 11
48 49 11
F12
512
70 69 12
69 68 12
68 82 12
82 81 12
F13
512
72 20 13
20 17 13
17 14 13
14 11 13
11 8 13
8 9 13
9 6 13
F14
512
56 55 14
55 54 14
54 68 14
68 82 14
82 81 14
81 67 14
F15
512
41 40 15
40 36 15
36 37 15
37 73 15
F16
512
85 84 16
84 83 16
83 82 16
82 81 16
81 80 16
80 91 16
F17
512
66 80 17
80 81 17
81 82 17
82 68 17
F18
512
95 76 18
76 77 18
77 63 18
63 49 18
49 50 18
50 22 18
22 18 18
F19
512
17 18 19
18 49 19
49 63 19
63 77 19
F20
512
23 20 20
20 17 20
17 14 20
14 11 20
11 12 20
12 16 20
F21
1024
23 20 21
20 17 21
17 14 21
14 11 21
11 12 21
12 16 21
F22
1024
87 84 22
84 83 22
83 82 22
82 89 22
F23
1024
17 18 23
18 49 23
49 63 23
63 77 23
F24
1024
17 18 24
18 49 24
49 63 24
63 77 24
F25
1024
83 82 25
82 68 25
68 54 25
54 34 25
F26
1024
41 40 26
40 36 26
36 37 26
37 73 26
F27
1024
84 83 27
83 82 27
82 81 27
81 90 27
F28
1024
19 15 28
15 13 28
13 11 28
11 12 28
12 10 28
F29
1024
58 19 29
19 15 29
15 13 29
13 11 29
11 8 29
8 10 29
10 7 29
F30
1024
71 56 30
56 38 30
38 40 30
40 36 30
36 32 30
32 34 30
34 31 30
31 28 30
