F1
256
43 38 1
38 40 1
40 36 1
36 32 1
32 29 1
29 27 1
27 26 1
F2
256
51 50 2
50 49 2
49 63 2
63 64 2
F3
256
83 82 3
82 68 3
68 54 3
54 34 3
F4
256
74 75 4
75 76 4
76 77 4
77 63 4
63 64 4
64 78 4
78 77 4
77 94 4
F5
256
45 42 5
42 39 5
39 40 5
40 36 5
36 37 5
37 33 5
33 98 5
F6
256
3 6 6
6 9 6
9 13 6
13 11 6
11 14 6
14 16 6
16 48 6
48 62 6
F7
256
2 15 7
15 14 7
14 11 7
11 12 7
12 47 7
47 61 7
61 75 7
F8
256
23 20 8
20 17 8
17 14 8
14 11 8
11 12 8
12 16 8
F9
256
23 20 9
20 17 9
17 14 9
14 11 9
11 12 9
12 16 9
F10
256
84 83 10
83 82 10
82 81 10
81 90 10
F11
512
84 83 11
83 82 11
82 81 11
81 90 11
F12
512
41 40 12
40 36 12
36 37 12
37 73 12
F13
512
44 19 13
19 15 13
15 14 13
14 11 13
11 12 13
12 47 13
47 48 13
48 49 13
F14
512
69 68 14
68 82 14
82 81 14
81 80 14
F15
512
52 51 15
51 50 15
50 49 15
49 63 15
63 64 15
64 65 15
F16
512
23 20 16
20 17 16
17 14 16
14 11 16
11 12 16
12 16 16
F17
512
52 51 17
51 50 17
50 49 17
49 63 17
63 64 17
64 65 17
F18
512
4 9 18
9 8 18
8 11 18
11 12 18
12 47 18
47 46 18
F19
512
44 19 19
19 15 19
15 14 19
14 11 19
11 12 19
12 47 19
47 48 19
48 49 19
F20
1024
1 13 20
13 11 20
11 12 20
12 47 20
47 61 20
61 60 20
F21
1024
84 83 21
83 82 21
82 81 21
81 90 21
F22
1024
93 78 22
78 64 22
64 63 22
63 49 22
49 18 22
18 16 22
16 12 22
F23
1024
17 18 23
18 49 23
49 63 23
63 77 23
F24
1024
1 13 24
13 11 24
11 12 24
12 47 24
47 61 24
61 60 24
F25
1024
57 56 25
56 55 25
55 35 25
35 36 25
36 32 25
32 29 25
29 30 25
F26
1024
52 51 26
51 50 26
50 49 26
49 63 26
63 64 26
64 65 26
F27
1024
66 80 27
80 81 27
81 82 27
82 68 27
F28
1024
93 78 28
78 64 28
64 63 28
63 49 28
49 18 28
18 16 28
16 12 28
F29
1024
3 6 29
6 9 29
9 13 29
13 11 29
11 14 29
14 16 29
16 48 29
48 62 29
F30
1024
43 38 30
38 40 30
40 36 30
36 32 30
32 29 30
29 27 30
27 26 30
