F1
256
85 84 1
84 83 1
83 82 1
82 81 1
81 80 1
80 91 1
F2
256
93 78 2
78 64 2
64 63 2
63 49 2
49 18 2
18 16 2
16 12 2
F3
256
96 95 3
95 76 3
75 77 3
77 63 3
63 49 3
49 18 3
18 17 3
17 20 3
F4
256
69 68 4
68 82 4
82 81 4
81 80 4
F5
256
88 83 5
83 69 5
69 55 5
55 54 5
54 53 5
F6
256
22 50 6
50 49 6
49 63 6
63 62 6
62 61 6
F7
256
2 15 7
15 14 7
14 11 7
11 12 7
12 47 7
47 61 7
61 75 7
F8
256
1 13 8
13 11 8
11 12 8
12 47 8
47 61 8
61 60 8
F9
256
54 68 9
68 82 9
82 81 9
81 80 9
80 79 9
F10
256
84 83 10
83 82 10
82 81 10
81 90 10
F11
256
51 50 11
50 49 11
49 63 11
63 64 11
F12
256
43 38 12
38 40 12
40 36 12
36 32 12
32 29 12
29 27 12
27 26 12
F13
512
57 56 13
56 55 13
55 35 13
35 36 13
36 32 13
32 29 13
29 30 13
F14
512
69 68 14
68 82 14
82 81 14
81 80 14
F15
512
69 68 15
68 82 15
82 81 15
81 80 15
F16
512
22 50 16
50 49 16
49 63 16
63 62 16
62 61 16
F17
512
83 82 17
82 68 17
68 54 17
54 34 17
F18
512
88 83 18
83 69 18
69 55 18
55 54 18
54 53 18
F19
512
3 6 19
6 9 19
9 13 19
13 11 19
11 14 19
14 16 19
16 48 19
48 62 19
F20
512
85 84 20
84 83 20
83 82 20
82 81 20
81 80 20
80 91 20
F21
512
22 50 21
50 49 21
49 63 21
63 62 21
62 61 21
F22
512
59 39 22
39 40 22
40 36 22
36 37 22
37 33 22
33 98 22
F23
512
72 20 23
20 17 23
17 14 23
14 11 23
11 8 23
8 9 23
9 6 23
F24
1024
66 80 24
80 81 24
81 82 24
82 68 24
F25
1024
44 19 25
19 15 25
15 14 25
14 11 25
11 12 25
12 47 25
47 48 25
48 49 25
F26
1024
50 64 26
64 63 26
63 77 26
77 76 26
F27
1024
56 55 27
55 54 27
54 68 27
68 82 27
82 81 27
81 67 27
F28
1024
44 19 28
19 15 28
15 14 28
14 11 28
11 12 28
12 47 28
47 48 28
48 49 28
F29
1024
59 39 29
39 40 29
40 36 29
36 37 29
37 33 29
33 98 29
F30
1024
52 51 30
51 50 30
50 49 30
49 63 30
63 64 30
64 65 30
