0.148414741102
0.0854157188555
0.0738410896602
0.0742913855803
0.08996940881
0.0796943307207
0.0637906946281
0.0690609337532
0.0780824066416
0.0800258804744
0.094577689253
0.0707703069953
0.0827655557866
0.077150533681
0.0836024921811
0.0958221311343
0.0703807111822
0.0679180230126
0.103603523584
0.0730239842849
0.0784353565523
0.0978135079866
0.0804815929569
0.0666941114577
0.0779030319775
0.0869243029734
0.0705682488301
0.0881805708649
0.0727408628136
0.0838427564932
0.102007056718
0.158207067156
0.100078721294
0.0783002619478
0.0876952783846
0.0731924692414
0.141272232981
0.0831886193574
0.0809541588913
0.0920307231252
0.0655602025585
0.0773236994025
0.102996245438
0.0778690705017
0.0776671741899
0.085239179366
0.0975163772943
0.100770025743
0.0589441669585
0.120182453198
0.0636839584781
0.0809152233823
0.0989827547594
0.0837520341162
0.0735707426905
0.0706657422047
0.0883412844454
0.089702639256
0.093239088898
0.065440527651
0.0692018556444
0.0792485418699
0.0690180917508
0.0903300326173
0.0839537889179
0.0846849938196
0.0828388518828
0.0790959950755
0.0890586845142
0.0856464949243
0.0859310895314
0.102972837787
0.0713952634072
0.0887468853231
0.079160691263
0.0842489798435
0.082312168683
0.0897368384755
0.0835927436287
0.0822262365044
0.0735125206252
0.110004878532
0.0821499668224
0.0881175982385
0.085458911763
0.0930286113275
0.0894993764474
0.0926354006752
0.078779824837
0.0716879944419
0.085404307637
0.0740477510127
0.0725597354816
0.0986473703212
0.0990720171249
0.0821070634525
0.0614328744189
0.0832405197937
0.0851570885812
0.0726702252567
