0.110330457502
0.105499090382
0.118756644244
0.119713797284
0.12146404873
0.131640441335
0.148289972671
0.11733068044
0.138736351023
0.112950362554
0.11102226531
0.127195618551
0.101625565148
0.114468018058
0.110627259286
0.110446419581
0.116382793347
0.107295929196
0.113797320203
0.142947044861
0.109632934603
0.117757003288
0.124805437703
0.117989650306
0.165020594762
0.136419103291
0.140843724642
0.112070819266
0.132712315668
0.114359175159
0.122347592421
0.112910186839
0.126266189367
0.116327322143
0.124877512537
0.137790865192
0.107473157234
0.119433521346
0.14141291723
0.106723939847
0.104634183885
0.143288267087
0.160089651915
0.120608947588
0.140056573387
0.121931333148
0.120381984597
0.142565292224
0.129072684098
0.112273018325
0.109874241721
0.117722024046
0.122425377658
0.122288375622
0.147404232495
0.12162189965
0.119571844221
0.110110497486
0.1440992063
0.167346140268
0.154421464033
0.130276648577
0.144139873584
0.119540120996
0.115557734841
0.121762541856
0.112393958404
0.123271456789
0.131182065571
0.107826423906
0.103034576122
0.123383814095
0.11020721902
0.156914354782
0.123179061838
0.110080968243
0.105997401183
0.116145503663
0.103306607285
0.12347060793
0.133555139833
0.129161310533
0.107683508429
0.163792457898
0.118118908894
0.116452437637
0.122012278698
0.107005512875
0.121851952941
0.166228290621
0.112040395651
0.117724076553
0.129647520836
0.106974135098
0.113577689157
0.107173139611
0.116008247209
0.179201934916
0.100642929991
0.120801222117
