0.165666987215
0.204166914369
0.147395807645
0.18319348481
0.215088658423
0.138675617311
0.16256025512
0.23972553122
0.399815594715
0.197250440329
0.221929378516
0.235249849066
0.304538476231
0.197070970279
0.153480342434
0.241954883866
0.21836648632
0.191076033988
0.187306694845
0.156079991306
0.167680186355
0.232812000726
0.191649935921
0.149273510282
0.256115755508
0.170645016725
0.167379176624
0.197519284037
0.163536031065
0.278543739742
0.164520989671
0.117358869573
0.178497834072
0.181016620357
0.353529494848
0.163269770891
0.255679351814
0.24943728482
0.202201814026
0.320881624989
0.134407708282
0.303659364592
0.173617807086
0.262373837003
0.118895071917
0.161463579884
0.150931476353
0.209006169697
0.20221823957
0.442995901851
0.204006492082
0.283310382341
0.260643316087
0.232609746821
0.103496291233
0.277142648378
0.399660612817
0.185728619125
0.205138810787
0.253595592088
0.233476656112
0.13843224016
0.146951335192
0.318358151057
0.232583839397
0.235100641113
0.170400062653
0.178513299035
0.157184661765
0.260489638187
0.286400123507
0.159210304736
0.220575608982
0.115542617271
0.24987943759
0.146871815133
0.171203475378
0.279146884803
0.28599506559
0.132021792179
0.297933131484
0.242574960826
0.235186417955
0.159010931043
0.175802780239
0.251260580738
0.2728937691
0.206079375006
0.150520587945
0.197486085923
0.293767581856
0.174005803532
0.172581146126
0.254114280118
0.147278597762
0.18888152943
0.367018740186
0.179157476613
0.345310904467
0.178041922431
