F1
1024
5 18
18 6
6 88
88 25
25 69
69 54
F2
1024
5 18
18 6
6 88
88 25
25 69
69 54
F3
1024
51 2
2 7
7 46
46 25
25 69
69 54
F4
1024
51 2
2 7
7 46
46 25
25 69
69 54
F5
1024
4 3
3 1
1 46
46 25
25 26
26 34
F6
1024
4 3
3 1
1 46
46 25
25 26
26 34
F7
1024
87 61
61 90
90 25
25 69
F8
1024
87 61
61 90
90 25
25 69
F9
1024
3 1
1 7
7 88
88 25
25 26
F10
1024
3 1
1 7
7 88
88 25
25 26
F11
512
37 90
90 25
25 46
46 1
F12
512
37 90
90 25
25 46
46 1
F13
512
10 42
42 91
91 29
29 74
74 39
39 94
94 83
F14
512
10 42
42 91
91 29
29 74
74 39
39 94
94 83
F15
1024
47 76
76 16
16 35
35 74
74 22
22 94
F16
1024
47 76
76 16
16 35
35 74
74 22
22 94
F17
256
59 40
40 29
29 74
74 94
94 98
F18
256
59 40
40 29
29 74
74 94
94 98
F19
256
55 63
63 74
74 22
22 67
67 28
F20
256
55 63
63 74
74 22
22 67
67 28
F21
1024
92 16
16 35
35 74
74 22
22 67
F22
1024
92 16
16 35
35 74
74 22
22 67
F23
256
60 85
85 27
27 25
25 88
88 61
F24
256
60 85
85 27
27 25
25 88
88 61
F25
512
53 70
70 58
58 86
86 33
33 84
F26
512
53 70
70 58
58 86
86 33
33 84
F27
512
14 70
70 58
58 86
86 11
11 48
F28
512
14 70
70 58
58 86
86 11
11 48
F29
1024
81 70
70 58
58 86
86 11
F30
1024
81 70
70 58
58 86
86 11
F31
1024
68 23
23 58
58 86
86 33
F32
1024
68 23
23 58
58 86
86 33
F33
512
78 71
71 86
86 43
43 72
F34
512
78 71
71 86
86 43
43 72
F35
256
95 70
70 58
58 86
86 43
F36
256
95 70
70 58
58 86
86 43
F37
1024
31 52
52 66
66 86
86 71
F38
1024
31 52
52 66
66 86
86 71
F39
1024
100 8
8 96
96 75
F40
1024
100 8
8 96
96 75
F41
1024
30 36
36 20
20 96
96 13
F42
1024
30 36
36 20
20 96
96 13
F43
256
15 24
24 96
96 9
F44
256
15 24
24 96
96 9
F45
1024
8 96
96 13
13 12
12 32
F46
1024
8 96
96 13
13 12
12 32
F47
512
52 9
9 96
96 13
13 12
F48
512
52 9
9 96
96 13
13 12
F49
512
76 16
16 35
35 74
74 22
F50
512
76 16
16 35
35 74
74 22
F51
1024
45 39
39 74
74 35
35 16
F52
1024
45 39
39 74
74 35
35 16
F53
256
50 39
39 74
74 63
F54
256
50 39
39 74
74 63
F55
1024
24 96
96 20
20 80
F56
1024
24 96
96 20
20 80
F57
1024
19 82
82 25
25 88
88 6
6 2
F58
1024
19 82
82 25
25 88
88 6
6 2
F59
512
27 25
25 88
88 6
F60
512
27 25
25 88
88 6
F61
512
17 74
74 79
F62
512
17 74
74 79
F63
512
77 17
17 74
74 35
F64
512
77 17
17 74
74 35
F65
512
20 17
17 74
74 29
29 91
F66
512
20 17
17 74
74 29
29 91
F67
256
82 25
25 46
F68
256
82 25
25 46
F69
256
7 46
46 25
25 26
26 97
F70
256
7 46
46 25
25 26
26 97
F71
1024
88 25
25 82
82 89
F72
1024
88 25
25 82
82 89
F73
512
66 86
86 58
F74
512
66 86
86 58
F75
1024
40 29
29 74
74 39
F76
1024
40 29
29 74
74 39
F77
512
41 76
76 16
16 35
35 74
74 29
F78
512
41 76
76 16
16 35
35 74
74 29
F79
512
38 35
35 74
74 22
22 57
F80
512
38 35
35 74
74 22
22 57
