0.0614035087719	0.0438596491228	0.00877192982456	0.0701754385965	0.0438596491228	0.00877192982456	0.0175438596491	0	0.00877192982456	0.00877192982456	0.728070175439	
0.0614035087719	0.0175438596491	0.0438596491228	0.0438596491228	0.0263157894737	0.0438596491228	0.00877192982456	0.0263157894737	0.00877192982456	0.00877192982456	0.710526315789	
0.0526315789474	0.0350877192982	0.0263157894737	0.0701754385965	0.0350877192982	0.0263157894737	0.0263157894737	0.00877192982456	0.00877192982456	0.0263157894737	0.684210526316	
0.0350877192982	0.0175438596491	0.0438596491228	0.0701754385965	0.0350877192982	0.0175438596491	0.0263157894737	0	0.00877192982456	0.0263157894737	0.719298245614	
0.0614035087719	0.0263157894737	0.0175438596491	0.0526315789474	0.0263157894737	0.0350877192982	0.0175438596491	0.00877192982456	0.00877192982456	0.0263157894737	0.719298245614	
0.0614035087719	0.0701754385965	0.0263157894737	0.0526315789474	0.0614035087719	0.0175438596491	0.0175438596491	0.00877192982456	0	0.0175438596491	0.666666666667	
0.0614035087719	0.0701754385965	0.00877192982456	0.0614035087719	0.0438596491228	0.0263157894737	0	0	0.00877192982456	0	0.719298245614	
0.0438596491228	0.0701754385965	0.0350877192982	0.0526315789474	0.0263157894737	0.00877192982456	0.0175438596491	0	0.00877192982456	0.00877192982456	0.728070175439	
0.0263157894737	0.0789473684211	0.0438596491228	0.0701754385965	0.0263157894737	0.0263157894737	0	0.0175438596491	0.00877192982456	0.0175438596491	0.684210526316	
0.0789473684211	0.0263157894737	0	0.0614035087719	0.0175438596491	0.0263157894737	0.0263157894737	0.0263157894737	0.0175438596491	0.00877192982456	0.710526315789	
0.0263157894737	0.0964912280702	0.0350877192982	0.0438596491228	0.0175438596491	0.0263157894737	0.00877192982456	0.00877192982456	0	0	0.736842105263	
0.0438596491228	0.0263157894737	0.0263157894737	0.0701754385965	0.0263157894737	0.0175438596491	0.00877192982456	0	0.0175438596491	0.00877192982456	0.754385964912	
0.0438596491228	0.0438596491228	0.0438596491228	0.0350877192982	0.0438596491228	0.00877192982456	0.0263157894737	0.0175438596491	0	0.0175438596491	0.719298245614	
0.0789473684211	0.0789473684211	0.0263157894737	0.0614035087719	0.0175438596491	0.00877192982456	0.0263157894737	0.0175438596491	0.0263157894737	0	0.657894736842	
0.0789473684211	0.0438596491228	0.0438596491228	0.0263157894737	0.0263157894737	0.0175438596491	0.00877192982456	0	0.00877192982456	0.0175438596491	0.728070175439	
0.0701754385965	0.0614035087719	0.0438596491228	0.0701754385965	0.0526315789474	0.0263157894737	0.00877192982456	0	0.0175438596491	0.00877192982456	0.640350877193	
0.0438596491228	0.0263157894737	0.00877192982456	0.105263157895	0.0263157894737	0.0263157894737	0.00877192982456	0	0.00877192982456	0	0.745614035088	
0.0789473684211	0.0263157894737	0.0175438596491	0.0438596491228	0.0526315789474	0	0.00877192982456	0.00877192982456	0.00877192982456	0.00877192982456	0.745614035088	
0.0350877192982	0.0263157894737	0.0263157894737	0.0789473684211	0.0175438596491	0.0526315789474	0	0.0263157894737	0.00877192982456	0.00877192982456	0.719298245614	
0.0263157894737	0.0526315789474	0	0.0614035087719	0.0263157894737	0.00877192982456	0	0.0175438596491	0.0175438596491	0.0438596491228	0.745614035088	
0.0263157894737	0.0263157894737	0.00877192982456	0.0263157894737	0.0175438596491	0.00877192982456	0.00877192982456	0.0263157894737	0	0.0175438596491	0.833333333333	
0.0614035087719	0.0789473684211	0.0263157894737	0.0175438596491	0.0701754385965	0.00877192982456	0.00877192982456	0.00877192982456	0	0.00877192982456	0.710526315789	
0.0438596491228	0.114035087719	0.0350877192982	0.0701754385965	0.0263157894737	0.0175438596491	0	0	0	0.00877192982456	0.684210526316	
0.0350877192982	0.0438596491228	0.0175438596491	0.0263157894737	0.00877192982456	0.0350877192982	0.0438596491228	0.00877192982456	0	0.00877192982456	0.771929824561	
0.0350877192982	0.0350877192982	0.0438596491228	0.0263157894737	0.0263157894737	0.00877192982456	0.0350877192982	0.0175438596491	0.00877192982456	0	0.763157894737	
0.0526315789474	0.0701754385965	0.00877192982456	0.0964912280702	0.0438596491228	0.0175438596491	0.00877192982456	0.0175438596491	0	0.0263157894737	0.657894736842	
0.00877192982456	0.0877192982456	0.0526315789474	0.0175438596491	0.0350877192982	0.0350877192982	0.00877192982456	0.00877192982456	0.00877192982456	0.0175438596491	0.719298245614	
0.0438596491228	0.0789473684211	0.0263157894737	0.0614035087719	0.0438596491228	0	0.00877192982456	0	0	0.0263157894737	0.710526315789	
0.0263157894737	0.0263157894737	0.0263157894737	0.0789473684211	0.0175438596491	0.0350877192982	0.0263157894737	0.00877192982456	0	0	0.754385964912	
0.0526315789474	0.0614035087719	0.00877192982456	0.0438596491228	0.00877192982456	0.0614035087719	0.0175438596491	0.00877192982456	0.0263157894737	0	0.710526315789	
0.0175438596491	0.0614035087719	0.0438596491228	0.0877192982456	0.0175438596491	0.00877192982456	0.00877192982456	0	0.00877192982456	0.0263157894737	0.719298245614	
0.0701754385965	0.0614035087719	0	0.0175438596491	0.0526315789474	0.0526315789474	0.0350877192982	0.0175438596491	0	0.0175438596491	0.675438596491	
0.0789473684211	0.0350877192982	0.0438596491228	0.0964912280702	0.0175438596491	0.0263157894737	0	0.0175438596491	0.00877192982456	0	0.675438596491	
0.0350877192982	0.0175438596491	0.0614035087719	0.0438596491228	0.0526315789474	0.0263157894737	0.0175438596491	0.00877192982456	0	0.00877192982456	0.728070175439	
0.0175438596491	0.0526315789474	0.00877192982456	0.0438596491228	0.0263157894737	0.0175438596491	0.0263157894737	0	0.0263157894737	0.00877192982456	0.771929824561	
0.0438596491228	0.0526315789474	0.0175438596491	0.0701754385965	0.0614035087719	0	0.00877192982456	0.00877192982456	0.0175438596491	0	0.719298245614	
0.0350877192982	0.0964912280702	0.00877192982456	0.0614035087719	0	0.0175438596491	0.00877192982456	0	0.00877192982456	0.0175438596491	0.745614035088	
0.0350877192982	0.0350877192982	0.0175438596491	0.0701754385965	0.0263157894737	0.0438596491228	0.0438596491228	0.00877192982456	0.0350877192982	0.0175438596491	0.666666666667	
0.0701754385965	0.0614035087719	0.0175438596491	0.0350877192982	0.0350877192982	0.00877192982456	0.00877192982456	0.0175438596491	0.00877192982456	0.0263157894737	0.710526315789	
0.0964912280702	0.0877192982456	0.0263157894737	0.0350877192982	0.0263157894737	0.00877192982456	0	0.0350877192982	0.0175438596491	0.0175438596491	0.649122807018	
0.0438596491228	0.0526315789474	0.00877192982456	0.0526315789474	0.0263157894737	0.0175438596491	0	0.0175438596491	0	0.00877192982456	0.771929824561	
0.0526315789474	0.0350877192982	0.0175438596491	0.0263157894737	0.0175438596491	0.0263157894737	0	0.0175438596491	0.0175438596491	0	0.789473684211	
0.0263157894737	0.0526315789474	0.0350877192982	0.0526315789474	0.0175438596491	0.00877192982456	0.0175438596491	0.00877192982456	0.0175438596491	0	0.763157894737	
0.140350877193	0.0438596491228	0	0.0350877192982	0.0263157894737	0.00877192982456	0.00877192982456	0.0263157894737	0.0263157894737	0.0263157894737	0.657894736842	
0.0526315789474	0.00877192982456	0.0263157894737	0.0438596491228	0.0350877192982	0.0350877192982	0.00877192982456	0.00877192982456	0.0350877192982	0.0175438596491	0.728070175439	
0.0701754385965	0.0350877192982	0.0526315789474	0.0438596491228	0.0175438596491	0.00877192982456	0.00877192982456	0	0.00877192982456	0.0263157894737	0.728070175439	
0.0175438596491	0.0526315789474	0.0175438596491	0.0263157894737	0.00877192982456	0.0263157894737	0.0175438596491	0.00877192982456	0.0175438596491	0.00877192982456	0.798245614035	
0.00877192982456	0.0263157894737	0.0175438596491	0.0614035087719	0.0438596491228	0.00877192982456	0	0.0263157894737	0.0175438596491	0.00877192982456	0.780701754386	
0.0175438596491	0.0526315789474	0.0263157894737	0.0438596491228	0.0175438596491	0.0350877192982	0.0438596491228	0.00877192982456	0	0.0263157894737	0.728070175439	
0.0526315789474	0.0789473684211	0.0263157894737	0.0701754385965	0.0350877192982	0.00877192982456	0	0	0.00877192982456	0.0175438596491	0.701754385965	
0.0701754385965	0.0614035087719	0.00877192982456	0.0789473684211	0.0263157894737	0	0.00877192982456	0	0.0175438596491	0.0263157894737	0.701754385965	
0.0526315789474	0.0263157894737	0.00877192982456	0.0701754385965	0.0350877192982	0.0263157894737	0.0263157894737	0	0.0263157894737	0.0350877192982	0.69298245614	
0.0350877192982	0.0438596491228	0.0263157894737	0.0526315789474	0.0175438596491	0.0175438596491	0.0175438596491	0.00877192982456	0	0.0175438596491	0.763157894737	
0.0175438596491	0.0175438596491	0.0438596491228	0.0526315789474	0.0350877192982	0.0438596491228	0	0.00877192982456	0.0175438596491	0.0175438596491	0.745614035088	
0.0701754385965	0.0877192982456	0.0263157894737	0.00877192982456	0	0.00877192982456	0.00877192982456	0.00877192982456	0.0175438596491	0.0175438596491	0.745614035088	
0.0701754385965	0.0263157894737	0.0263157894737	0.0350877192982	0.0175438596491	0.00877192982456	0.0263157894737	0.00877192982456	0.00877192982456	0.0263157894737	0.745614035088	
0.0438596491228	0.0350877192982	0.0175438596491	0.0350877192982	0.00877192982456	0.0175438596491	0.0175438596491	0.00877192982456	0	0.0175438596491	0.798245614035	
0.0789473684211	0.0438596491228	0.0526315789474	0.0614035087719	0.0175438596491	0.0175438596491	0.00877192982456	0	0	0.00877192982456	0.710526315789	
0.0438596491228	0.105263157895	0	0.0526315789474	0	0.0438596491228	0.0263157894737	0.00877192982456	0	0	0.719298245614	
0.0614035087719	0	0	0.0350877192982	0.0350877192982	0.0175438596491	0.0263157894737	0.0175438596491	0	0.0175438596491	0.789473684211	
0.0701754385965	0.0350877192982	0.0263157894737	0.0614035087719	0.0175438596491	0.0350877192982	0	0.00877192982456	0	0	0.745614035088	
0.0526315789474	0.0350877192982	0.0175438596491	0.0438596491228	0.0350877192982	0	0.0350877192982	0	0	0.0175438596491	0.763157894737	
0.0438596491228	0.0526315789474	0.0175438596491	0.0614035087719	0.0175438596491	0.0263157894737	0.0175438596491	0.0175438596491	0	0.00877192982456	0.736842105263	
0.0614035087719	0.0701754385965	0.0438596491228	0.0350877192982	0	0.0350877192982	0	0.0175438596491	0.0175438596491	0.0175438596491	0.701754385965	
0.0526315789474	0.0438596491228	0.0263157894737	0.0526315789474	0.0175438596491	0.0526315789474	0.0350877192982	0.00877192982456	0.00877192982456	0.0175438596491	0.684210526316	
0.0438596491228	0.0701754385965	0.00877192982456	0.0263157894737	0.0263157894737	0.00877192982456	0.0263157894737	0.00877192982456	0.00877192982456	0.00877192982456	0.763157894737	
0.0701754385965	0.0263157894737	0.0263157894737	0.0350877192982	0.0175438596491	0.0263157894737	0	0.00877192982456	0	0	0.789473684211	
0.0614035087719	0.0789473684211	0.00877192982456	0.0350877192982	0.0175438596491	0.0350877192982	0.0350877192982	0	0.00877192982456	0.00877192982456	0.710526315789	
0.0614035087719	0.0350877192982	0.00877192982456	0.0263157894737	0.0175438596491	0.0175438596491	0.0263157894737	0.00877192982456	0.0175438596491	0.00877192982456	0.771929824561	
0.0614035087719	0.0175438596491	0.0175438596491	0.0614035087719	0.0175438596491	0.00877192982456	0.0175438596491	0.00877192982456	0.00877192982456	0	0.780701754386	
0.0614035087719	0.0438596491228	0.0175438596491	0.0350877192982	0.0175438596491	0.00877192982456	0	0.0175438596491	0.0175438596491	0.0263157894737	0.754385964912	
0.0789473684211	0.0701754385965	0.0175438596491	0.0438596491228	0.0438596491228	0.0263157894737	0.0175438596491	0	0	0.00877192982456	0.69298245614	
0.0175438596491	0.00877192982456	0.0438596491228	0.0614035087719	0.0175438596491	0	0.0175438596491	0.0175438596491	0	0.00877192982456	0.80701754386	
0.0263157894737	0.0614035087719	0.0263157894737	0.0438596491228	0.0263157894737	0.0350877192982	0.0175438596491	0.0175438596491	0.0175438596491	0.0175438596491	0.710526315789	
0.0438596491228	0.0350877192982	0.0263157894737	0.0614035087719	0.0263157894737	0.0175438596491	0.00877192982456	0	0.0175438596491	0.0175438596491	0.745614035088	
0.0263157894737	0.0438596491228	0.0263157894737	0.0701754385965	0.0175438596491	0.00877192982456	0.0263157894737	0.00877192982456	0	0.0350877192982	0.736842105263	
0.0526315789474	0.0614035087719	0.0438596491228	0.0438596491228	0.0350877192982	0.00877192982456	0	0	0	0.0175438596491	0.736842105263	
0.0877192982456	0.0350877192982	0.0350877192982	0.0526315789474	0.0526315789474	0	0.0263157894737	0.0175438596491	0	0	0.69298245614	
0.0438596491228	0.0438596491228	0.0350877192982	0.0438596491228	0.0438596491228	0.0175438596491	0.00877192982456	0.0175438596491	0	0.0175438596491	0.728070175439	
0.0614035087719	0.0789473684211	0.0263157894737	0.0614035087719	0.0350877192982	0.0263157894737	0.00877192982456	0	0	0	0.701754385965	
0.0263157894737	0.0789473684211	0.0263157894737	0.0438596491228	0.0263157894737	0.0438596491228	0	0.0175438596491	0	0.0175438596491	0.719298245614	
0	0.0438596491228	0.00877192982456	0.0614035087719	0.0175438596491	0.0350877192982	0.00877192982456	0.00877192982456	0	0.0175438596491	0.798245614035	
0.0526315789474	0.0350877192982	0.0175438596491	0.0526315789474	0.0438596491228	0.00877192982456	0.0350877192982	0	0	0.0175438596491	0.736842105263	
0.0350877192982	0.0789473684211	0.00877192982456	0.0350877192982	0	0.0175438596491	0.0350877192982	0	0.0350877192982	0.00877192982456	0.745614035088	
0.0701754385965	0.0350877192982	0	0.0526315789474	0.0263157894737	0.0263157894737	0.0263157894737	0.0175438596491	0.0263157894737	0.00877192982456	0.710526315789	
0.0263157894737	0.0263157894737	0.0614035087719	0.0350877192982	0.0350877192982	0.0175438596491	0.0175438596491	0.0175438596491	0.0175438596491	0	0.745614035088	
0.105263157895	0.105263157895	0.0175438596491	0.0175438596491	0.0350877192982	0.00877192982456	0	0.0175438596491	0	0.0263157894737	0.666666666667	
0.0789473684211	0.0701754385965	0.0350877192982	0.00877192982456	0.0350877192982	0.0175438596491	0.0350877192982	0.00877192982456	0.0175438596491	0	0.69298245614	
0.0877192982456	0.0263157894737	0.0526315789474	0.0526315789474	0.0350877192982	0.00877192982456	0	0.00877192982456	0.00877192982456	0.00877192982456	0.710526315789	
0.0350877192982	0.0526315789474	0.0263157894737	0.0438596491228	0.0614035087719	0.0175438596491	0.00877192982456	0	0.00877192982456	0.0263157894737	0.719298245614	
0.0350877192982	0.0350877192982	0.0175438596491	0.0263157894737	0.0175438596491	0.0175438596491	0.00877192982456	0.00877192982456	0	0.0438596491228	0.789473684211	
0.0438596491228	0.0526315789474	0.0350877192982	0.0701754385965	0.0263157894737	0.0263157894737	0.00877192982456	0	0.00877192982456	0.00877192982456	0.719298245614	
0.0964912280702	0.0350877192982	0.0175438596491	0.0526315789474	0.0438596491228	0.00877192982456	0.0263157894737	0.00877192982456	0	0.0175438596491	0.69298245614	
0.0350877192982	0.0438596491228	0.0263157894737	0.0614035087719	0.0350877192982	0.0263157894737	0.0175438596491	0.0175438596491	0.00877192982456	0.00877192982456	0.719298245614	
0.0175438596491	0.0350877192982	0.00877192982456	0.0263157894737	0.0263157894737	0.0263157894737	0	0.00877192982456	0.00877192982456	0.00877192982456	0.833333333333	
0.0175438596491	0.0614035087719	0.0263157894737	0.0526315789474	0.0175438596491	0.0263157894737	0.0175438596491	0	0.00877192982456	0.0175438596491	0.754385964912	
0.0526315789474	0.0526315789474	0.0263157894737	0.0614035087719	0.0526315789474	0.0263157894737	0.0175438596491	0.00877192982456	0	0	0.701754385965	
0.00877192982456	0.0175438596491	0.00877192982456	0.0350877192982	0.0263157894737	0.0350877192982	0.0263157894737	0.0263157894737	0	0.0263157894737	0.789473684211	
0.0263157894737	0.0701754385965	0.0350877192982	0.0701754385965	0.0175438596491	0.0350877192982	0.00877192982456	0	0.00877192982456	0.00877192982456	0.719298245614	
0.0614035087719	0.0789473684211	0	0.0526315789474	0.0350877192982	0.0175438596491	0.0175438596491	0.00877192982456	0.00877192982456	0	0.719298245614	
0.0614035087719	0.0526315789474	0.0175438596491	0.0438596491228	0.0438596491228	0.0175438596491	0.0263157894737	0.0350877192982	0.00877192982456	0.00877192982456	0.684210526316	
0.0438596491228	0.0263157894737	0.00877192982456	0.0175438596491	0.0175438596491	0.0175438596491	0.0263157894737	0.00877192982456	0.00877192982456	0.0175438596491	0.80701754386	
0.0526315789474	0.0438596491228	0.0263157894737	0.0614035087719	0.0350877192982	0.0438596491228	0.0614035087719	0	0	0	0.675438596491	
0.0526315789474	0.0263157894737	0.0263157894737	0.0526315789474	0.0263157894737	0.0263157894737	0	0	0.00877192982456	0.0350877192982	0.745614035088	
0.0526315789474	0.0350877192982	0.0438596491228	0.0438596491228	0.00877192982456	0.0175438596491	0.0350877192982	0	0.0175438596491	0	0.745614035088	
0.0614035087719	0.0350877192982	0.00877192982456	0.0526315789474	0.0263157894737	0.0175438596491	0.0350877192982	0.0175438596491	0.0175438596491	0.00877192982456	0.719298245614	
0.0263157894737	0.0438596491228	0.0350877192982	0.0438596491228	0.0175438596491	0.0350877192982	0.00877192982456	0.00877192982456	0	0.00877192982456	0.771929824561	
0.0350877192982	0.0614035087719	0.00877192982456	0.0350877192982	0.0438596491228	0.0350877192982	0.00877192982456	0.0175438596491	0.0175438596491	0.00877192982456	0.728070175439	
0.0438596491228	0.0438596491228	0.0263157894737	0.0350877192982	0.0175438596491	0.0263157894737	0.00877192982456	0	0.0175438596491	0.0175438596491	0.763157894737	
0.0350877192982	0.0263157894737	0.0263157894737	0.0263157894737	0.0263157894737	0.0263157894737	0.0350877192982	0.00877192982456	0	0.00877192982456	0.780701754386	
0.0438596491228	0.0263157894737	0.0263157894737	0.0263157894737	0.00877192982456	0.0526315789474	0	0.00877192982456	0.0175438596491	0.00877192982456	0.780701754386	
0.0438596491228	0.0701754385965	0.00877192982456	0.0438596491228	0.0350877192982	0.0175438596491	0.0175438596491	0.00877192982456	0	0.00877192982456	0.745614035088	
0.0526315789474	0.0175438596491	0.0263157894737	0.0526315789474	0.0438596491228	0.00877192982456	0.0175438596491	0.00877192982456	0.00877192982456	0.00877192982456	0.754385964912	
0.0526315789474	0.0614035087719	0.0175438596491	0.0175438596491	0.0175438596491	0.0175438596491	0.0175438596491	0	0.00877192982456	0.0175438596491	0.771929824561	
0.0350877192982	0.0438596491228	0.0175438596491	0.0350877192982	0.0438596491228	0.0175438596491	0.0350877192982	0.0263157894737	0.00877192982456	0.0263157894737	0.710526315789	
0.0438596491228	0	0.0350877192982	0.0350877192982	0.0263157894737	0.0263157894737	0	0.0175438596491	0.00877192982456	0.0350877192982	0.771929824561	
0.0614035087719	0.0438596491228	0.0263157894737	0.0350877192982	0.0438596491228	0.00877192982456	0	0.0263157894737	0.00877192982456	0.00877192982456	0.736842105263	
0.0438596491228	0.0614035087719	0.00877192982456	0.0789473684211	0.0263157894737	0.0175438596491	0.0175438596491	0.00877192982456	0.0175438596491	0	0.719298245614	
0.0175438596491	0.0701754385965	0.0175438596491	0.0350877192982	0.0438596491228	0.0350877192982	0.0175438596491	0.0175438596491	0.0175438596491	0.00877192982456	0.719298245614	
0.0526315789474	0.0438596491228	0.00877192982456	0.0701754385965	0.0175438596491	0.0350877192982	0.00877192982456	0.0175438596491	0	0.0438596491228	0.701754385965	
0.0263157894737	0.0526315789474	0.00877192982456	0.0789473684211	0.0350877192982	0.0350877192982	0.0263157894737	0.00877192982456	0	0.00877192982456	0.719298245614	
0.0614035087719	0.105263157895	0.0350877192982	0.0263157894737	0.0438596491228	0.0175438596491	0.00877192982456	0	0	0	0.701754385965	
0	0	0.0263157894737	0	0.0175438596491	0.0350877192982	0.00877192982456	0.0175438596491	0.0175438596491	0.00877192982456	0.868421052632	
0.00877192982456	0.0175438596491	0.0438596491228	0.00877192982456	0.0263157894737	0.0263157894737	0.00877192982456	0.0350877192982	0	0.0175438596491	0.80701754386	
0	0	0.0438596491228	0	0.00877192982456	0.0263157894737	0.0175438596491	0.00877192982456	0.00877192982456	0.00877192982456	0.877192982456	
0.0175438596491	0	0	0	0.0350877192982	0.0263157894737	0.00877192982456	0.0175438596491	0.0175438596491	0	0.877192982456	
0	0	0	0	0	0.00877192982456	0.0175438596491	0	0.00877192982456	0.0175438596491	0.947368421053	
0	0	0	0.00877192982456	0.00877192982456	0.0614035087719	0.0263157894737	0	0.00877192982456	0.0175438596491	0.868421052632	
0.0438596491228	0.0877192982456	0.0175438596491	0.0701754385965	0.0263157894737	0.0350877192982	0.0263157894737	0.00877192982456	0.0175438596491	0.00877192982456	0.657894736842	
0.0701754385965	0.0175438596491	0.0175438596491	0.0350877192982	0.0964912280702	0.00877192982456	0.00877192982456	0	0	0.0350877192982	0.710526315789	
0.0438596491228	0.0701754385965	0.00877192982456	0.105263157895	0.0438596491228	0.0350877192982	0	0.0175438596491	0.00877192982456	0.0175438596491	0.649122807018	
0.0526315789474	0.0438596491228	0.0263157894737	0.0614035087719	0.0263157894737	0.0263157894737	0.00877192982456	0.0263157894737	0	0.0438596491228	0.684210526316	
0.0263157894737	0.0438596491228	0.0350877192982	0.0964912280702	0.0263157894737	0.0263157894737	0.00877192982456	0.00877192982456	0	0.0175438596491	0.710526315789	
0.0701754385965	0.0438596491228	0.0350877192982	0.0175438596491	0.0263157894737	0.0263157894737	0.00877192982456	0	0	0.00877192982456	0.763157894737	
0.0789473684211	0.0350877192982	0.0263157894737	0.0263157894737	0.0175438596491	0.00877192982456	0.0350877192982	0	0.00877192982456	0.00877192982456	0.754385964912	
0.0526315789474	0.0964912280702	0.0175438596491	0.00877192982456	0.0526315789474	0.0350877192982	0	0	0.0175438596491	0.0263157894737	0.69298245614	
0.0701754385965	0.0175438596491	0.00877192982456	0.0614035087719	0.0263157894737	0.0438596491228	0.0175438596491	0	0.0175438596491	0.00877192982456	0.728070175439	
0.0877192982456	0.0526315789474	0.0350877192982	0.0350877192982	0.0263157894737	0.0175438596491	0.00877192982456	0.0175438596491	0.0263157894737	0.0175438596491	0.675438596491	
0.0526315789474	0.0350877192982	0.0438596491228	0.0263157894737	0.0350877192982	0.0175438596491	0.0350877192982	0	0.0175438596491	0	0.736842105263	
0.0526315789474	0.0789473684211	0.00877192982456	0.0438596491228	0.00877192982456	0.0175438596491	0.0263157894737	0.0175438596491	0.0350877192982	0.00877192982456	0.701754385965	
0.0350877192982	0.0701754385965	0.00877192982456	0.0526315789474	0.0175438596491	0.0263157894737	0	0.0263157894737	0	0.0263157894737	0.736842105263	
0.0526315789474	0.0350877192982	0.0175438596491	0.0263157894737	0.0263157894737	0.00877192982456	0.0175438596491	0.00877192982456	0.0175438596491	0	0.789473684211	
0.0526315789474	0.0701754385965	0.0438596491228	0.0701754385965	0.0350877192982	0.0263157894737	0.00877192982456	0.0263157894737	0.00877192982456	0	0.657894736842	
0.0350877192982	0.0526315789474	0.00877192982456	0.0526315789474	0.0526315789474	0.0350877192982	0.0263157894737	0.00877192982456	0.0175438596491	0.00877192982456	0.701754385965	
0.0877192982456	0.0614035087719	0.0438596491228	0.0526315789474	0.0175438596491	0.0175438596491	0.00877192982456	0.00877192982456	0.00877192982456	0.0175438596491	0.675438596491	
0.0877192982456	0.0438596491228	0.00877192982456	0.0526315789474	0.0701754385965	0.0175438596491	0.0175438596491	0	0.00877192982456	0.00877192982456	0.684210526316	
0.0964912280702	0.0438596491228	0.0263157894737	0.0263157894737	0	0.0175438596491	0.00877192982456	0	0.00877192982456	0.0263157894737	0.745614035088	
0.0438596491228	0.0526315789474	0.0614035087719	0.0614035087719	0.0263157894737	0.00877192982456	0.0175438596491	0	0.00877192982456	0.00877192982456	0.710526315789	
0.0701754385965	0.0789473684211	0.0263157894737	0.0614035087719	0	0.0263157894737	0.0263157894737	0	0.00877192982456	0.0175438596491	0.684210526316	
0.0526315789474	0.0526315789474	0.00877192982456	0.0438596491228	0.00877192982456	0.0438596491228	0.0263157894737	0.00877192982456	0	0.0263157894737	0.728070175439	
0.0438596491228	0.0350877192982	0.00877192982456	0.0614035087719	0.0614035087719	0.0175438596491	0.0438596491228	0.00877192982456	0.00877192982456	0.0175438596491	0.69298245614	
0.0526315789474	0.0438596491228	0.0438596491228	0.0614035087719	0.0263157894737	0.00877192982456	0.0175438596491	0.0175438596491	0	0.00877192982456	0.719298245614	
0.0614035087719	0.0263157894737	0.0263157894737	0.0350877192982	0.0350877192982	0.0175438596491	0	0	0.00877192982456	0	0.789473684211	
0.0350877192982	0.0350877192982	0.0350877192982	0.0701754385965	0.0263157894737	0.0526315789474	0.00877192982456	0.00877192982456	0	0	0.728070175439	
0.0350877192982	0.0438596491228	0.0438596491228	0.0438596491228	0.0350877192982	0.0263157894737	0.0350877192982	0.0175438596491	0.0175438596491	0.0263157894737	0.675438596491	
0.0964912280702	0.0350877192982	0.00877192982456	0.0263157894737	0.0263157894737	0.0438596491228	0.0175438596491	0.00877192982456	0.00877192982456	0.0175438596491	0.710526315789	
0.0526315789474	0.0701754385965	0.0263157894737	0.0526315789474	0.0526315789474	0	0.0263157894737	0.00877192982456	0.0175438596491	0.00877192982456	0.684210526316	
0.0614035087719	0.0263157894737	0.0175438596491	0.0263157894737	0.0350877192982	0.0350877192982	0.00877192982456	0	0.0263157894737	0.00877192982456	0.754385964912	
0.0175438596491	0.0526315789474	0	0.0701754385965	0.0175438596491	0.00877192982456	0.00877192982456	0.00877192982456	0.00877192982456	0.0175438596491	0.789473684211	
0.0263157894737	0.0877192982456	0.0175438596491	0.0614035087719	0.0350877192982	0.0350877192982	0.00877192982456	0.00877192982456	0.00877192982456	0.00877192982456	0.701754385965	
0.0789473684211	0.0350877192982	0.00877192982456	0.0438596491228	0.0263157894737	0	0.0175438596491	0.00877192982456	0	0	0.780701754386	
0.0438596491228	0.0438596491228	0.0438596491228	0.0350877192982	0.0350877192982	0.0175438596491	0.0350877192982	0.00877192982456	0.0175438596491	0.00877192982456	0.710526315789	
0.0263157894737	0.0789473684211	0.0350877192982	0.0614035087719	0.0263157894737	0.0263157894737	0.00877192982456	0.0175438596491	0.0263157894737	0.00877192982456	0.684210526316	
0.0877192982456	0.0350877192982	0	0.0175438596491	0.0350877192982	0.0350877192982	0	0.0175438596491	0.00877192982456	0.00877192982456	0.754385964912	
0.00877192982456	0.0175438596491	0.0350877192982	0.0526315789474	0.0350877192982	0.0175438596491	0.00877192982456	0.0350877192982	0.0175438596491	0.0438596491228	0.728070175439	
0.0526315789474	0.0175438596491	0.0175438596491	0.0526315789474	0.0175438596491	0.0350877192982	0.00877192982456	0.0175438596491	0.00877192982456	0.00877192982456	0.763157894737	
0.0438596491228	0.0526315789474	0.0263157894737	0.0350877192982	0.00877192982456	0.00877192982456	0.0350877192982	0.0175438596491	0.0175438596491	0.0263157894737	0.728070175439	
0.0438596491228	0.0350877192982	0.00877192982456	0.0614035087719	0.00877192982456	0.00877192982456	0.0175438596491	0.0175438596491	0	0.0350877192982	0.763157894737	
0.0438596491228	0.0877192982456	0.0263157894737	0.0526315789474	0.0350877192982	0.0175438596491	0.0175438596491	0.0263157894737	0	0.0263157894737	0.666666666667	
0.0263157894737	0.0350877192982	0.0263157894737	0.0526315789474	0.00877192982456	0.0438596491228	0.0175438596491	0.0175438596491	0	0	0.771929824561	
0.0350877192982	0.0614035087719	0.0263157894737	0.0175438596491	0.0350877192982	0	0.00877192982456	0.00877192982456	0.00877192982456	0.0175438596491	0.780701754386	
0.0701754385965	0.0526315789474	0.00877192982456	0.0526315789474	0.0526315789474	0.0526315789474	0.0175438596491	0.0175438596491	0.0175438596491	0	0.657894736842	
0.0350877192982	0.0789473684211	0.0175438596491	0.0175438596491	0.0175438596491	0.0175438596491	0.00877192982456	0.00877192982456	0.0350877192982	0.00877192982456	0.754385964912	
0.0877192982456	0.0263157894737	0.0263157894737	0.0438596491228	0	0.0350877192982	0.0175438596491	0.00877192982456	0.00877192982456	0	0.745614035088	
0.0614035087719	0.0175438596491	0.0263157894737	0.0350877192982	0.0175438596491	0.0350877192982	0.00877192982456	0.00877192982456	0.00877192982456	0.00877192982456	0.771929824561	
0.0350877192982	0.0964912280702	0.0175438596491	0.0877192982456	0.00877192982456	0.0175438596491	0.00877192982456	0	0	0.00877192982456	0.719298245614	
0.0526315789474	0.0350877192982	0.0263157894737	0.0175438596491	0.0263157894737	0.0438596491228	0.00877192982456	0.00877192982456	0.0175438596491	0	0.763157894737	
0.0438596491228	0.0175438596491	0.00877192982456	0.0526315789474	0.0526315789474	0.0175438596491	0.0175438596491	0	0	0	0.789473684211	
0.0350877192982	0.0964912280702	0.0526315789474	0.0789473684211	0.0614035087719	0	0.00877192982456	0.0175438596491	0	0.0175438596491	0.631578947368	
0.0526315789474	0.0350877192982	0.0526315789474	0	0.0263157894737	0.0175438596491	0.00877192982456	0	0.0263157894737	0.00877192982456	0.771929824561	
0	0.0350877192982	0.0263157894737	0.0263157894737	0.0350877192982	0.00877192982456	0.00877192982456	0.0175438596491	0.0175438596491	0.00877192982456	0.815789473684	
0.0701754385965	0.0614035087719	0.0263157894737	0.0701754385965	0.0263157894737	0.00877192982456	0.0175438596491	0	0.00877192982456	0.00877192982456	0.701754385965	
0.0877192982456	0.0263157894737	0.0438596491228	0.0263157894737	0.0438596491228	0.0263157894737	0.00877192982456	0.00877192982456	0.0175438596491	0.0175438596491	0.69298245614	
0.0263157894737	0.0350877192982	0.0350877192982	0.0263157894737	0	0.0175438596491	0.0175438596491	0	0.00877192982456	0.0263157894737	0.80701754386	
0.0263157894737	0.0526315789474	0.0350877192982	0.0526315789474	0.00877192982456	0.0526315789474	0.0263157894737	0.00877192982456	0.0175438596491	0	0.719298245614	
0.0350877192982	0.0263157894737	0.00877192982456	0.0350877192982	0.0350877192982	0.0175438596491	0.0175438596491	0.0350877192982	0.0175438596491	0.00877192982456	0.763157894737	
0.105263157895	0.0526315789474	0.0350877192982	0.0614035087719	0.0263157894737	0.0701754385965	0.0175438596491	0.00877192982456	0	0	0.622807017544	
0.0701754385965	0.0350877192982	0.0263157894737	0.0701754385965	0.0438596491228	0.0438596491228	0.00877192982456	0	0.0263157894737	0	0.675438596491	
0.0175438596491	0.0350877192982	0.0175438596491	0.0789473684211	0.00877192982456	0.0438596491228	0.00877192982456	0	0.0175438596491	0	0.771929824561	
0.0701754385965	0.105263157895	0.00877192982456	0.0526315789474	0.0438596491228	0.0350877192982	0.00877192982456	0	0.00877192982456	0.00877192982456	0.657894736842	
0.0614035087719	0.0701754385965	0.00877192982456	0.00877192982456	0	0.0175438596491	0.00877192982456	0.00877192982456	0	0.00877192982456	0.80701754386	
0.0701754385965	0.0438596491228	0.0263157894737	0.0614035087719	0.0263157894737	0.0350877192982	0.0350877192982	0.00877192982456	0	0.0263157894737	0.666666666667	
0.0701754385965	0.0614035087719	0	0.0350877192982	0.0175438596491	0.0175438596491	0.00877192982456	0.00877192982456	0	0.0175438596491	0.763157894737	
0.0877192982456	0.0526315789474	0.0438596491228	0.0614035087719	0.0350877192982	0.00877192982456	0.00877192982456	0.00877192982456	0.00877192982456	0.00877192982456	0.675438596491	
0.0789473684211	0.0526315789474	0.00877192982456	0.0614035087719	0.0175438596491	0.0175438596491	0.0350877192982	0.0175438596491	0.00877192982456	0.0350877192982	0.666666666667	
0.0438596491228	0.0526315789474	0.0263157894737	0.0438596491228	0.00877192982456	0.00877192982456	0.00877192982456	0	0.0263157894737	0.0263157894737	0.754385964912	
0.0526315789474	0.0614035087719	0.0350877192982	0.0350877192982	0.0175438596491	0.0350877192982	0.0350877192982	0.00877192982456	0.00877192982456	0.0263157894737	0.684210526316	
0.0526315789474	0.0789473684211	0.0350877192982	0.0438596491228	0	0.0175438596491	0.00877192982456	0.00877192982456	0	0.0350877192982	0.719298245614	
0.0175438596491	0.0438596491228	0.0175438596491	0.105263157895	0	0.0350877192982	0.0175438596491	0.00877192982456	0.00877192982456	0.0263157894737	0.719298245614	
0.0701754385965	0.0964912280702	0.0263157894737	0.0263157894737	0.0614035087719	0.00877192982456	0.00877192982456	0	0.00877192982456	0	0.69298245614	
0.0526315789474	0.0614035087719	0.0175438596491	0.0789473684211	0	0.0263157894737	0.00877192982456	0.0263157894737	0	0.00877192982456	0.719298245614	
0.0526315789474	0.0614035087719	0.0263157894737	0.0526315789474	0.0350877192982	0.0263157894737	0.0263157894737	0.0175438596491	0.0175438596491	0.0175438596491	0.666666666667	
0.0438596491228	0.0526315789474	0.00877192982456	0.0438596491228	0.0263157894737	0.0438596491228	0.00877192982456	0.0263157894737	0.00877192982456	0.0350877192982	0.701754385965	
0.0701754385965	0.0614035087719	0.0438596491228	0.0350877192982	0.00877192982456	0.00877192982456	0.0350877192982	0.00877192982456	0	0.0175438596491	0.710526315789	
0.0175438596491	0.0263157894737	0.0438596491228	0.0438596491228	0.00877192982456	0.0438596491228	0.00877192982456	0.00877192982456	0.00877192982456	0.00877192982456	0.780701754386	
0.0263157894737	0.0526315789474	0.0263157894737	0.0263157894737	0.0438596491228	0	0.0350877192982	0.0175438596491	0	0.00877192982456	0.763157894737	
0.0701754385965	0.0175438596491	0.0263157894737	0.0438596491228	0.0701754385965	0.0175438596491	0	0	0.00877192982456	0	0.745614035088	
0.0614035087719	0.0350877192982	0.00877192982456	0.0175438596491	0.0263157894737	0.0175438596491	0.0526315789474	0.0175438596491	0.0175438596491	0.0263157894737	0.719298245614	
0.0614035087719	0.0263157894737	0.0350877192982	0.0350877192982	0.0350877192982	0.0263157894737	0.0350877192982	0.0175438596491	0.0175438596491	0.0438596491228	0.666666666667	
0.0263157894737	0.0701754385965	0.0263157894737	0.0789473684211	0.0175438596491	0.0263157894737	0.0263157894737	0	0	0	0.728070175439	
0.0263157894737	0.0701754385965	0.00877192982456	0.0614035087719	0.0350877192982	0.0263157894737	0.00877192982456	0.00877192982456	0.00877192982456	0.00877192982456	0.736842105263	
0.0526315789474	0.0614035087719	0.00877192982456	0.0526315789474	0.0350877192982	0.0263157894737	0.0263157894737	0.0350877192982	0.00877192982456	0	0.69298245614	
0.0526315789474	0.0614035087719	0.00877192982456	0.0614035087719	0.0438596491228	0.0350877192982	0.0175438596491	0.0175438596491	0.0175438596491	0.0263157894737	0.657894736842	
0.0614035087719	0.0438596491228	0.0263157894737	0.0877192982456	0.0175438596491	0.00877192982456	0.00877192982456	0.00877192982456	0.0175438596491	0.0175438596491	0.701754385965	
0.0175438596491	0.0175438596491	0.0175438596491	0.0350877192982	0.0175438596491	0.00877192982456	0.00877192982456	0	0.00877192982456	0.0175438596491	0.850877192982	
0.0526315789474	0.0175438596491	0.0175438596491	0.0614035087719	0.0701754385965	0.0614035087719	0.0175438596491	0	0	0.0350877192982	0.666666666667	
0.0789473684211	0.0263157894737	0.0350877192982	0.0438596491228	0.0263157894737	0.0263157894737	0.0175438596491	0.00877192982456	0.00877192982456	0	0.728070175439	
0.0175438596491	0.0263157894737	0.0175438596491	0.0614035087719	0.0263157894737	0.0263157894737	0	0.00877192982456	0.0175438596491	0	0.798245614035	
0.0701754385965	0.0350877192982	0.0263157894737	0.0438596491228	0.0350877192982	0.0438596491228	0.0175438596491	0.00877192982456	0	0.0350877192982	0.684210526316	
0.0263157894737	0.0438596491228	0	0.0526315789474	0.0350877192982	0.0614035087719	0	0	0.00877192982456	0	0.771929824561	
0.0614035087719	0.0701754385965	0.0175438596491	0.0350877192982	0.0263157894737	0.0438596491228	0.00877192982456	0.0175438596491	0.0175438596491	0.00877192982456	0.69298245614	
0.0701754385965	0.00877192982456	0.0438596491228	0.0526315789474	0.00877192982456	0.0438596491228	0.0350877192982	0.0350877192982	0.0263157894737	0	0.675438596491	
0.0526315789474	0.0438596491228	0.0438596491228	0.0964912280702	0.0175438596491	0.0350877192982	0.0175438596491	0.00877192982456	0.0175438596491	0.00877192982456	0.657894736842	
0.0877192982456	0.0175438596491	0.00877192982456	0.0350877192982	0.0438596491228	0.0350877192982	0	0	0	0.0175438596491	0.754385964912	
0.0438596491228	0.00877192982456	0.0438596491228	0.0350877192982	0.0526315789474	0.00877192982456	0.00877192982456	0.00877192982456	0	0.00877192982456	0.780701754386	
0.0350877192982	0.0438596491228	0.0438596491228	0.105263157895	0.0614035087719	0.0350877192982	0.0263157894737	0.0263157894737	0	0.00877192982456	0.614035087719	
0.0263157894737	0.0350877192982	0.0175438596491	0.0438596491228	0	0.0263157894737	0.0175438596491	0	0.00877192982456	0.0263157894737	0.798245614035	
0.0263157894737	0.0438596491228	0	0.0526315789474	0.0438596491228	0.00877192982456	0.00877192982456	0	0.00877192982456	0.0175438596491	0.789473684211	
0.0438596491228	0.0789473684211	0.00877192982456	0.0438596491228	0.0350877192982	0.0350877192982	0.0263157894737	0.0263157894737	0	0	0.701754385965	
0.0350877192982	0.0789473684211	0.0263157894737	0.0789473684211	0.0175438596491	0.00877192982456	0.0263157894737	0.00877192982456	0	0.0175438596491	0.701754385965	
0.0350877192982	0.0263157894737	0.0263157894737	0.0438596491228	0.0350877192982	0.0350877192982	0.0175438596491	0.0350877192982	0.0175438596491	0	0.728070175439	
0.0263157894737	0.0438596491228	0	0.0526315789474	0.0263157894737	0	0	0	0.0350877192982	0.0175438596491	0.798245614035	
0.0263157894737	0.0877192982456	0.0350877192982	0.0175438596491	0.00877192982456	0.0701754385965	0.0175438596491	0	0	0.00877192982456	0.728070175439	
0.0438596491228	0.0350877192982	0.0526315789474	0.0350877192982	0.0175438596491	0.0175438596491	0.00877192982456	0.0263157894737	0.0175438596491	0.0263157894737	0.719298245614	
0.0175438596491	0.0263157894737	0.0438596491228	0.0701754385965	0.00877192982456	0.0263157894737	0.00877192982456	0.0263157894737	0	0.0526315789474	0.719298245614	
0.0438596491228	0.0438596491228	0.0263157894737	0.0350877192982	0.0175438596491	0.0438596491228	0.00877192982456	0.00877192982456	0.0175438596491	0.00877192982456	0.745614035088	
0.0175438596491	0.0614035087719	0.0263157894737	0.0263157894737	0.0350877192982	0.0526315789474	0.00877192982456	0.00877192982456	0.0175438596491	0.00877192982456	0.736842105263	
0.0263157894737	0.0789473684211	0.0175438596491	0.0438596491228	0.00877192982456	0.00877192982456	0	0.0175438596491	0.0175438596491	0.0350877192982	0.745614035088	
0.0350877192982	0.0877192982456	0.0263157894737	0.0701754385965	0	0.00877192982456	0	0.00877192982456	0.00877192982456	0.00877192982456	0.745614035088	
0.0175438596491	0.00877192982456	0.0175438596491	0.0614035087719	0.0438596491228	0.0263157894737	0.0350877192982	0.00877192982456	0.00877192982456	0.0263157894737	0.745614035088	
0.0526315789474	0.0701754385965	0.0438596491228	0.0614035087719	0.0175438596491	0	0.00877192982456	0	0.00877192982456	0	0.736842105263	
0.0438596491228	0.0526315789474	0.0263157894737	0.0701754385965	0.0175438596491	0.0350877192982	0.0175438596491	0	0.00877192982456	0	0.728070175439	
0.0614035087719	0.0175438596491	0.0263157894737	0.0614035087719	0.0438596491228	0.0350877192982	0.00877192982456	0.0175438596491	0.00877192982456	0.0526315789474	0.666666666667	
0.0438596491228	0.0964912280702	0.0263157894737	0.0350877192982	0.0614035087719	0.0263157894737	0.00877192982456	0.0263157894737	0.0175438596491	0.00877192982456	0.649122807018	
0.00877192982456	0.0701754385965	0.00877192982456	0.0350877192982	0.0263157894737	0.0263157894737	0.0175438596491	0.00877192982456	0.0175438596491	0.0438596491228	0.736842105263	
0.0350877192982	0.0438596491228	0.00877192982456	0.0526315789474	0.0350877192982	0.0350877192982	0.0263157894737	0	0.0263157894737	0	0.736842105263	
0.0701754385965	0.0526315789474	0.0175438596491	0.0526315789474	0.0175438596491	0.0350877192982	0.0175438596491	0	0.00877192982456	0	0.728070175439	
0.0175438596491	0.0263157894737	0	0.0438596491228	0.0263157894737	0.0350877192982	0.0263157894737	0.0263157894737	0.0175438596491	0.00877192982456	0.771929824561	
0.0438596491228	0.0701754385965	0.0263157894737	0.0614035087719	0.0526315789474	0.0350877192982	0.0438596491228	0.00877192982456	0.0175438596491	0.00877192982456	0.631578947368	
0.0350877192982	0.0175438596491	0.00877192982456	0.0263157894737	0	0.0263157894737	0.0350877192982	0.0175438596491	0.00877192982456	0	0.824561403509	
0	0	0.0350877192982	0	0	0	0.0175438596491	0.0175438596491	0	0.00877192982456	0.921052631579	
0	0	0.0263157894737	0	0	0	0.0175438596491	0.0175438596491	0.0263157894737	0.0175438596491	0.894736842105	
0	0.00877192982456	0.0438596491228	0	0	0	0	0.0175438596491	0	0.00877192982456	0.921052631579	
0	0	0	0	0.00877192982456	0	0	0.0175438596491	0.0175438596491	0.00877192982456	0.947368421053	
0	0	0	0	0	0	0	0.0175438596491	0	0.00877192982456	0.973684210526	
0	0	0	0	0	0	0	0.0175438596491	0.00877192982456	0.0263157894737	0.947368421053	
0.0438596491228	0.0438596491228	0.00877192982456	0.0263157894737	0.0350877192982	0.0263157894737	0.0175438596491	0.0175438596491	0	0.0175438596491	0.763157894737	
0.0526315789474	0.0350877192982	0.0438596491228	0.0964912280702	0.00877192982456	0.0350877192982	0.00877192982456	0	0.00877192982456	0	0.710526315789	
0.0614035087719	0.0526315789474	0.00877192982456	0.0350877192982	0.0175438596491	0.0263157894737	0.00877192982456	0.0175438596491	0.00877192982456	0.0350877192982	0.728070175439	
0.0350877192982	0.0438596491228	0.0526315789474	0.0438596491228	0.0350877192982	0.0350877192982	0	0.00877192982456	0	0.00877192982456	0.736842105263	
0.0701754385965	0.0263157894737	0.0263157894737	0.0877192982456	0.0438596491228	0	0.0175438596491	0	0	0.0175438596491	0.710526315789	
0.0526315789474	0.0614035087719	0.00877192982456	0.0350877192982	0.0175438596491	0.0438596491228	0.0263157894737	0.00877192982456	0	0.0263157894737	0.719298245614	
0.0438596491228	0.0438596491228	0.0350877192982	0.0526315789474	0.0263157894737	0.0175438596491	0	0.00877192982456	0.0175438596491	0.00877192982456	0.745614035088	
0.0438596491228	0.0877192982456	0.0263157894737	0.0438596491228	0.0263157894737	0.0350877192982	0.00877192982456	0	0.00877192982456	0	0.719298245614	
0.0964912280702	0.0526315789474	0.0263157894737	0.0701754385965	0.0350877192982	0.0175438596491	0.0263157894737	0	0.0175438596491	0.0350877192982	0.622807017544	
0.0350877192982	0.0614035087719	0.0350877192982	0.0701754385965	0.0175438596491	0.0438596491228	0.00877192982456	0.00877192982456	0	0.0175438596491	0.701754385965	
0.0526315789474	0.0350877192982	0.0350877192982	0.0789473684211	0.0438596491228	0.0175438596491	0.0263157894737	0.00877192982456	0.00877192982456	0.0175438596491	0.675438596491	
0.0263157894737	0.0438596491228	0.00877192982456	0.0438596491228	0.0175438596491	0.0614035087719	0.0350877192982	0.0175438596491	0.00877192982456	0.0263157894737	0.710526315789	
0.0350877192982	0.0614035087719	0.0350877192982	0.0263157894737	0.0350877192982	0.0175438596491	0.0263157894737	0	0.0175438596491	0	0.745614035088	
0.0526315789474	0.0701754385965	0.0175438596491	0.0614035087719	0.0263157894737	0.0175438596491	0.00877192982456	0.0263157894737	0.00877192982456	0.00877192982456	0.701754385965	
0.0350877192982	0.0701754385965	0.0263157894737	0.0526315789474	0.00877192982456	0.0175438596491	0.0350877192982	0	0.0175438596491	0.00877192982456	0.728070175439	
0.00877192982456	0.0877192982456	0.0526315789474	0.0614035087719	0.0526315789474	0.0175438596491	0	0.0263157894737	0.0263157894737	0.0175438596491	0.649122807018	
0.0350877192982	0.0438596491228	0.0350877192982	0.0526315789474	0.0789473684211	0.0175438596491	0.0263157894737	0	0	0.0175438596491	0.69298245614	
0.0438596491228	0.0614035087719	0.0263157894737	0.0438596491228	0.0175438596491	0.0438596491228	0.0263157894737	0.00877192982456	0.0263157894737	0.0350877192982	0.666666666667	
0.0175438596491	0.0350877192982	0.0263157894737	0.0350877192982	0.0526315789474	0.00877192982456	0.00877192982456	0.0438596491228	0	0.00877192982456	0.763157894737	
0.0877192982456	0.0350877192982	0.0263157894737	0.0877192982456	0.0350877192982	0.0175438596491	0.0175438596491	0	0.00877192982456	0.0350877192982	0.649122807018	
0.0701754385965	0.0701754385965	0.0438596491228	0.0877192982456	0.0350877192982	0.0438596491228	0.00877192982456	0.0175438596491	0.00877192982456	0	0.614035087719	
0.0175438596491	0.0263157894737	0.0263157894737	0.0263157894737	0.0438596491228	0.0175438596491	0.0350877192982	0.0175438596491	0	0.0350877192982	0.754385964912	
0.0789473684211	0.0614035087719	0.0175438596491	0.0175438596491	0.0438596491228	0.0175438596491	0.0175438596491	0.0175438596491	0	0.0263157894737	0.701754385965	
0.0263157894737	0.0263157894737	0.0614035087719	0.0350877192982	0.0526315789474	0.0263157894737	0	0.00877192982456	0	0.0438596491228	0.719298245614	
0.0350877192982	0.0789473684211	0.0175438596491	0.0789473684211	0.0263157894737	0.00877192982456	0.0175438596491	0.0350877192982	0	0.0175438596491	0.684210526316	
0.0614035087719	0.0175438596491	0.0263157894737	0	0.0438596491228	0.00877192982456	0.0175438596491	0.00877192982456	0.0175438596491	0.00877192982456	0.789473684211	
0.0438596491228	0.0350877192982	0.0175438596491	0.0789473684211	0.0263157894737	0.0526315789474	0.00877192982456	0.00877192982456	0	0.0263157894737	0.701754385965	
0.0526315789474	0.0614035087719	0.0438596491228	0.0789473684211	0.0614035087719	0.0526315789474	0.0175438596491	0	0	0	0.631578947368	
0.0789473684211	0.0526315789474	0.00877192982456	0.0350877192982	0.0350877192982	0.0175438596491	0.0175438596491	0.00877192982456	0.0175438596491	0.00877192982456	0.719298245614	
0.0350877192982	0.0701754385965	0.0263157894737	0.0526315789474	0.00877192982456	0.0175438596491	0.00877192982456	0.00877192982456	0.0175438596491	0.00877192982456	0.745614035088	
0.0701754385965	0.0350877192982	0.00877192982456	0.0877192982456	0.0526315789474	0.0263157894737	0.0175438596491	0	0.0175438596491	0.00877192982456	0.675438596491	
0.0614035087719	0.0438596491228	0.0350877192982	0.0175438596491	0.0614035087719	0.0175438596491	0	0.00877192982456	0.00877192982456	0.0175438596491	0.728070175439	
0.0438596491228	0.0175438596491	0.0614035087719	0.0789473684211	0.0175438596491	0.0350877192982	0.00877192982456	0	0	0.00877192982456	0.728070175439	
0.0350877192982	0.0263157894737	0.0438596491228	0.0263157894737	0.0526315789474	0.0350877192982	0.0438596491228	0.0175438596491	0.0175438596491	0.00877192982456	0.69298245614	
0.0526315789474	0.0526315789474	0.0175438596491	0.0526315789474	0.0263157894737	0.0263157894737	0.0263157894737	0.0263157894737	0.00877192982456	0.0175438596491	0.69298245614	
0.0175438596491	0.0263157894737	0.0614035087719	0.0175438596491	0.0350877192982	0.0438596491228	0.0175438596491	0	0.0175438596491	0.00877192982456	0.754385964912	
0.0263157894737	0.0263157894737	0.0438596491228	0.0350877192982	0.0350877192982	0.0263157894737	0.00877192982456	0.00877192982456	0	0.00877192982456	0.780701754386	
0.0438596491228	0.0526315789474	0.0350877192982	0.0526315789474	0.0438596491228	0.00877192982456	0.00877192982456	0.00877192982456	0	0	0.745614035088	
0.0438596491228	0.0350877192982	0.0614035087719	0.0526315789474	0.0263157894737	0.0175438596491	0.0438596491228	0	0.0175438596491	0.00877192982456	0.69298245614	
0.0614035087719	0.0614035087719	0.0175438596491	0.0438596491228	0.0263157894737	0.0350877192982	0.0175438596491	0	0.00877192982456	0.0175438596491	0.710526315789	
0.0263157894737	0.0877192982456	0.00877192982456	0.0438596491228	0.0350877192982	0.00877192982456	0.0175438596491	0.0175438596491	0	0	0.754385964912	
0.0438596491228	0.0526315789474	0.0175438596491	0.0438596491228	0.0263157894737	0.0350877192982	0.00877192982456	0	0.0175438596491	0	0.754385964912	
0.0614035087719	0.0526315789474	0.0438596491228	0.0438596491228	0.0175438596491	0.0175438596491	0	0.0175438596491	0.0175438596491	0.0263157894737	0.701754385965	
0.0350877192982	0.0438596491228	0.0438596491228	0.0350877192982	0.0438596491228	0.0175438596491	0.00877192982456	0	0.00877192982456	0.0175438596491	0.745614035088	
0.0175438596491	0.0701754385965	0.00877192982456	0.0526315789474	0.0350877192982	0.0350877192982	0.0263157894737	0.00877192982456	0.00877192982456	0	0.736842105263	
0.0438596491228	0.0438596491228	0.00877192982456	0.0263157894737	0.0263157894737	0.0263157894737	0.00877192982456	0.00877192982456	0.00877192982456	0.0175438596491	0.780701754386	
0.0526315789474	0.0438596491228	0.0175438596491	0.0701754385965	0.0175438596491	0.0263157894737	0.0350877192982	0.0175438596491	0.00877192982456	0.0263157894737	0.684210526316	
0.0701754385965	0.0263157894737	0.0350877192982	0.0877192982456	0.0614035087719	0.0614035087719	0.00877192982456	0	0.00877192982456	0.0175438596491	0.622807017544	
0.0263157894737	0.0701754385965	0.0175438596491	0.0350877192982	0.0350877192982	0	0.0175438596491	0.0175438596491	0.0175438596491	0.0175438596491	0.745614035088	
0.0263157894737	0.0350877192982	0.0175438596491	0.0438596491228	0.0438596491228	0.0350877192982	0.0175438596491	0	0	0.00877192982456	0.771929824561	
0.0175438596491	0.0789473684211	0.0438596491228	0.0701754385965	0.00877192982456	0.0263157894737	0	0	0	0.00877192982456	0.745614035088	
0.0964912280702	0.0175438596491	0.0175438596491	0.0350877192982	0.0175438596491	0.00877192982456	0.00877192982456	0.0175438596491	0.0175438596491	0.00877192982456	0.754385964912	
0.0614035087719	0.0614035087719	0.0350877192982	0.0701754385965	0.0350877192982	0.0350877192982	0.00877192982456	0.0263157894737	0.00877192982456	0.0438596491228	0.614035087719	
0.0350877192982	0.0175438596491	0.00877192982456	0.0438596491228	0.0175438596491	0.0175438596491	0.0263157894737	0	0.0263157894737	0.00877192982456	0.798245614035	
0.0614035087719	0.0438596491228	0.00877192982456	0.0614035087719	0.0701754385965	0.00877192982456	0.0263157894737	0	0	0	0.719298245614	
0.0877192982456	0.00877192982456	0.00877192982456	0.0263157894737	0.0263157894737	0.0526315789474	0.0175438596491	0.0175438596491	0	0.0175438596491	0.736842105263	
0.0438596491228	0.0526315789474	0.0175438596491	0.0789473684211	0.00877192982456	0.0263157894737	0.0175438596491	0.0175438596491	0.0175438596491	0	0.719298245614	
0.0438596491228	0.0350877192982	0.0175438596491	0.0964912280702	0.0175438596491	0.0263157894737	0.0175438596491	0.0175438596491	0.0175438596491	0	0.710526315789	
0.0350877192982	0.0175438596491	0	0.0526315789474	0.0175438596491	0.0175438596491	0.0263157894737	0.00877192982456	0	0	0.824561403509	
0.0350877192982	0.0175438596491	0.0614035087719	0.0614035087719	0.0263157894737	0.00877192982456	0.0175438596491	0	0	0.00877192982456	0.763157894737	
0.00877192982456	0.0701754385965	0.0175438596491	0.0350877192982	0	0.0350877192982	0.00877192982456	0.00877192982456	0	0.00877192982456	0.80701754386	
0.0438596491228	0.0526315789474	0.0350877192982	0.0175438596491	0.0263157894737	0.0263157894737	0.00877192982456	0	0	0	0.789473684211	
0.0263157894737	0.00877192982456	0.0350877192982	0.0526315789474	0.0175438596491	0.0263157894737	0.0263157894737	0	0.0175438596491	0.0175438596491	0.771929824561	
0.0263157894737	0.0263157894737	0	0.0438596491228	0.0263157894737	0.00877192982456	0.0263157894737	0	0.0175438596491	0	0.824561403509	
0.00877192982456	0.0701754385965	0.0526315789474	0.0350877192982	0.0438596491228	0.0263157894737	0.00877192982456	0.0175438596491	0	0	0.736842105263	
0.0701754385965	0.0614035087719	0.0701754385965	0.0614035087719	0.0263157894737	0.0175438596491	0.0175438596491	0	0.00877192982456	0.0263157894737	0.640350877193	
0.0438596491228	0.0526315789474	0.00877192982456	0.0350877192982	0.0263157894737	0.0263157894737	0.00877192982456	0.00877192982456	0.0263157894737	0.0175438596491	0.745614035088	
0.0350877192982	0.0350877192982	0	0.0350877192982	0.00877192982456	0.0350877192982	0.0175438596491	0	0.00877192982456	0.00877192982456	0.815789473684	
0.0175438596491	0.0526315789474	0.0263157894737	0.0350877192982	0.0350877192982	0.0350877192982	0.0350877192982	0	0.0350877192982	0.0438596491228	0.684210526316	
0.0350877192982	0.0438596491228	0.0350877192982	0.0350877192982	0.0526315789474	0	0.00877192982456	0.0175438596491	0	0.0350877192982	0.736842105263	
0.0789473684211	0.0701754385965	0.0438596491228	0.0614035087719	0.0350877192982	0.0175438596491	0.00877192982456	0	0	0.00877192982456	0.675438596491	
0.0526315789474	0.0350877192982	0.0175438596491	0.0175438596491	0.0175438596491	0.0263157894737	0.00877192982456	0.0175438596491	0	0.00877192982456	0.798245614035	
0.0438596491228	0.0526315789474	0.0175438596491	0.0526315789474	0.0701754385965	0.0175438596491	0	0.0175438596491	0	0.0350877192982	0.69298245614	
0.0526315789474	0.0526315789474	0.0175438596491	0.0526315789474	0.0350877192982	0.0263157894737	0.00877192982456	0.00877192982456	0.00877192982456	0	0.736842105263	
0.0263157894737	0.0701754385965	0.0175438596491	0.0614035087719	0.0350877192982	0.00877192982456	0.00877192982456	0.00877192982456	0.00877192982456	0.0175438596491	0.736842105263	
0.0438596491228	0.0438596491228	0	0.0526315789474	0.0263157894737	0.0350877192982	0.0438596491228	0	0.00877192982456	0.00877192982456	0.736842105263	
0.0526315789474	0.0526315789474	0.0350877192982	0.0614035087719	0.0175438596491	0	0	0.0175438596491	0.0263157894737	0.0263157894737	0.710526315789	
0.0701754385965	0.0614035087719	0.0263157894737	0.0438596491228	0	0.00877192982456	0.0263157894737	0.00877192982456	0.00877192982456	0.0175438596491	0.728070175439	
0.0526315789474	0.0614035087719	0.0263157894737	0.0701754385965	0	0.0175438596491	0.0175438596491	0.00877192982456	0.0175438596491	0.00877192982456	0.719298245614	
0.0350877192982	0.0350877192982	0.00877192982456	0.0438596491228	0.0263157894737	0.0350877192982	0.0175438596491	0.0175438596491	0	0.0350877192982	0.745614035088	
0.0175438596491	0.0263157894737	0.0263157894737	0.0614035087719	0.0175438596491	0.0263157894737	0.0263157894737	0	0	0.0263157894737	0.771929824561	
0.0526315789474	0.0350877192982	0.0263157894737	0.0614035087719	0.0350877192982	0.0526315789474	0.00877192982456	0.0175438596491	0.00877192982456	0.00877192982456	0.69298245614	
0.0701754385965	0.0350877192982	0.0175438596491	0.0350877192982	0.0350877192982	0.0438596491228	0.0175438596491	0	0.0350877192982	0.0175438596491	0.69298245614	
0.0438596491228	0.0526315789474	0.0438596491228	0.0701754385965	0.0614035087719	0.0350877192982	0.00877192982456	0	0	0	0.684210526316	
0.0350877192982	0.0526315789474	0.0175438596491	0.0350877192982	0.0263157894737	0.0438596491228	0.0350877192982	0.00877192982456	0.0175438596491	0.0175438596491	0.710526315789	
0.0438596491228	0.0175438596491	0.0175438596491	0.0263157894737	0	0.0175438596491	0.0263157894737	0.00877192982456	0.00877192982456	0.0175438596491	0.815789473684	
0.0526315789474	0.0789473684211	0.0438596491228	0.0526315789474	0.0263157894737	0.00877192982456	0.0175438596491	0.0263157894737	0	0.00877192982456	0.684210526316	
0.0526315789474	0.0701754385965	0.0438596491228	0.0263157894737	0.00877192982456	0.0175438596491	0	0.0175438596491	0.00877192982456	0.0263157894737	0.728070175439	
0.0350877192982	0.0263157894737	0.0263157894737	0.0789473684211	0.0263157894737	0.0438596491228	0.00877192982456	0.0175438596491	0.00877192982456	0.0175438596491	0.710526315789	
0.0350877192982	0.0350877192982	0.0175438596491	0.0175438596491	0.0438596491228	0.0263157894737	0.0175438596491	0.00877192982456	0.00877192982456	0.00877192982456	0.780701754386	
0.0350877192982	0.0438596491228	0.0438596491228	0.0350877192982	0.0350877192982	0.0438596491228	0.0438596491228	0	0	0.0175438596491	0.701754385965	
0.0438596491228	0.0701754385965	0.0175438596491	0.0263157894737	0.0350877192982	0.0350877192982	0.00877192982456	0.00877192982456	0.00877192982456	0.00877192982456	0.736842105263	
0.00877192982456	0.0614035087719	0.00877192982456	0.00877192982456	0.0350877192982	0.0175438596491	0.00877192982456	0.00877192982456	0.0350877192982	0.0263157894737	0.780701754386	
0.0263157894737	0.0438596491228	0.0438596491228	0.0263157894737	0.00877192982456	0.0350877192982	0.00877192982456	0.0263157894737	0.00877192982456	0.0175438596491	0.754385964912	
0.0789473684211	0.0438596491228	0.00877192982456	0.0350877192982	0.0350877192982	0.0263157894737	0.00877192982456	0.00877192982456	0.0175438596491	0.00877192982456	0.728070175439	
0.0175438596491	0.0701754385965	0.0175438596491	0.0263157894737	0.0350877192982	0.0350877192982	0.0263157894737	0	0.0263157894737	0	0.745614035088	
0.0614035087719	0.0701754385965	0.00877192982456	0.0350877192982	0.00877192982456	0.0263157894737	0.00877192982456	0.0175438596491	0.00877192982456	0.0175438596491	0.736842105263	
0.0263157894737	0.0526315789474	0.0175438596491	0.0438596491228	0.0263157894737	0.0263157894737	0.0175438596491	0	0.00877192982456	0.0350877192982	0.745614035088	
0.0263157894737	0.0438596491228	0.0350877192982	0.0526315789474	0.0701754385965	0.0175438596491	0.0175438596491	0.00877192982456	0	0.0263157894737	0.701754385965	
0.0263157894737	0.0350877192982	0.0175438596491	0.0526315789474	0.00877192982456	0.00877192982456	0.00877192982456	0	0.0263157894737	0.0175438596491	0.798245614035	
0.0526315789474	0.0350877192982	0.0263157894737	0.0263157894737	0.0438596491228	0.0175438596491	0.00877192982456	0.0350877192982	0.00877192982456	0.00877192982456	0.736842105263	
0.0526315789474	0.0526315789474	0.0350877192982	0.0350877192982	0.0175438596491	0.00877192982456	0.0175438596491	0.00877192982456	0.00877192982456	0.00877192982456	0.754385964912	
0.00877192982456	0.0263157894737	0.0263157894737	0.0263157894737	0.0175438596491	0.0175438596491	0.0350877192982	0.00877192982456	0	0.00877192982456	0.824561403509	
0.0350877192982	0.0526315789474	0	0.0701754385965	0.00877192982456	0.0263157894737	0.00877192982456	0.00877192982456	0.00877192982456	0.0175438596491	0.763157894737	
0.0526315789474	0.0438596491228	0.00877192982456	0.0350877192982	0.0175438596491	0.00877192982456	0.0175438596491	0.0263157894737	0.0175438596491	0.00877192982456	0.763157894737	
0.0614035087719	0.0263157894737	0.0350877192982	0.0438596491228	0.0263157894737	0	0	0.00877192982456	0	0.0263157894737	0.771929824561	
0.0350877192982	0.0526315789474	0.0614035087719	0.0877192982456	0.0263157894737	0.00877192982456	0.0175438596491	0	0	0.00877192982456	0.701754385965	
0.0438596491228	0.0438596491228	0.0350877192982	0.0438596491228	0.0175438596491	0.00877192982456	0.0438596491228	0.0175438596491	0	0.00877192982456	0.736842105263	
0.0789473684211	0.0263157894737	0.0614035087719	0.0175438596491	0.0263157894737	0	0.00877192982456	0.00877192982456	0.00877192982456	0.0175438596491	0.745614035088	
0.0526315789474	0.0350877192982	0.0263157894737	0.0614035087719	0.00877192982456	0.0350877192982	0.0175438596491	0	0.0263157894737	0	0.736842105263	
0.0526315789474	0.0350877192982	0.0350877192982	0.0175438596491	0.0350877192982	0.0175438596491	0.00877192982456	0.00877192982456	0.0263157894737	0.00877192982456	0.754385964912	
0.0438596491228	0.0175438596491	0.00877192982456	0.0438596491228	0.0526315789474	0.0175438596491	0.00877192982456	0	0.00877192982456	0	0.798245614035	
0.0701754385965	0.0526315789474	0.0175438596491	0.0350877192982	0.0526315789474	0.0263157894737	0.00877192982456	0	0	0	0.736842105263	
0.0350877192982	0.0263157894737	0.0350877192982	0.0350877192982	0.0438596491228	0.0175438596491	0	0	0.00877192982456	0	0.798245614035	
0.0263157894737	0.0350877192982	0.00877192982456	0.0614035087719	0.0263157894737	0.0263157894737	0.00877192982456	0.0263157894737	0.00877192982456	0.0263157894737	0.745614035088	
0.0350877192982	0.0614035087719	0.0350877192982	0.0614035087719	0.00877192982456	0.0614035087719	0.0175438596491	0.00877192982456	0.00877192982456	0.00877192982456	0.69298245614	
0.0175438596491	0.0263157894737	0.0614035087719	0.0175438596491	0.0350877192982	0.0350877192982	0.00877192982456	0.0263157894737	0	0.00877192982456	0.763157894737	
0.0175438596491	0.0789473684211	0.0350877192982	0.0701754385965	0.00877192982456	0.0350877192982	0.0175438596491	0.0175438596491	0	0.0175438596491	0.701754385965	
0.122807017544	0.0701754385965	0.0263157894737	0.0175438596491	0.0614035087719	0.00877192982456	0.00877192982456	0.00877192982456	0	0.0175438596491	0.657894736842	
0.0263157894737	0.0350877192982	0.00877192982456	0.0526315789474	0.0263157894737	0.0175438596491	0.0175438596491	0	0	0.0175438596491	0.798245614035	
0.0438596491228	0.0526315789474	0.0263157894737	0.0789473684211	0.0350877192982	0.0350877192982	0	0	0.00877192982456	0.00877192982456	0.710526315789	
0.0263157894737	0.0175438596491	0.0263157894737	0.0526315789474	0.00877192982456	0	0.00877192982456	0.0175438596491	0.00877192982456	0.00877192982456	0.824561403509	
0.0175438596491	0.00877192982456	0.0438596491228	0.0350877192982	0.0614035087719	0.0263157894737	0.00877192982456	0.00877192982456	0.0175438596491	0.00877192982456	0.763157894737	
0	0.0438596491228	0.0263157894737	0.0263157894737	0.0175438596491	0.0438596491228	0.0175438596491	0.0175438596491	0	0.0263157894737	0.780701754386	
0.0263157894737	0	0.0350877192982	0.00877192982456	0.0438596491228	0.0526315789474	0.0263157894737	0	0.00877192982456	0.0175438596491	0.780701754386	
0.00877192982456	0.00877192982456	0	0	0.0263157894737	0.0438596491228	0.00877192982456	0.00877192982456	0.0263157894737	0.0175438596491	0.850877192982	
0	0	0	0	0.0175438596491	0.0438596491228	0.0175438596491	0	0.00877192982456	0.0175438596491	0.894736842105	
0	0.00877192982456	0	0	0.0263157894737	0.0350877192982	0	0.00877192982456	0.0175438596491	0.00877192982456	0.894736842105	
0.114035087719	0.0526315789474	0.0263157894737	0.0350877192982	0.00877192982456	0.0350877192982	0	0.0175438596491	0	0.00877192982456	0.701754385965	
0.0438596491228	0.0701754385965	0.0175438596491	0.0350877192982	0.0175438596491	0.0175438596491	0.00877192982456	0.00877192982456	0	0.0263157894737	0.754385964912	
0.0350877192982	0.0526315789474	0.00877192982456	0.0614035087719	0.0350877192982	0.0350877192982	0	0.00877192982456	0.0175438596491	0	0.745614035088	
0.0877192982456	0.0438596491228	0.00877192982456	0.0526315789474	0	0.0438596491228	0.0175438596491	0.00877192982456	0	0.0175438596491	0.719298245614	
0.0350877192982	0.0877192982456	0.0175438596491	0.0350877192982	0.0263157894737	0.0175438596491	0.0175438596491	0.00877192982456	0.00877192982456	0.0175438596491	0.728070175439	
0.0350877192982	0.0350877192982	0.0263157894737	0.0350877192982	0.0175438596491	0.0175438596491	0.0175438596491	0.0175438596491	0	0.0175438596491	0.780701754386	
0.0789473684211	0.0350877192982	0.0263157894737	0.0350877192982	0.0438596491228	0.0263157894737	0.00877192982456	0	0.00877192982456	0.00877192982456	0.728070175439	
0.0877192982456	0.0438596491228	0.0175438596491	0.0175438596491	0.0263157894737	0.0263157894737	0.0263157894737	0	0.0175438596491	0.00877192982456	0.728070175439	
0.0526315789474	0.0789473684211	0	0.00877192982456	0.0175438596491	0.0350877192982	0.0175438596491	0	0.0175438596491	0.0263157894737	0.745614035088	
0.0789473684211	0.114035087719	0.0263157894737	0.0263157894737	0.0263157894737	0.0175438596491	0.0175438596491	0.00877192982456	0	0.0175438596491	0.666666666667	
0.0526315789474	0.0175438596491	0.0175438596491	0.0350877192982	0.0263157894737	0.0350877192982	0.0175438596491	0	0.00877192982456	0	0.789473684211	
0.0614035087719	0.0701754385965	0.0263157894737	0.0701754385965	0.0263157894737	0.0526315789474	0	0.00877192982456	0.00877192982456	0.00877192982456	0.666666666667	
0.0614035087719	0.0701754385965	0.0175438596491	0.0438596491228	0.0175438596491	0.0175438596491	0.0263157894737	0	0.00877192982456	0.0263157894737	0.710526315789	
0.0526315789474	0.0614035087719	0.0350877192982	0.0175438596491	0.0438596491228	0.00877192982456	0.00877192982456	0.00877192982456	0	0	0.763157894737	
0.0526315789474	0.0526315789474	0.00877192982456	0.0614035087719	0.0263157894737	0.0175438596491	0.0175438596491	0.0175438596491	0.00877192982456	0.00877192982456	0.728070175439	
0.00877192982456	0.0438596491228	0.0263157894737	0.0789473684211	0.00877192982456	0.00877192982456	0.00877192982456	0.00877192982456	0.00877192982456	0.0263157894737	0.771929824561	
0.0350877192982	0.0438596491228	0.00877192982456	0.0614035087719	0.0526315789474	0.0175438596491	0.0175438596491	0	0.00877192982456	0	0.754385964912	
0.0526315789474	0.0877192982456	0.0175438596491	0.0438596491228	0.0350877192982	0.0350877192982	0.0175438596491	0.0175438596491	0.00877192982456	0	0.684210526316	
0.0438596491228	0.0526315789474	0.0263157894737	0.0526315789474	0.0350877192982	0.0263157894737	0.00877192982456	0	0.0175438596491	0.00877192982456	0.728070175439	
0.0701754385965	0.0526315789474	0.00877192982456	0.0526315789474	0.0350877192982	0.0263157894737	0.0263157894737	0	0	0.0175438596491	0.710526315789	
0.0701754385965	0.0614035087719	0.00877192982456	0.0614035087719	0.00877192982456	0.0263157894737	0.0175438596491	0.00877192982456	0.0175438596491	0.0263157894737	0.69298245614	
0.0263157894737	0.0526315789474	0.0175438596491	0.0350877192982	0.0175438596491	0.0175438596491	0.00877192982456	0.00877192982456	0.0263157894737	0.0175438596491	0.771929824561	
0.0526315789474	0.0701754385965	0.0438596491228	0.00877192982456	0.0263157894737	0.0438596491228	0.00877192982456	0	0	0.0175438596491	0.728070175439	
0.0964912280702	0.0701754385965	0.00877192982456	0.0350877192982	0.0175438596491	0	0.0350877192982	0.00877192982456	0.00877192982456	0.00877192982456	0.710526315789	
0.0526315789474	0.0438596491228	0.0175438596491	0.0438596491228	0.0350877192982	0.0175438596491	0.0263157894737	0	0.0263157894737	0	0.736842105263	
0.0614035087719	0.0789473684211	0.00877192982456	0.0438596491228	0.00877192982456	0.0175438596491	0.00877192982456	0.00877192982456	0.00877192982456	0.0263157894737	0.728070175439	
0.0877192982456	0.0350877192982	0.0175438596491	0.0350877192982	0.00877192982456	0.0438596491228	0.00877192982456	0	0.00877192982456	0.0350877192982	0.719298245614	
0.0438596491228	0.0614035087719	0.0350877192982	0.0526315789474	0.00877192982456	0.0263157894737	0.00877192982456	0.00877192982456	0	0.00877192982456	0.745614035088	
0.0526315789474	0.0701754385965	0.0263157894737	0.0526315789474	0.00877192982456	0	0.00877192982456	0.00877192982456	0.0350877192982	0.0350877192982	0.701754385965	
0.0350877192982	0.0526315789474	0	0.0350877192982	0.0438596491228	0.0263157894737	0.0263157894737	0.0263157894737	0	0.0175438596491	0.736842105263	
0.0350877192982	0.0526315789474	0.0175438596491	0.0350877192982	0.0175438596491	0.0175438596491	0.0175438596491	0.0263157894737	0	0	0.780701754386	
0.0614035087719	0.0438596491228	0.0438596491228	0.0263157894737	0.0175438596491	0.0175438596491	0.0350877192982	0	0.00877192982456	0	0.745614035088	
0.0438596491228	0.0614035087719	0.0175438596491	0.0263157894737	0.00877192982456	0.0350877192982	0	0.00877192982456	0.0175438596491	0.0175438596491	0.763157894737	
0.0877192982456	0.00877192982456	0.0175438596491	0.0614035087719	0.0614035087719	0.0263157894737	0	0.0263157894737	0.00877192982456	0.0175438596491	0.684210526316	
0.0614035087719	0.00877192982456	0.0175438596491	0.0438596491228	0.0350877192982	0.0175438596491	0.0175438596491	0	0.00877192982456	0.0175438596491	0.771929824561	
0.0877192982456	0.0263157894737	0.0438596491228	0.0526315789474	0.00877192982456	0.0350877192982	0.0175438596491	0.00877192982456	0.0175438596491	0	0.701754385965	
0.0263157894737	0.0438596491228	0.0175438596491	0.0175438596491	0.0263157894737	0.0438596491228	0.0438596491228	0	0.0175438596491	0.0438596491228	0.719298245614	
0.0263157894737	0.0701754385965	0.0614035087719	0.0614035087719	0.0438596491228	0.0175438596491	0.0175438596491	0	0.00877192982456	0.00877192982456	0.684210526316	
0.0877192982456	0.0964912280702	0.0263157894737	0.00877192982456	0.0438596491228	0.00877192982456	0.0175438596491	0.0175438596491	0.0175438596491	0	0.675438596491	
0.0263157894737	0.0526315789474	0.00877192982456	0.0526315789474	0.0175438596491	0.0175438596491	0	0.00877192982456	0.00877192982456	0.00877192982456	0.798245614035	
0.0701754385965	0.0438596491228	0.0263157894737	0.0701754385965	0.0438596491228	0.0438596491228	0.00877192982456	0.0175438596491	0.00877192982456	0.0350877192982	0.631578947368	
0.0350877192982	0.0350877192982	0.00877192982456	0.0350877192982	0.0175438596491	0.0263157894737	0.0350877192982	0	0	0.0175438596491	0.789473684211	
0.0614035087719	0.0438596491228	0.0263157894737	0.00877192982456	0.00877192982456	0.0175438596491	0.0175438596491	0	0.0175438596491	0.0175438596491	0.780701754386	
0.0350877192982	0.0350877192982	0.0526315789474	0.0701754385965	0.0175438596491	0.0175438596491	0.0175438596491	0	0.0175438596491	0	0.736842105263	
0.0614035087719	0.0350877192982	0.0350877192982	0.0701754385965	0.0175438596491	0.0175438596491	0.0438596491228	0.0175438596491	0.00877192982456	0.0263157894737	0.666666666667	
0.0350877192982	0.0263157894737	0.00877192982456	0.00877192982456	0.0350877192982	0.0263157894737	0.00877192982456	0	0.0175438596491	0	0.833333333333	
0.00877192982456	0.0438596491228	0.0263157894737	0.0526315789474	0.0350877192982	0.0263157894737	0.0263157894737	0.0438596491228	0.00877192982456	0.00877192982456	0.719298245614	
0.0614035087719	0.0438596491228	0.0350877192982	0.0701754385965	0.0350877192982	0.0175438596491	0.0175438596491	0.00877192982456	0	0.0175438596491	0.69298245614	
0.0350877192982	0.0526315789474	0.0263157894737	0.0614035087719	0.0175438596491	0.0175438596491	0.00877192982456	0.00877192982456	0.0175438596491	0.0175438596491	0.736842105263	
0.0614035087719	0.114035087719	0.0263157894737	0.0350877192982	0.0438596491228	0.0526315789474	0	0.00877192982456	0	0	0.657894736842	
0.0263157894737	0.0263157894737	0.00877192982456	0.0526315789474	0.0175438596491	0.00877192982456	0.0350877192982	0.00877192982456	0.0175438596491	0	0.798245614035	
0.0438596491228	0.0526315789474	0.0350877192982	0.0263157894737	0.0263157894737	0.0263157894737	0.0175438596491	0.00877192982456	0	0.0175438596491	0.745614035088	
0.0438596491228	0.0877192982456	0.0263157894737	0.0526315789474	0	0.0263157894737	0.0263157894737	0	0.00877192982456	0.0350877192982	0.69298245614	
0.0614035087719	0.0263157894737	0	0.0614035087719	0.0175438596491	0.0350877192982	0.00877192982456	0	0	0	0.789473684211	
0.0438596491228	0.0877192982456	0.0175438596491	0.0438596491228	0.0263157894737	0.0438596491228	0.0263157894737	0.00877192982456	0	0.00877192982456	0.69298245614	
0.0877192982456	0.0701754385965	0.00877192982456	0.0614035087719	0.0350877192982	0.0175438596491	0.0263157894737	0.0350877192982	0.00877192982456	0.00877192982456	0.640350877193	
0.00877192982456	0.0438596491228	0.00877192982456	0.0789473684211	0.0350877192982	0	0	0	0.0175438596491	0.0175438596491	0.789473684211	
0.0526315789474	0.0263157894737	0.0175438596491	0.0438596491228	0.0526315789474	0.00877192982456	0.0175438596491	0	0.00877192982456	0.00877192982456	0.763157894737	
0.0964912280702	0.0350877192982	0.0263157894737	0.0438596491228	0.0175438596491	0.00877192982456	0	0.0263157894737	0.0263157894737	0.0350877192982	0.684210526316	
0.0701754385965	0.0263157894737	0.0263157894737	0.0614035087719	0.0350877192982	0.0263157894737	0.0175438596491	0	0.00877192982456	0.00877192982456	0.719298245614	
0.0789473684211	0.00877192982456	0.0263157894737	0.0701754385965	0.0350877192982	0.0175438596491	0.0175438596491	0	0	0.00877192982456	0.736842105263	
0.0438596491228	0.0877192982456	0.0175438596491	0.0438596491228	0.0175438596491	0.00877192982456	0.00877192982456	0.0263157894737	0.00877192982456	0.00877192982456	0.728070175439	
0.0614035087719	0.0877192982456	0.0175438596491	0.0789473684211	0.00877192982456	0.0175438596491	0.0175438596491	0.00877192982456	0	0.0175438596491	0.684210526316	
0.0614035087719	0.0350877192982	0.00877192982456	0.0789473684211	0.0175438596491	0.0614035087719	0.00877192982456	0.0263157894737	0	0.00877192982456	0.69298245614	
0.0701754385965	0.0175438596491	0.0175438596491	0.0350877192982	0.0263157894737	0.0438596491228	0.0175438596491	0	0.0350877192982	0.00877192982456	0.728070175439	
0.0438596491228	0.0789473684211	0.0175438596491	0.0263157894737	0.0263157894737	0.0175438596491	0.00877192982456	0	0.0175438596491	0	0.763157894737	
0.0789473684211	0.0614035087719	0.0175438596491	0.0526315789474	0.00877192982456	0.0175438596491	0.0175438596491	0.00877192982456	0	0	0.736842105263	
0.0350877192982	0.0263157894737	0.00877192982456	0.0263157894737	0.0263157894737	0.0350877192982	0.0438596491228	0.0263157894737	0	0.00877192982456	0.763157894737	
0.0438596491228	0.00877192982456	0.0175438596491	0.0614035087719	0.0350877192982	0.0263157894737	0.0175438596491	0.00877192982456	0.00877192982456	0.0175438596491	0.754385964912	
0.0877192982456	0.0350877192982	0.00877192982456	0.0526315789474	0.0175438596491	0.0438596491228	0.0350877192982	0	0	0.0175438596491	0.701754385965	
0.0438596491228	0.0701754385965	0.0263157894737	0.0526315789474	0.00877192982456	0	0.00877192982456	0.00877192982456	0.00877192982456	0.0350877192982	0.736842105263	
0.0350877192982	0.0526315789474	0.0438596491228	0.0175438596491	0.0350877192982	0.0263157894737	0	0.00877192982456	0.00877192982456	0.00877192982456	0.763157894737	
0.0526315789474	0.0263157894737	0.0350877192982	0.0175438596491	0.0175438596491	0.0263157894737	0.0350877192982	0	0.00877192982456	0.0175438596491	0.763157894737	
0.0789473684211	0.0350877192982	0.00877192982456	0.0526315789474	0.00877192982456	0.0175438596491	0.00877192982456	0.00877192982456	0.00877192982456	0.00877192982456	0.763157894737	
0.0263157894737	0.0526315789474	0	0.0701754385965	0.0350877192982	0.00877192982456	0.0526315789474	0	0.0175438596491	0.0175438596491	0.719298245614	
0.0614035087719	0.0614035087719	0.00877192982456	0.0350877192982	0.00877192982456	0.0175438596491	0.0175438596491	0.00877192982456	0.0175438596491	0.00877192982456	0.754385964912	
0.0701754385965	0.0701754385965	0	0.0526315789474	0.00877192982456	0.0175438596491	0.00877192982456	0.00877192982456	0.0263157894737	0.0263157894737	0.710526315789	
0.0263157894737	0.0350877192982	0.0175438596491	0.0614035087719	0.0263157894737	0.0263157894737	0.00877192982456	0.0263157894737	0	0.0175438596491	0.754385964912	
0.0526315789474	0.0438596491228	0.0350877192982	0.0175438596491	0.0350877192982	0.0175438596491	0	0	0.0263157894737	0.00877192982456	0.763157894737	
0.0701754385965	0.0701754385965	0.0175438596491	0.0438596491228	0.0175438596491	0.00877192982456	0.00877192982456	0	0.0175438596491	0.00877192982456	0.736842105263	
0.0350877192982	0.0350877192982	0.0263157894737	0.0614035087719	0.00877192982456	0.0175438596491	0.0263157894737	0.00877192982456	0.00877192982456	0.00877192982456	0.763157894737	
0.0614035087719	0.0701754385965	0.0175438596491	0.0438596491228	0.0526315789474	0.0438596491228	0.0175438596491	0	0.0175438596491	0	0.675438596491	
0.0526315789474	0.0263157894737	0.0263157894737	0.0614035087719	0.0438596491228	0	0	0.00877192982456	0.0263157894737	0.00877192982456	0.745614035088	
0.0701754385965	0.0350877192982	0.0350877192982	0.0263157894737	0	0	0.00877192982456	0	0.0175438596491	0.0175438596491	0.789473684211	
0.0526315789474	0.0350877192982	0.0263157894737	0.0614035087719	0	0.0175438596491	0.0175438596491	0.0175438596491	0.00877192982456	0.00877192982456	0.754385964912	
0.0526315789474	0.0263157894737	0.00877192982456	0.0614035087719	0.0263157894737	0.0175438596491	0.0350877192982	0.00877192982456	0.0175438596491	0.00877192982456	0.736842105263	
0.0701754385965	0.0438596491228	0.0175438596491	0.0614035087719	0.0526315789474	0.0263157894737	0.0350877192982	0	0.00877192982456	0.00877192982456	0.675438596491	
0.0526315789474	0.0964912280702	0.0263157894737	0.0614035087719	0.0175438596491	0.0175438596491	0.0175438596491	0.00877192982456	0	0.0263157894737	0.675438596491	
0.0964912280702	0.0701754385965	0.0438596491228	0.0526315789474	0.0263157894737	0.0175438596491	0	0	0.0175438596491	0	0.675438596491	
0.0175438596491	0.0526315789474	0.00877192982456	0.0789473684211	0.0263157894737	0.0263157894737	0.0175438596491	0	0	0.0175438596491	0.754385964912	
0.0614035087719	0.0350877192982	0.0263157894737	0.0526315789474	0.0350877192982	0.0263157894737	0.00877192982456	0.0175438596491	0	0.0263157894737	0.710526315789	
0.0263157894737	0.0263157894737	0.00877192982456	0.0526315789474	0.0350877192982	0.0263157894737	0.0175438596491	0	0.00877192982456	0.0175438596491	0.780701754386	
0.0526315789474	0.0614035087719	0.0175438596491	0.0701754385965	0.0350877192982	0.0350877192982	0.00877192982456	0.0175438596491	0.00877192982456	0.00877192982456	0.684210526316	
0.0350877192982	0.0438596491228	0.0350877192982	0.0350877192982	0.0263157894737	0.00877192982456	0.00877192982456	0.00877192982456	0.0175438596491	0.00877192982456	0.771929824561	
0.0438596491228	0.114035087719	0.00877192982456	0.0877192982456	0.0350877192982	0.0263157894737	0.0263157894737	0.0175438596491	0.00877192982456	0.00877192982456	0.622807017544	
0.0175438596491	0.0263157894737	0.00877192982456	0.0614035087719	0.0175438596491	0.0175438596491	0.00877192982456	0.0175438596491	0.0263157894737	0.0175438596491	0.780701754386	
0.0438596491228	0.0877192982456	0.00877192982456	0.0614035087719	0.0350877192982	0.0175438596491	0.0350877192982	0.00877192982456	0.00877192982456	0.0175438596491	0.675438596491	
0.0526315789474	0.0526315789474	0.00877192982456	0.0701754385965	0.0175438596491	0.0263157894737	0	0.0175438596491	0	0.0263157894737	0.728070175439	
0.0701754385965	0.0701754385965	0.0263157894737	0.0789473684211	0.0175438596491	0.0350877192982	0.00877192982456	0	0	0.0175438596491	0.675438596491	
0.0438596491228	0.0263157894737	0.00877192982456	0.0701754385965	0.0263157894737	0.0350877192982	0.00877192982456	0.00877192982456	0.00877192982456	0.0350877192982	0.728070175439	
0.0614035087719	0.0438596491228	0.0438596491228	0.0350877192982	0.0438596491228	0.0263157894737	0.0175438596491	0.00877192982456	0.0175438596491	0.00877192982456	0.69298245614	
0.0789473684211	0.0614035087719	0.0350877192982	0.0701754385965	0.0526315789474	0.0263157894737	0.00877192982456	0	0	0.0263157894737	0.640350877193	
0.0263157894737	0.0701754385965	0.0263157894737	0.0701754385965	0.0526315789474	0.00877192982456	0.0263157894737	0.00877192982456	0	0	0.710526315789	
0.0789473684211	0.0526315789474	0.0263157894737	0.0701754385965	0.0175438596491	0.0175438596491	0.0350877192982	0	0	0.0438596491228	0.657894736842	
0.0263157894737	0.0614035087719	0	0.105263157895	0.0526315789474	0.00877192982456	0.00877192982456	0.00877192982456	0.0263157894737	0	0.701754385965	
0.0964912280702	0	0.00877192982456	0.0789473684211	0.0263157894737	0.0263157894737	0.0175438596491	0.00877192982456	0	0.00877192982456	0.728070175439	
0.0263157894737	0.0350877192982	0	0.0438596491228	0.0438596491228	0.0263157894737	0.0263157894737	0	0	0.0175438596491	0.780701754386	
0.0350877192982	0.0263157894737	0.0175438596491	0.0438596491228	0.0350877192982	0.0175438596491	0.00877192982456	0	0.0175438596491	0.00877192982456	0.789473684211	
0.0701754385965	0.0789473684211	0	0.0263157894737	0.00877192982456	0.0175438596491	0.0175438596491	0.00877192982456	0.00877192982456	0.0263157894737	0.736842105263	
0.0614035087719	0.0526315789474	0	0.0175438596491	0.0350877192982	0.0175438596491	0	0.0175438596491	0.0350877192982	0.00877192982456	0.754385964912	
0.0614035087719	0.00877192982456	0.0175438596491	0.0438596491228	0.0350877192982	0.00877192982456	0	0.00877192982456	0.0263157894737	0.0175438596491	0.771929824561	
0.0614035087719	0.0614035087719	0	0.0526315789474	0	0.0263157894737	0.0350877192982	0.00877192982456	0.00877192982456	0.00877192982456	0.736842105263	
0.0526315789474	0.0789473684211	0.0350877192982	0.0701754385965	0.00877192982456	0.0350877192982	0.0263157894737	0	0.00877192982456	0.00877192982456	0.675438596491	
0.0263157894737	0.0701754385965	0.0526315789474	0.0701754385965	0.0350877192982	0.0175438596491	0.0438596491228	0.0175438596491	0.0175438596491	0.0175438596491	0.631578947368	
0.0701754385965	0.0614035087719	0.0175438596491	0.0877192982456	0.0263157894737	0.00877192982456	0.0263157894737	0.0175438596491	0.00877192982456	0.0175438596491	0.657894736842	
0.0350877192982	0.0350877192982	0.0263157894737	0.0438596491228	0.0526315789474	0.00877192982456	0.0175438596491	0.00877192982456	0	0	0.771929824561	
0.0438596491228	0.0263157894737	0.0614035087719	0.0701754385965	0.0175438596491	0.0263157894737	0	0	0.00877192982456	0.00877192982456	0.736842105263	
0.0526315789474	0.0350877192982	0.00877192982456	0.0526315789474	0.0350877192982	0.0350877192982	0.00877192982456	0	0	0.0263157894737	0.745614035088	
0.0526315789474	0.0438596491228	0.00877192982456	0.0350877192982	0.0263157894737	0.00877192982456	0	0.00877192982456	0.0175438596491	0.00877192982456	0.789473684211	
0.0526315789474	0.0438596491228	0.0175438596491	0.0526315789474	0.0263157894737	0.0350877192982	0.0350877192982	0.0526315789474	0.00877192982456	0.00877192982456	0.666666666667	
0.00877192982456	0.0350877192982	0.0175438596491	0.0614035087719	0.00877192982456	0.0175438596491	0.00877192982456	0.0175438596491	0.00877192982456	0.00877192982456	0.80701754386	
0.0526315789474	0.0350877192982	0.0350877192982	0.0350877192982	0	0.00877192982456	0.00877192982456	0.0175438596491	0.0438596491228	0	0.763157894737	
0.00877192982456	0.0350877192982	0.0614035087719	0.0263157894737	0	0	0.0175438596491	0	0.0175438596491	0	0.833333333333	
0	0	0.0175438596491	0.00877192982456	0	0	0	0	0	0	0.973684210526	
0	0.00877192982456	0.0175438596491	0	0	0	0	0	0	0	0.973684210526	
0	0	0.00877192982456	0	0	0	0	0	0	0	0.991228070175	
0	0	0.00877192982456	0	0	0	0	0	0	0	0.991228070175	
0	0	0	0	0	0	0	0	0	0	1.0	
