0.0411764705882	0	0.0588235294118	0.0235294117647	0.0176470588235	0.0117647058824	0.0176470588235	0	0.0117647058824	0.0176470588235	0.8	
0.0411764705882	0.00588235294118	0.0470588235294	0.00588235294118	0.00588235294118	0.0117647058824	0.00588235294118	0.0117647058824	0.0117647058824	0.0235294117647	0.829411764706	
0.0294117647059	0.0117647058824	0.0823529411765	0.0294117647059	0.00588235294118	0.0352941176471	0.00588235294118	0.00588235294118	0.0352941176471	0.00588235294118	0.752941176471	
0	0.0294117647059	0.0352941176471	0.0117647058824	0.00588235294118	0.0117647058824	0.00588235294118	0.0294117647059	0.0235294117647	0.0117647058824	0.835294117647	
0.0235294117647	0.0352941176471	0.0588235294118	0.0117647058824	0.00588235294118	0.00588235294118	0.00588235294118	0.00588235294118	0.0117647058824	0	0.835294117647	
0.0294117647059	0.0411764705882	0.0588235294118	0.00588235294118	0	0.00588235294118	0.0117647058824	0	0.00588235294118	0.0117647058824	0.829411764706	
0.0411764705882	0.0235294117647	0.0470588235294	0.0294117647059	0.00588235294118	0.0176470588235	0.0117647058824	0.0294117647059	0.0117647058824	0	0.782352941176	
0.0176470588235	0.0176470588235	0.0647058823529	0.00588235294118	0.00588235294118	0.0352941176471	0.00588235294118	0.0176470588235	0.0117647058824	0.0117647058824	0.805882352941	
0.0176470588235	0.0352941176471	0.0647058823529	0	0.0176470588235	0.0176470588235	0.0235294117647	0	0.0117647058824	0.0117647058824	0.8	
0.0294117647059	0.0294117647059	0.0411764705882	0.0117647058824	0	0.0117647058824	0.0117647058824	0.0235294117647	0	0.0117647058824	0.829411764706	
0.0294117647059	0.0117647058824	0.0705882352941	0	0	0.0176470588235	0.00588235294118	0.00588235294118	0.0117647058824	0.00588235294118	0.841176470588	
0.0411764705882	0.0235294117647	0.0941176470588	0.00588235294118	0.0176470588235	0.00588235294118	0.00588235294118	0	0.0117647058824	0.00588235294118	0.788235294118	
0.0529411764706	0.0352941176471	0.0411764705882	0.0235294117647	0	0.0117647058824	0.0117647058824	0.00588235294118	0	0.00588235294118	0.811764705882	
0.0235294117647	0.0176470588235	0.0294117647059	0.0235294117647	0.00588235294118	0.00588235294118	0	0	0.0176470588235	0.0235294117647	0.852941176471	
0.0117647058824	0.0235294117647	0.0294117647059	0.00588235294118	0.00588235294118	0.0117647058824	0.00588235294118	0.0117647058824	0.0117647058824	0.0117647058824	0.870588235294	
0	0.0117647058824	0.0352941176471	0.00588235294118	0.0176470588235	0	0.00588235294118	0	0.0117647058824	0.0235294117647	0.888235294118	
0.0352941176471	0.0352941176471	0.0529411764706	0.0117647058824	0.0294117647059	0.0117647058824	0.00588235294118	0.0176470588235	0.0117647058824	0.00588235294118	0.782352941176	
0.0176470588235	0.0352941176471	0.0235294117647	0.0117647058824	0.00588235294118	0.0117647058824	0.0176470588235	0.00588235294118	0.00588235294118	0.0117647058824	0.852941176471	
0.0117647058824	0.00588235294118	0.0529411764706	0.0176470588235	0.00588235294118	0.0235294117647	0	0.0294117647059	0.00588235294118	0.0117647058824	0.835294117647	
0.0176470588235	0.0470588235294	0.0411764705882	0	0	0.0176470588235	0.00588235294118	0.0235294117647	0.00588235294118	0	0.841176470588	
0.0176470588235	0.00588235294118	0.0294117647059	0.0176470588235	0.0176470588235	0.0117647058824	0.00588235294118	0.0117647058824	0.0176470588235	0.0117647058824	0.852941176471	
0.0117647058824	0.0235294117647	0.0529411764706	0.0176470588235	0	0.0235294117647	0.00588235294118	0.0117647058824	0.0294117647059	0.00588235294118	0.817647058824	
0.0352941176471	0.0352941176471	0.0470588235294	0.0235294117647	0.00588235294118	0.0117647058824	0.0117647058824	0.0294117647059	0.00588235294118	0.0176470588235	0.776470588235	
0.0117647058824	0.0294117647059	0.0294117647059	0.0117647058824	0.00588235294118	0.0176470588235	0.0117647058824	0.0117647058824	0	0.00588235294118	0.864705882353	
0.00588235294118	0.0411764705882	0.0705882352941	0.00588235294118	0.0117647058824	0.00588235294118	0.0294117647059	0.0176470588235	0	0.00588235294118	0.805882352941	
0.0235294117647	0.0235294117647	0.0470588235294	0.0176470588235	0	0	0.0176470588235	0.00588235294118	0.00588235294118	0	0.858823529412	
0.00588235294118	0.0117647058824	0.0411764705882	0	0	0.0176470588235	0.0117647058824	0.00588235294118	0.0294117647059	0.0235294117647	0.852941176471	
0.0411764705882	0.00588235294118	0.0470588235294	0.0117647058824	0.00588235294118	0.00588235294118	0.0117647058824	0	0.00588235294118	0.0411764705882	0.823529411765	
0.0352941176471	0.0117647058824	0.0705882352941	0.00588235294118	0.00588235294118	0.0176470588235	0.00588235294118	0.0235294117647	0.0176470588235	0.0117647058824	0.794117647059	
0.0294117647059	0.0176470588235	0.0588235294118	0.0117647058824	0	0.0117647058824	0.0117647058824	0.00588235294118	0.0176470588235	0.0117647058824	0.823529411765	
0.0117647058824	0.0352941176471	0.0647058823529	0.0176470588235	0.00588235294118	0.0176470588235	0	0.00588235294118	0.0117647058824	0	0.829411764706	
0.0411764705882	0.0117647058824	0.0411764705882	0.0176470588235	0	0.00588235294118	0.00588235294118	0.00588235294118	0.0235294117647	0	0.847058823529	
0.0294117647059	0.0235294117647	0.0882352941176	0.0117647058824	0.00588235294118	0.0117647058824	0	0.0235294117647	0.0176470588235	0.0176470588235	0.770588235294	
0.0117647058824	0.0411764705882	0.0411764705882	0.0352941176471	0.0176470588235	0.0352941176471	0.00588235294118	0.0176470588235	0.0117647058824	0.0117647058824	0.770588235294	
0.0235294117647	0.0470588235294	0.0470588235294	0.0117647058824	0	0.0294117647059	0.0294117647059	0	0.0176470588235	0.0117647058824	0.782352941176	
0.0294117647059	0.0235294117647	0.0470588235294	0.0235294117647	0.00588235294118	0.0176470588235	0.0117647058824	0	0.0176470588235	0.0176470588235	0.805882352941	
0.0294117647059	0.0294117647059	0.0352941176471	0.00588235294118	0.00588235294118	0.00588235294118	0	0	0.0176470588235	0.0117647058824	0.858823529412	
0.0235294117647	0.0176470588235	0.0588235294118	0.0176470588235	0.00588235294118	0.0117647058824	0.00588235294118	0.0176470588235	0.0470588235294	0.0176470588235	0.776470588235	
0.0176470588235	0.0176470588235	0.0588235294118	0.0294117647059	0.00588235294118	0.0117647058824	0	0.0117647058824	0.0176470588235	0.0352941176471	0.794117647059	
0.0352941176471	0.0117647058824	0.0529411764706	0.0176470588235	0.00588235294118	0	0.00588235294118	0.00588235294118	0.0294117647059	0.00588235294118	0.829411764706	
0.0352941176471	0.0294117647059	0.0352941176471	0.0117647058824	0	0.0235294117647	0.00588235294118	0.0176470588235	0.00588235294118	0.0176470588235	0.817647058824	
0.0117647058824	0.0235294117647	0.0647058823529	0.00588235294118	0.00588235294118	0.00588235294118	0.00588235294118	0.0117647058824	0.0117647058824	0.0352941176471	0.817647058824	
0.0294117647059	0.0294117647059	0.0529411764706	0.0117647058824	0.00588235294118	0.00588235294118	0	0.0176470588235	0	0.0176470588235	0.829411764706	
0.0117647058824	0.0529411764706	0.0588235294118	0.00588235294118	0.0176470588235	0.0294117647059	0.00588235294118	0.0176470588235	0.00588235294118	0.0294117647059	0.764705882353	
0.0294117647059	0.0352941176471	0.0470588235294	0.0294117647059	0.0176470588235	0.0176470588235	0.00588235294118	0.00588235294118	0.0117647058824	0.0176470588235	0.782352941176	
0.0117647058824	0.0117647058824	0.0470588235294	0.0176470588235	0.0117647058824	0.0176470588235	0	0.0117647058824	0.0294117647059	0.0117647058824	0.829411764706	
0	0.0470588235294	0.0470588235294	0.0176470588235	0	0.0176470588235	0	0.0235294117647	0.0176470588235	0.0235294117647	0.805882352941	
0.0176470588235	0.0176470588235	0.0588235294118	0.00588235294118	0	0.0117647058824	0	0.0117647058824	0.00588235294118	0	0.870588235294	
0.0352941176471	0.0411764705882	0.00588235294118	0.00588235294118	0	0.00588235294118	0.00588235294118	0	0.00588235294118	0.0117647058824	0.882352941176	
0.0176470588235	0.0352941176471	0.0941176470588	0.0294117647059	0.00588235294118	0.0176470588235	0	0.00588235294118	0.00588235294118	0.00588235294118	0.782352941176	
0.0235294117647	0.0176470588235	0.0411764705882	0.0176470588235	0.00588235294118	0.00588235294118	0	0.0117647058824	0.0117647058824	0.00588235294118	0.858823529412	
0.0176470588235	0.0352941176471	0.0470588235294	0.0117647058824	0.0117647058824	0.00588235294118	0	0.0117647058824	0.00588235294118	0.00588235294118	0.847058823529	
0.0352941176471	0.0235294117647	0.0411764705882	0.00588235294118	0	0.00588235294118	0.0117647058824	0	0.0235294117647	0.0117647058824	0.841176470588	
0.0294117647059	0.0176470588235	0.0647058823529	0	0	0.0176470588235	0	0.0117647058824	0.0235294117647	0.00588235294118	0.829411764706	
0.0176470588235	0.0411764705882	0.0529411764706	0.00588235294118	0.00588235294118	0.0176470588235	0.00588235294118	0.0117647058824	0	0.0176470588235	0.823529411765	
0.00588235294118	0.0235294117647	0.0411764705882	0.00588235294118	0	0.00588235294118	0.00588235294118	0.0294117647059	0	0.00588235294118	0.876470588235	
0.0176470588235	0.0294117647059	0.0705882352941	0.0117647058824	0	0.00588235294118	0	0.00588235294118	0.0117647058824	0.0117647058824	0.835294117647	
0.0294117647059	0.0294117647059	0.0647058823529	0.0176470588235	0.00588235294118	0.0294117647059	0.0117647058824	0.00588235294118	0	0.00588235294118	0.8	
0.0294117647059	0.0294117647059	0.0411764705882	0.0117647058824	0.00588235294118	0.00588235294118	0.0176470588235	0.0176470588235	0.0117647058824	0.0117647058824	0.817647058824	
0.0352941176471	0.0117647058824	0.0588235294118	0.0176470588235	0	0.00588235294118	0	0.00588235294118	0.00588235294118	0.0176470588235	0.841176470588	
0.0176470588235	0.0235294117647	0.0529411764706	0.0176470588235	0.00588235294118	0.00588235294118	0.0117647058824	0.0117647058824	0.0176470588235	0.0235294117647	0.811764705882	
0.0176470588235	0.0411764705882	0.0411764705882	0	0.00588235294118	0	0.0117647058824	0.0176470588235	0.00588235294118	0.0117647058824	0.847058823529	
0.0294117647059	0.0294117647059	0.0352941176471	0.0117647058824	0	0.0235294117647	0.0176470588235	0.0235294117647	0	0.0117647058824	0.817647058824	
0.0176470588235	0.0176470588235	0.0941176470588	0.00588235294118	0	0.0117647058824	0.00588235294118	0.0176470588235	0.0176470588235	0	0.811764705882	
0.0411764705882	0.0117647058824	0.0352941176471	0.00588235294118	0.00588235294118	0.00588235294118	0.00588235294118	0	0.0235294117647	0.0176470588235	0.847058823529	
0.0352941176471	0.0176470588235	0.0176470588235	0.00588235294118	0.0117647058824	0	0.0117647058824	0.0117647058824	0.0117647058824	0.0176470588235	0.858823529412	
0.0117647058824	0.0235294117647	0.0529411764706	0.0117647058824	0.00588235294118	0.0117647058824	0.0117647058824	0.0117647058824	0	0.00588235294118	0.852941176471	
0.0294117647059	0.0117647058824	0.0941176470588	0.0117647058824	0.0117647058824	0.0117647058824	0	0.00588235294118	0.0176470588235	0.0117647058824	0.794117647059	
0.0352941176471	0.0470588235294	0.0764705882353	0.0176470588235	0.0117647058824	0	0.0176470588235	0.00588235294118	0.0117647058824	0.0176470588235	0.758823529412	
0.0117647058824	0.00588235294118	0.0352941176471	0.0235294117647	0.0117647058824	0.00588235294118	0	0.0117647058824	0.0117647058824	0.00588235294118	0.876470588235	
0.0411764705882	0.0235294117647	0.0647058823529	0.00588235294118	0.00588235294118	0.0117647058824	0	0.0117647058824	0.00588235294118	0	0.829411764706	
0.0117647058824	0.0294117647059	0.0411764705882	0.0117647058824	0.00588235294118	0.0176470588235	0.0117647058824	0.0117647058824	0.0117647058824	0.0176470588235	0.829411764706	
0.0117647058824	0.0176470588235	0.0529411764706	0.0176470588235	0.00588235294118	0.0117647058824	0.0117647058824	0.0117647058824	0.0235294117647	0.0117647058824	0.823529411765	
0.0352941176471	0.0235294117647	0.0529411764706	0.0235294117647	0.00588235294118	0.00588235294118	0.00588235294118	0.00588235294118	0.00588235294118	0	0.835294117647	
0.0176470588235	0.0117647058824	0.0470588235294	0.0117647058824	0	0.00588235294118	0.00588235294118	0.0117647058824	0.0176470588235	0.00588235294118	0.864705882353	
0.0176470588235	0.0235294117647	0.0294117647059	0.0235294117647	0.00588235294118	0.0117647058824	0	0.0176470588235	0.0176470588235	0	0.852941176471	
0.0176470588235	0.0176470588235	0.0411764705882	0.00588235294118	0.0117647058824	0.00588235294118	0.0117647058824	0	0.0176470588235	0.00588235294118	0.864705882353	
0.0176470588235	0.0235294117647	0.0352941176471	0.0176470588235	0.00588235294118	0.0117647058824	0.00588235294118	0.0411764705882	0.0117647058824	0.0117647058824	0.817647058824	
0.0176470588235	0.0117647058824	0.0352941176471	0.0176470588235	0.0117647058824	0.0176470588235	0.0117647058824	0.0176470588235	0	0.0117647058824	0.847058823529	
0.0117647058824	0.0176470588235	0.0352941176471	0.0117647058824	0	0.0117647058824	0	0.0176470588235	0.0117647058824	0	0.882352941176	
0.0235294117647	0.0352941176471	0.0647058823529	0.0235294117647	0.0117647058824	0.0117647058824	0.00588235294118	0.0117647058824	0.00588235294118	0.0176470588235	0.788235294118	
0.0176470588235	0.0176470588235	0.0529411764706	0	0.00588235294118	0.0117647058824	0.0176470588235	0.0117647058824	0.00588235294118	0.00588235294118	0.852941176471	
0.0235294117647	0.0176470588235	0.0176470588235	0.00588235294118	0	0	0	0.0235294117647	0	0.0176470588235	0.894117647059	
0.0235294117647	0.0117647058824	0.0705882352941	0.0176470588235	0	0	0	0.0176470588235	0.0117647058824	0	0.847058823529	
0.0235294117647	0.0117647058824	0.0352941176471	0.00588235294118	0.00588235294118	0.00588235294118	0.0117647058824	0.0176470588235	0.0117647058824	0.0294117647059	0.841176470588	
0.0294117647059	0.0470588235294	0.0294117647059	0.00588235294118	0.00588235294118	0.0235294117647	0.00588235294118	0.0117647058824	0.0235294117647	0.0352941176471	0.782352941176	
0.0235294117647	0.0117647058824	0.0294117647059	0.0294117647059	0.0117647058824	0.0235294117647	0	0.0176470588235	0.0117647058824	0.0235294117647	0.817647058824	
0.0411764705882	0.0176470588235	0.0823529411765	0.0176470588235	0	0.0117647058824	0.0117647058824	0.0117647058824	0.0117647058824	0.00588235294118	0.788235294118	
0.0117647058824	0.0294117647059	0.0529411764706	0	0	0	0.00588235294118	0.0117647058824	0.0176470588235	0.0117647058824	0.858823529412	
0.0294117647059	0.0294117647059	0.0470588235294	0.0176470588235	0	0	0	0.0117647058824	0	0.00588235294118	0.858823529412	
0.0294117647059	0.0235294117647	0.0176470588235	0.0117647058824	0.0117647058824	0	0.0176470588235	0.0294117647059	0	0.0176470588235	0.841176470588	
0.0235294117647	0.0411764705882	0.0294117647059	0.0117647058824	0	0.0117647058824	0.0117647058824	0	0	0.0235294117647	0.847058823529	
0.0176470588235	0.0235294117647	0.0176470588235	0	0.00588235294118	0	0.0117647058824	0	0.0176470588235	0.0117647058824	0.894117647059	
0.0411764705882	0.0117647058824	0.0470588235294	0.00588235294118	0.00588235294118	0.0176470588235	0.0117647058824	0.00588235294118	0.0235294117647	0.0117647058824	0.817647058824	
0.0117647058824	0.0352941176471	0.0705882352941	0.0117647058824	0.0176470588235	0.0117647058824	0	0.0176470588235	0.0117647058824	0.00588235294118	0.805882352941	
0.0117647058824	0.0235294117647	0.0529411764706	0.0117647058824	0.00588235294118	0.00588235294118	0.00588235294118	0	0.0294117647059	0.0176470588235	0.835294117647	
0.0176470588235	0.0294117647059	0.0529411764706	0.00588235294118	0	0.00588235294118	0.0117647058824	0.0235294117647	0	0.0117647058824	0.841176470588	
0.0235294117647	0.0235294117647	0.0294117647059	0.0176470588235	0.0176470588235	0.0294117647059	0.00588235294118	0.0235294117647	0.0176470588235	0.0117647058824	0.8	
0.0235294117647	0.0294117647059	0.0764705882353	0.00588235294118	0	0.0176470588235	0.0176470588235	0.0117647058824	0.00588235294118	0.00588235294118	0.805882352941	
0.0235294117647	0.0176470588235	0.0529411764706	0.0117647058824	0.00588235294118	0.00588235294118	0	0.0235294117647	0	0.00588235294118	0.852941176471	
0.0352941176471	0.0176470588235	0.0705882352941	0.0235294117647	0.00588235294118	0.0117647058824	0.00588235294118	0	0	0.0235294117647	0.805882352941	
0.0235294117647	0.0176470588235	0.0529411764706	0.00588235294118	0.00588235294118	0.00588235294118	0.0117647058824	0.00588235294118	0.00588235294118	0.0176470588235	0.847058823529	
0.0294117647059	0.0352941176471	0.0705882352941	0.00588235294118	0	0.0294117647059	0.0176470588235	0	0.00588235294118	0.0176470588235	0.788235294118	
0.0294117647059	0.0117647058824	0.0411764705882	0.0294117647059	0.00588235294118	0.0117647058824	0.00588235294118	0.0117647058824	0.00588235294118	0.0176470588235	0.829411764706	
0.00588235294118	0.00588235294118	0.0235294117647	0	0.00588235294118	0.0294117647059	0.00588235294118	0.00588235294118	0.0117647058824	0.0176470588235	0.888235294118	
0.0470588235294	0.0529411764706	0.0529411764706	0.00588235294118	0	0.00588235294118	0.0117647058824	0.00588235294118	0.0117647058824	0.00588235294118	0.8	
0.0176470588235	0.00588235294118	0.0823529411765	0.0176470588235	0.00588235294118	0.0176470588235	0.0117647058824	0.0235294117647	0.0294117647059	0.00588235294118	0.782352941176	
0.0294117647059	0.0294117647059	0.0176470588235	0.0117647058824	0	0.0176470588235	0.0235294117647	0.0117647058824	0	0.0294117647059	0.829411764706	
0.0176470588235	0.00588235294118	0.1	0	0	0.00588235294118	0.00588235294118	0.0117647058824	0.00588235294118	0	0.847058823529	
0.00588235294118	0.00588235294118	0.0235294117647	0.0117647058824	0.0117647058824	0.00588235294118	0.0176470588235	0.00588235294118	0.0352941176471	0	0.876470588235	
0.0294117647059	0.0235294117647	0.0470588235294	0.00588235294118	0.00588235294118	0.0176470588235	0.0117647058824	0.0235294117647	0.0235294117647	0.0176470588235	0.794117647059	
0.0294117647059	0.0176470588235	0.0352941176471	0.00588235294118	0.0176470588235	0.0176470588235	0.0176470588235	0.0235294117647	0.0117647058824	0.0117647058824	0.811764705882	
0.0294117647059	0.0235294117647	0.0176470588235	0.0117647058824	0.00588235294118	0.00588235294118	0.00588235294118	0.00588235294118	0	0.0176470588235	0.876470588235	
0.0294117647059	0.0352941176471	0.0294117647059	0.0235294117647	0.0117647058824	0.0117647058824	0.00588235294118	0.0117647058824	0.0235294117647	0.0117647058824	0.805882352941	
0.0294117647059	0.0294117647059	0.0588235294118	0.0117647058824	0	0	0	0.0176470588235	0	0.00588235294118	0.847058823529	
0	0.0176470588235	0.0176470588235	0.00588235294118	0	0	0.0117647058824	0	0.0176470588235	0.0176470588235	0.911764705882	
0.0235294117647	0.0294117647059	0.0352941176471	0.0176470588235	0	0.0176470588235	0.0117647058824	0.0117647058824	0.0176470588235	0.00588235294118	0.829411764706	
0.0352941176471	0.0176470588235	0.0352941176471	0.0117647058824	0	0.0117647058824	0	0.0117647058824	0.0117647058824	0.00588235294118	0.858823529412	
0.0176470588235	0.0352941176471	0.0529411764706	0.0117647058824	0.00588235294118	0	0	0.0176470588235	0.0176470588235	0.00588235294118	0.835294117647	
0.0470588235294	0.0294117647059	0.0411764705882	0.00588235294118	0.0117647058824	0	0.00588235294118	0.0117647058824	0.0176470588235	0	0.829411764706	
0.0294117647059	0.0294117647059	0.0411764705882	0	0.0117647058824	0.00588235294118	0	0	0.00588235294118	0	0.876470588235	
0.0411764705882	0.0117647058824	0.0529411764706	0.0117647058824	0.00588235294118	0.0117647058824	0.0117647058824	0.0176470588235	0.0176470588235	0.0117647058824	0.805882352941	
0.0235294117647	0.0117647058824	0.00588235294118	0	0	0.0235294117647	0.0176470588235	0.0117647058824	0.0117647058824	0.0176470588235	0.876470588235	
0.0176470588235	0.0235294117647	0	0.0176470588235	0.00588235294118	0.0235294117647	0.0117647058824	0.0235294117647	0.00588235294118	0.00588235294118	0.864705882353	
0.0294117647059	0.0352941176471	0	0.00588235294118	0	0.00588235294118	0.0176470588235	0.00588235294118	0.0117647058824	0.00588235294118	0.882352941176	
0	0	0	0.0117647058824	0.00588235294118	0.0235294117647	0.0176470588235	0.0117647058824	0.0411764705882	0.0117647058824	0.876470588235	
0.00588235294118	0	0	0.00588235294118	0	0.0117647058824	0.00588235294118	0.0176470588235	0.0117647058824	0.0176470588235	0.923529411765	
0	0	0	0.0176470588235	0	0.0294117647059	0	0.00588235294118	0.0235294117647	0.00588235294118	0.917647058824	
0.0294117647059	0.0294117647059	0.0352941176471	0.00588235294118	0	0.0117647058824	0.0117647058824	0.0176470588235	0	0	0.858823529412	
0.0176470588235	0.0294117647059	0.0411764705882	0	0.00588235294118	0.00588235294118	0.00588235294118	0.00588235294118	0.00588235294118	0.0235294117647	0.858823529412	
0.0352941176471	0.0352941176471	0.0411764705882	0.00588235294118	0.00588235294118	0.0117647058824	0	0.00588235294118	0.0235294117647	0.0235294117647	0.811764705882	
0.0588235294118	0.0352941176471	0.0823529411765	0	0.00588235294118	0.0117647058824	0	0.00588235294118	0	0.00588235294118	0.794117647059	
0.0294117647059	0.0294117647059	0.0411764705882	0.0235294117647	0.00588235294118	0.00588235294118	0.00588235294118	0.0117647058824	0.00588235294118	0.0176470588235	0.823529411765	
0.0176470588235	0.0294117647059	0.0470588235294	0.00588235294118	0	0.0235294117647	0.00588235294118	0	0.0117647058824	0.0235294117647	0.835294117647	
0.0235294117647	0.0411764705882	0.0470588235294	0	0.0176470588235	0.0176470588235	0.0235294117647	0.0117647058824	0.0235294117647	0.0117647058824	0.782352941176	
0.00588235294118	0.0352941176471	0.0294117647059	0	0.0117647058824	0.0235294117647	0	0.00588235294118	0.0117647058824	0	0.876470588235	
0.0117647058824	0.0117647058824	0.0529411764706	0.0117647058824	0	0.0117647058824	0.0117647058824	0.0117647058824	0.0117647058824	0.0294117647059	0.835294117647	
0.0294117647059	0.0235294117647	0.0470588235294	0.00588235294118	0.00588235294118	0	0.0117647058824	0.00588235294118	0.0294117647059	0	0.841176470588	
0.0411764705882	0.0117647058824	0.0529411764706	0	0.00588235294118	0.0176470588235	0.0176470588235	0.0117647058824	0.0117647058824	0.0117647058824	0.817647058824	
0.00588235294118	0.0176470588235	0.0647058823529	0.0176470588235	0.00588235294118	0.00588235294118	0.00588235294118	0.0117647058824	0.0117647058824	0.00588235294118	0.847058823529	
0.0294117647059	0.0117647058824	0.0470588235294	0.00588235294118	0.0176470588235	0.00588235294118	0.00588235294118	0.00588235294118	0.0294117647059	0.00588235294118	0.835294117647	
0.0235294117647	0.00588235294118	0.0823529411765	0.0117647058824	0.00588235294118	0.0235294117647	0	0.0235294117647	0.00588235294118	0.00588235294118	0.811764705882	
0.00588235294118	0.0235294117647	0.0529411764706	0.00588235294118	0.00588235294118	0.0117647058824	0.0117647058824	0.0117647058824	0	0.0176470588235	0.852941176471	
0.0294117647059	0.0176470588235	0.0294117647059	0	0.00588235294118	0.00588235294118	0.00588235294118	0.0176470588235	0.0176470588235	0.00588235294118	0.864705882353	
0.0294117647059	0.0117647058824	0.0470588235294	0.0117647058824	0.0117647058824	0.0411764705882	0.0235294117647	0.0176470588235	0.0235294117647	0.0117647058824	0.770588235294	
0.00588235294118	0.0176470588235	0.0705882352941	0.00588235294118	0.00588235294118	0.00588235294118	0.00588235294118	0.00588235294118	0.0117647058824	0.0352941176471	0.829411764706	
0.0352941176471	0.0352941176471	0.0352941176471	0.0117647058824	0	0.00588235294118	0.00588235294118	0.0117647058824	0	0.0117647058824	0.847058823529	
0.0176470588235	0.0176470588235	0.0411764705882	0.0294117647059	0	0.0176470588235	0.00588235294118	0.0117647058824	0.0235294117647	0.00588235294118	0.829411764706	
0.0176470588235	0.0235294117647	0.0470588235294	0	0	0.0176470588235	0.0294117647059	0.00588235294118	0.0117647058824	0.00588235294118	0.841176470588	
0.0294117647059	0.0117647058824	0.0352941176471	0.0117647058824	0	0.00588235294118	0.0235294117647	0.0176470588235	0.0117647058824	0.0294117647059	0.823529411765	
0.0117647058824	0.00588235294118	0.0764705882353	0.00588235294118	0.00588235294118	0.0117647058824	0.00588235294118	0.00588235294118	0.0176470588235	0.0235294117647	0.829411764706	
0.0294117647059	0.0176470588235	0.0529411764706	0.0176470588235	0.0117647058824	0.0176470588235	0.00588235294118	0.00588235294118	0.0117647058824	0	0.829411764706	
0.0235294117647	0.0352941176471	0.0705882352941	0.00588235294118	0.00588235294118	0.0176470588235	0.0117647058824	0	0.0117647058824	0	0.817647058824	
0.0117647058824	0.0176470588235	0.0705882352941	0.00588235294118	0.0117647058824	0.00588235294118	0	0.00588235294118	0.0117647058824	0.0176470588235	0.841176470588	
0.0470588235294	0.0235294117647	0.0588235294118	0.0294117647059	0.00588235294118	0.0176470588235	0.0117647058824	0	0	0.0117647058824	0.794117647059	
0.0235294117647	0.0235294117647	0.0647058823529	0.00588235294118	0.0117647058824	0.00588235294118	0.00588235294118	0.0117647058824	0	0.0117647058824	0.835294117647	
0.00588235294118	0.0117647058824	0.0588235294118	0.0235294117647	0.00588235294118	0	0.00588235294118	0.0117647058824	0.0117647058824	0.00588235294118	0.858823529412	
0.0235294117647	0.0352941176471	0.0470588235294	0.00588235294118	0.00588235294118	0.0117647058824	0	0.0235294117647	0.00588235294118	0.0176470588235	0.823529411765	
0.0352941176471	0.0294117647059	0.0411764705882	0.0235294117647	0	0	0	0.0117647058824	0.0176470588235	0.0117647058824	0.829411764706	
0.0235294117647	0.0176470588235	0.0588235294118	0.0176470588235	0	0.0352941176471	0.00588235294118	0.00588235294118	0.0117647058824	0.0176470588235	0.805882352941	
0.0352941176471	0.0176470588235	0.0470588235294	0.0117647058824	0.00588235294118	0.0117647058824	0.00588235294118	0.00588235294118	0	0	0.858823529412	
0.0529411764706	0.0235294117647	0.0529411764706	0.0176470588235	0.0176470588235	0.00588235294118	0.0235294117647	0.0117647058824	0.0235294117647	0.0176470588235	0.752941176471	
0.0294117647059	0.0294117647059	0.0470588235294	0.0176470588235	0	0.00588235294118	0.0117647058824	0.0117647058824	0.0235294117647	0.0117647058824	0.811764705882	
0.0294117647059	0.0117647058824	0.0470588235294	0.00588235294118	0.0117647058824	0	0	0	0.00588235294118	0.0235294117647	0.864705882353	
0.0352941176471	0.0235294117647	0.0647058823529	0.00588235294118	0.00588235294118	0	0.0117647058824	0.00588235294118	0.00588235294118	0	0.841176470588	
0.0176470588235	0.0411764705882	0.0470588235294	0.00588235294118	0.00588235294118	0.0117647058824	0	0.0235294117647	0	0.00588235294118	0.841176470588	
0.0235294117647	0.00588235294118	0.0411764705882	0.0235294117647	0.0176470588235	0.0117647058824	0.0117647058824	0.0117647058824	0	0.0117647058824	0.841176470588	
0.0352941176471	0.0235294117647	0.0352941176471	0.0235294117647	0	0.0176470588235	0.00588235294118	0	0.0117647058824	0	0.847058823529	
0.0117647058824	0.0235294117647	0.0294117647059	0	0.00588235294118	0.0294117647059	0	0.00588235294118	0.0235294117647	0.0352941176471	0.835294117647	
0.0235294117647	0.0176470588235	0.0176470588235	0.0294117647059	0	0	0.00588235294118	0.00588235294118	0.0176470588235	0.0176470588235	0.864705882353	
0.0294117647059	0.0176470588235	0.0117647058824	0.00588235294118	0.0176470588235	0	0.00588235294118	0.0117647058824	0.00588235294118	0.00588235294118	0.888235294118	
0.0529411764706	0.0294117647059	0.0764705882353	0.0235294117647	0.00588235294118	0.00588235294118	0.00588235294118	0.0117647058824	0.0176470588235	0.0117647058824	0.758823529412	
0.0294117647059	0.0352941176471	0.0705882352941	0.0235294117647	0.0117647058824	0.0117647058824	0.00588235294118	0.00588235294118	0.00588235294118	0.0176470588235	0.782352941176	
0.0176470588235	0.0117647058824	0.0411764705882	0.0176470588235	0	0.00588235294118	0	0	0.0117647058824	0.0117647058824	0.882352941176	
0.0176470588235	0.0411764705882	0.0588235294118	0.0176470588235	0	0.00588235294118	0	0.0235294117647	0	0.0235294117647	0.811764705882	
0.0235294117647	0.00588235294118	0.0470588235294	0.0176470588235	0	0.0176470588235	0.0117647058824	0.0117647058824	0.0176470588235	0.0117647058824	0.835294117647	
0.0294117647059	0.0411764705882	0.0588235294118	0.00588235294118	0.0117647058824	0.00588235294118	0.00588235294118	0.0117647058824	0.00588235294118	0.0294117647059	0.794117647059	
0.0176470588235	0.0235294117647	0.0529411764706	0.00588235294118	0.0117647058824	0.0117647058824	0.00588235294118	0.0411764705882	0.0176470588235	0.0294117647059	0.782352941176	
0.0294117647059	0.0176470588235	0.0352941176471	0.0117647058824	0.0117647058824	0.0176470588235	0.0117647058824	0.0176470588235	0.0294117647059	0.00588235294118	0.811764705882	
0.0235294117647	0.0294117647059	0.0588235294118	0.00588235294118	0	0.00588235294118	0.00588235294118	0.0176470588235	0	0.00588235294118	0.847058823529	
0.0176470588235	0.0117647058824	0.0470588235294	0.0176470588235	0.00588235294118	0.00588235294118	0.00588235294118	0.0117647058824	0.0117647058824	0	0.864705882353	
0.0294117647059	0.0235294117647	0.0470588235294	0.00588235294118	0	0.0176470588235	0.00588235294118	0.0117647058824	0.00588235294118	0.0235294117647	0.829411764706	
0.0176470588235	0.0117647058824	0.0588235294118	0.0117647058824	0	0	0	0.0117647058824	0.0294117647059	0.0117647058824	0.847058823529	
0.0294117647059	0.0117647058824	0.0176470588235	0.0117647058824	0	0.00588235294118	0	0.0235294117647	0.0117647058824	0.0294117647059	0.858823529412	
0.00588235294118	0.0352941176471	0.0176470588235	0.0117647058824	0	0.0117647058824	0.00588235294118	0.0117647058824	0.0117647058824	0.0117647058824	0.876470588235	
0.0352941176471	0.0235294117647	0.0588235294118	0	0.00588235294118	0.0117647058824	0	0.00588235294118	0.00588235294118	0.0176470588235	0.835294117647	
0.0117647058824	0.0294117647059	0.0176470588235	0.0176470588235	0.00588235294118	0.0352941176471	0	0.0117647058824	0.0294117647059	0	0.841176470588	
0.0294117647059	0.0235294117647	0.0294117647059	0	0.00588235294118	0.0176470588235	0	0.00588235294118	0.0176470588235	0	0.870588235294	
0.0352941176471	0.0176470588235	0.0823529411765	0.0176470588235	0	0.00588235294118	0.00588235294118	0.0176470588235	0.0117647058824	0	0.805882352941	
0.0411764705882	0.0352941176471	0.0294117647059	0.0352941176471	0	0.0235294117647	0.00588235294118	0.0117647058824	0.0176470588235	0.00588235294118	0.794117647059	
0.0235294117647	0.0294117647059	0.0647058823529	0	0	0.0235294117647	0.00588235294118	0.00588235294118	0	0.0176470588235	0.829411764706	
0.0294117647059	0.0294117647059	0.0294117647059	0.0117647058824	0.0176470588235	0	0.0176470588235	0.0176470588235	0.00588235294118	0.0117647058824	0.829411764706	
0.00588235294118	0.0235294117647	0.0470588235294	0.0117647058824	0.00588235294118	0.0117647058824	0.00588235294118	0.0117647058824	0.0117647058824	0.0117647058824	0.852941176471	
0.0176470588235	0.0235294117647	0.0411764705882	0.0294117647059	0	0.0117647058824	0.00588235294118	0.0117647058824	0.0117647058824	0.0117647058824	0.835294117647	
0.0235294117647	0.0294117647059	0.0411764705882	0	0	0.0176470588235	0.0176470588235	0.0117647058824	0.0117647058824	0	0.847058823529	
0.0117647058824	0.0235294117647	0.0823529411765	0.0294117647059	0.00588235294118	0	0.0176470588235	0.0176470588235	0.00588235294118	0.00588235294118	0.8	
0.0235294117647	0.0352941176471	0.0176470588235	0.00588235294118	0.00588235294118	0.00588235294118	0.0117647058824	0	0	0.0176470588235	0.876470588235	
0.0176470588235	0.0235294117647	0.0352941176471	0.0117647058824	0.00588235294118	0.0235294117647	0.00588235294118	0.00588235294118	0.0176470588235	0.00588235294118	0.847058823529	
0.0235294117647	0.0235294117647	0.0529411764706	0.0176470588235	0	0.0176470588235	0.0117647058824	0.00588235294118	0.0117647058824	0.00588235294118	0.829411764706	
0.0294117647059	0.0176470588235	0.0823529411765	0.0176470588235	0.0176470588235	0.0411764705882	0.0117647058824	0.00588235294118	0.0117647058824	0.00588235294118	0.758823529412	
0.0117647058824	0.0235294117647	0.0588235294118	0.0235294117647	0	0	0.0176470588235	0.0176470588235	0.00588235294118	0.0176470588235	0.823529411765	
0.0117647058824	0.0117647058824	0.0647058823529	0.00588235294118	0.00588235294118	0.0176470588235	0.0176470588235	0.0235294117647	0	0.00588235294118	0.835294117647	
0.0470588235294	0.0235294117647	0.0235294117647	0.00588235294118	0.00588235294118	0.00588235294118	0.00588235294118	0	0.0176470588235	0.00588235294118	0.858823529412	
0.0176470588235	0.0352941176471	0.0294117647059	0.0117647058824	0	0.0176470588235	0.00588235294118	0.00588235294118	0.00588235294118	0	0.870588235294	
0.0176470588235	0.0176470588235	0.0764705882353	0	0	0.0235294117647	0.0176470588235	0	0.0117647058824	0.00588235294118	0.829411764706	
0.0117647058824	0.0117647058824	0.0647058823529	0.0117647058824	0.00588235294118	0.0176470588235	0.0176470588235	0.0176470588235	0	0.0117647058824	0.829411764706	
0.0588235294118	0.0235294117647	0.0352941176471	0.0117647058824	0.00588235294118	0	0.0235294117647	0	0.0176470588235	0	0.823529411765	
0.0294117647059	0.0235294117647	0.0294117647059	0.00588235294118	0.00588235294118	0.0117647058824	0.0117647058824	0.0176470588235	0.0117647058824	0.00588235294118	0.847058823529	
0.0235294117647	0.0352941176471	0.0529411764706	0.0117647058824	0	0.0117647058824	0	0	0.00588235294118	0.0117647058824	0.847058823529	
0.0235294117647	0.0176470588235	0.0588235294118	0.0117647058824	0.00588235294118	0.0117647058824	0.0117647058824	0.0117647058824	0	0	0.847058823529	
0.0176470588235	0.0294117647059	0.0411764705882	0	0	0.0294117647059	0.0117647058824	0.00588235294118	0.00588235294118	0.0117647058824	0.847058823529	
0.0352941176471	0.0176470588235	0.0529411764706	0.0117647058824	0.00588235294118	0.00588235294118	0.0117647058824	0.0176470588235	0.0176470588235	0.00588235294118	0.817647058824	
0.0294117647059	0.0176470588235	0.0588235294118	0.0117647058824	0.00588235294118	0.00588235294118	0.00588235294118	0.0117647058824	0.0294117647059	0.0294117647059	0.794117647059	
0.0176470588235	0	0.0352941176471	0.00588235294118	0	0	0.00588235294118	0.0176470588235	0.0176470588235	0.00588235294118	0.894117647059	
0.0294117647059	0.0294117647059	0.0529411764706	0.00588235294118	0.00588235294118	0.0117647058824	0.00588235294118	0.0235294117647	0.0117647058824	0.00588235294118	0.817647058824	
0.0176470588235	0.0235294117647	0.0588235294118	0	0.0117647058824	0.0176470588235	0.0117647058824	0.0176470588235	0.00588235294118	0.0176470588235	0.817647058824	
0.0294117647059	0.0176470588235	0.0882352941176	0.00588235294118	0.0117647058824	0.00588235294118	0.0176470588235	0.00588235294118	0.00588235294118	0.0235294117647	0.788235294118	
0.0411764705882	0.0529411764706	0.0705882352941	0.0117647058824	0.0117647058824	0.00588235294118	0	0.00588235294118	0.0117647058824	0.0117647058824	0.776470588235	
0.0176470588235	0.0176470588235	0.0411764705882	0.00588235294118	0	0.00588235294118	0.00588235294118	0.0117647058824	0.0117647058824	0.00588235294118	0.876470588235	
0.0117647058824	0.0117647058824	0.0470588235294	0.0117647058824	0.0235294117647	0.00588235294118	0	0.0176470588235	0	0.00588235294118	0.864705882353	
0.00588235294118	0.0235294117647	0.0411764705882	0.0294117647059	0	0.0176470588235	0	0.00588235294118	0.0235294117647	0.00588235294118	0.847058823529	
0.0294117647059	0.0352941176471	0.0117647058824	0.00588235294118	0	0.0176470588235	0.00588235294118	0.0235294117647	0.00588235294118	0.0117647058824	0.852941176471	
0.0294117647059	0.0411764705882	0.0647058823529	0.00588235294118	0	0.00588235294118	0.0176470588235	0.0176470588235	0.0235294117647	0.00588235294118	0.788235294118	
0.0235294117647	0.0352941176471	0.0529411764706	0.0176470588235	0.00588235294118	0	0.0294117647059	0.0294117647059	0	0.00588235294118	0.8	
0.0117647058824	0.0352941176471	0.0647058823529	0.0117647058824	0.00588235294118	0.00588235294118	0	0.0117647058824	0.0117647058824	0.0176470588235	0.823529411765	
0	0.0352941176471	0.0764705882353	0.0176470588235	0	0.00588235294118	0	0.0176470588235	0.0117647058824	0.00588235294118	0.829411764706	
0.0294117647059	0.0176470588235	0.0647058823529	0.00588235294118	0.0176470588235	0.0117647058824	0.00588235294118	0.00588235294118	0.0176470588235	0.00588235294118	0.817647058824	
0.0294117647059	0.0294117647059	0.0529411764706	0.0117647058824	0.0117647058824	0.00588235294118	0.0117647058824	0	0.0117647058824	0.0176470588235	0.817647058824	
0.0117647058824	0.0235294117647	0.0588235294118	0	0	0.0117647058824	0.00588235294118	0.00588235294118	0.00588235294118	0.00588235294118	0.870588235294	
0.0411764705882	0.0176470588235	0.0411764705882	0.00588235294118	0.00588235294118	0.0176470588235	0.00588235294118	0.00588235294118	0.0176470588235	0	0.841176470588	
0.0235294117647	0.0294117647059	0.0235294117647	0.00588235294118	0.0117647058824	0.00588235294118	0.00588235294118	0.0117647058824	0.0294117647059	0.0117647058824	0.841176470588	
0.0294117647059	0.00588235294118	0.0235294117647	0.0176470588235	0.0294117647059	0.00588235294118	0	0.0117647058824	0.0176470588235	0	0.858823529412	
0.0176470588235	0.00588235294118	0.0294117647059	0.0294117647059	0.0117647058824	0.00588235294118	0	0.00588235294118	0.00588235294118	0.0294117647059	0.858823529412	
0.0117647058824	0.0352941176471	0.0941176470588	0.00588235294118	0.0117647058824	0.0117647058824	0.0117647058824	0.00588235294118	0.0117647058824	0.0235294117647	0.776470588235	
0.0176470588235	0.0294117647059	0.0588235294118	0.00588235294118	0.00588235294118	0.0176470588235	0	0.0117647058824	0.0176470588235	0	0.835294117647	
0.0176470588235	0.0235294117647	0.0235294117647	0.00588235294118	0	0.0117647058824	0.0117647058824	0.0176470588235	0.0235294117647	0.0176470588235	0.847058823529	
0.0176470588235	0.0176470588235	0.0352941176471	0	0.0117647058824	0.0235294117647	0	0.00588235294118	0.0176470588235	0.0117647058824	0.858823529412	
0.0294117647059	0.0352941176471	0.0705882352941	0.0117647058824	0	0.0176470588235	0.0117647058824	0.0235294117647	0	0.0117647058824	0.788235294118	
0.0235294117647	0.0294117647059	0.0411764705882	0.0294117647059	0	0.0117647058824	0.0235294117647	0.0117647058824	0.00588235294118	0.0117647058824	0.811764705882	
0.0176470588235	0.0294117647059	0.0647058823529	0.0117647058824	0.00588235294118	0.0176470588235	0.0117647058824	0.0176470588235	0	0	0.823529411765	
0.00588235294118	0.0294117647059	0.0352941176471	0.0176470588235	0	0.0235294117647	0.0117647058824	0.0117647058824	0	0.0117647058824	0.852941176471	
0.0352941176471	0.0176470588235	0.0705882352941	0.0352941176471	0	0.0235294117647	0	0.00588235294118	0.0294117647059	0	0.782352941176	
0.0235294117647	0.0352941176471	0.0470588235294	0.0235294117647	0.00588235294118	0.00588235294118	0	0.0117647058824	0	0.0294117647059	0.817647058824	
0.0294117647059	0.0294117647059	0.0647058823529	0.00588235294118	0.00588235294118	0.00588235294118	0.00588235294118	0.0117647058824	0.00588235294118	0.00588235294118	0.829411764706	
0.0176470588235	0.0411764705882	0.0470588235294	0.0352941176471	0.0117647058824	0.0117647058824	0.0117647058824	0.00588235294118	0	0.0176470588235	0.8	
0.0117647058824	0.0117647058824	0.0529411764706	0.00588235294118	0	0.00588235294118	0.0176470588235	0.0235294117647	0.00588235294118	0.0117647058824	0.852941176471	
0.0352941176471	0.0235294117647	0.0294117647059	0.0117647058824	0	0.0176470588235	0.0235294117647	0.00588235294118	0	0	0.852941176471	
0.00588235294118	0.0294117647059	0.0294117647059	0.00588235294118	0	0	0.0117647058824	0.0176470588235	0.00588235294118	0.0235294117647	0.870588235294	
0.0235294117647	0.0352941176471	0.0294117647059	0	0	0.00588235294118	0.0117647058824	0	0.0117647058824	0	0.882352941176	
0.0294117647059	0.0352941176471	0.0411764705882	0.00588235294118	0	0.00588235294118	0.00588235294118	0.0117647058824	0.0117647058824	0.0117647058824	0.841176470588	
0.0294117647059	0.0294117647059	0	0.0117647058824	0	0.00588235294118	0.00588235294118	0.0176470588235	0.00588235294118	0.0235294117647	0.870588235294	
0.0176470588235	0.0117647058824	0.00588235294118	0.00588235294118	0	0.0235294117647	0.0235294117647	0.0176470588235	0.0117647058824	0.0117647058824	0.870588235294	
0.0294117647059	0.0176470588235	0	0.00588235294118	0.00588235294118	0.0176470588235	0	0.00588235294118	0.00588235294118	0.0117647058824	0.9	
0	0	0	0	0.0117647058824	0.0176470588235	0.0117647058824	0.00588235294118	0.0176470588235	0.0176470588235	0.917647058824	
0	0	0	0	0	0.0117647058824	0.0117647058824	0.0117647058824	0.0176470588235	0	0.947058823529	
0	0	0	0	0	0.0176470588235	0.0176470588235	0.00588235294118	0	0.00588235294118	0.952941176471	
0.0176470588235	0.0235294117647	0.0411764705882	0.0176470588235	0	0.0117647058824	0	0.0176470588235	0.0117647058824	0.0176470588235	0.841176470588	
0.00588235294118	0.0176470588235	0.0470588235294	0.0176470588235	0	0.0117647058824	0.00588235294118	0	0.0117647058824	0.0176470588235	0.864705882353	
0.0235294117647	0.00588235294118	0.0529411764706	0.00588235294118	0.00588235294118	0.0294117647059	0	0.00588235294118	0.0117647058824	0.0294117647059	0.829411764706	
0.0176470588235	0.0294117647059	0.0588235294118	0	0	0	0.0176470588235	0.0235294117647	0.0176470588235	0.00588235294118	0.829411764706	
0.00588235294118	0.0411764705882	0.0647058823529	0.0117647058824	0.0117647058824	0.0235294117647	0.0294117647059	0.0294117647059	0.0176470588235	0.0117647058824	0.752941176471	
0.0294117647059	0.0235294117647	0.105882352941	0	0.00588235294118	0.00588235294118	0.0117647058824	0.00588235294118	0.0117647058824	0.0117647058824	0.788235294118	
0.0294117647059	0.0470588235294	0.0941176470588	0.0176470588235	0	0.0294117647059	0	0.0117647058824	0.0117647058824	0.00588235294118	0.752941176471	
0.0117647058824	0.0176470588235	0.0352941176471	0.00588235294118	0.00588235294118	0.0352941176471	0.00588235294118	0.00588235294118	0.0117647058824	0.00588235294118	0.858823529412	
0.00588235294118	0.0529411764706	0.0588235294118	0.0235294117647	0	0.0117647058824	0	0.0176470588235	0.0176470588235	0	0.811764705882	
0.00588235294118	0.0235294117647	0.0705882352941	0.0117647058824	0.00588235294118	0.00588235294118	0.0117647058824	0.00588235294118	0.0235294117647	0.00588235294118	0.829411764706	
0.00588235294118	0.00588235294118	0.0764705882353	0.0235294117647	0.00588235294118	0	0.00588235294118	0	0.00588235294118	0	0.870588235294	
0.00588235294118	0.0117647058824	0.0470588235294	0.0117647058824	0.0117647058824	0	0.0117647058824	0.0117647058824	0	0.00588235294118	0.882352941176	
0.0176470588235	0.0176470588235	0.0176470588235	0.0294117647059	0.0176470588235	0.0176470588235	0.0117647058824	0.0117647058824	0.00588235294118	0.0117647058824	0.841176470588	
0.00588235294118	0.0411764705882	0.0352941176471	0.0117647058824	0.00588235294118	0.0235294117647	0	0.00588235294118	0.0176470588235	0.0117647058824	0.841176470588	
0.0176470588235	0.0235294117647	0.0647058823529	0.0235294117647	0.00588235294118	0.00588235294118	0.00588235294118	0.0117647058824	0.00588235294118	0.00588235294118	0.829411764706	
0.0235294117647	0.0117647058824	0.0647058823529	0.00588235294118	0.0117647058824	0.0176470588235	0	0.0176470588235	0.00588235294118	0.0117647058824	0.829411764706	
0.0176470588235	0.0235294117647	0.0705882352941	0.00588235294118	0.0176470588235	0	0.0117647058824	0.0117647058824	0	0.00588235294118	0.835294117647	
0.0470588235294	0.0411764705882	0.0588235294118	0.0235294117647	0.00588235294118	0.00588235294118	0.00588235294118	0.0294117647059	0.00588235294118	0.0294117647059	0.747058823529	
0.00588235294118	0.0235294117647	0.0411764705882	0.0117647058824	0	0.0176470588235	0.0117647058824	0	0.0235294117647	0.0117647058824	0.852941176471	
0.0176470588235	0.0235294117647	0.0647058823529	0.0117647058824	0.00588235294118	0.0117647058824	0.0117647058824	0.0117647058824	0.00588235294118	0.0117647058824	0.823529411765	
0.00588235294118	0.0352941176471	0.0529411764706	0.0117647058824	0.0117647058824	0.0117647058824	0.0117647058824	0.0176470588235	0.0117647058824	0.0117647058824	0.817647058824	
0.0176470588235	0.0352941176471	0.0647058823529	0.0176470588235	0.0117647058824	0.0117647058824	0.00588235294118	0.00588235294118	0	0.00588235294118	0.823529411765	
0.0117647058824	0.0176470588235	0.0529411764706	0.00588235294118	0.00588235294118	0.0117647058824	0.0117647058824	0.0117647058824	0	0.00588235294118	0.864705882353	
0.0294117647059	0.0176470588235	0.0411764705882	0.00588235294118	0.0176470588235	0.0294117647059	0.0176470588235	0.0176470588235	0.0176470588235	0.0117647058824	0.794117647059	
0.00588235294118	0.00588235294118	0.0705882352941	0.00588235294118	0	0.0294117647059	0.00588235294118	0.00588235294118	0.00588235294118	0.0176470588235	0.847058823529	
0	0.0176470588235	0.0705882352941	0.00588235294118	0.00588235294118	0.0117647058824	0.00588235294118	0.0235294117647	0	0.0117647058824	0.847058823529	
0	0.0411764705882	0.0529411764706	0.0117647058824	0.0117647058824	0.0117647058824	0.00588235294118	0.00588235294118	0.0117647058824	0.0117647058824	0.835294117647	
0.0117647058824	0.0294117647059	0.0588235294118	0.00588235294118	0.0117647058824	0.00588235294118	0	0.0235294117647	0.0294117647059	0.0176470588235	0.805882352941	
0.0352941176471	0.0176470588235	0.0176470588235	0.0176470588235	0.0117647058824	0	0.00588235294118	0.00588235294118	0.0117647058824	0.0176470588235	0.858823529412	
0.0117647058824	0.0176470588235	0.0411764705882	0.0176470588235	0	0.0117647058824	0.00588235294118	0.0176470588235	0.0117647058824	0.0117647058824	0.852941176471	
0.0176470588235	0.0176470588235	0.0588235294118	0.0117647058824	0.0176470588235	0.0176470588235	0.0235294117647	0.0294117647059	0.00588235294118	0.0235294117647	0.776470588235	
0.0176470588235	0.0294117647059	0.0411764705882	0	0.0117647058824	0	0.0117647058824	0.00588235294118	0.0176470588235	0.0176470588235	0.847058823529	
0.0352941176471	0.0352941176471	0.0647058823529	0.0117647058824	0.0176470588235	0.00588235294118	0	0.00588235294118	0.00588235294118	0.00588235294118	0.811764705882	
0.0117647058824	0.00588235294118	0.0941176470588	0.00588235294118	0.00588235294118	0.0117647058824	0.00588235294118	0.00588235294118	0.0117647058824	0.0176470588235	0.823529411765	
0.0117647058824	0.0411764705882	0.0411764705882	0.0117647058824	0	0.0117647058824	0.0117647058824	0.00588235294118	0.0176470588235	0	0.847058823529	
0.0235294117647	0.0294117647059	0.0235294117647	0.0176470588235	0	0.0117647058824	0.0176470588235	0.0176470588235	0.0117647058824	0.0117647058824	0.835294117647	
0	0.0411764705882	0.0352941176471	0	0	0.0117647058824	0.0176470588235	0	0.0294117647059	0.0176470588235	0.847058823529	
0.0235294117647	0.0235294117647	0.0588235294118	0	0.00588235294118	0.0176470588235	0	0.0176470588235	0.00588235294118	0.0176470588235	0.829411764706	
0	0.0235294117647	0.0529411764706	0.00588235294118	0.00588235294118	0.0117647058824	0.00588235294118	0.0176470588235	0.0235294117647	0	0.852941176471	
0.0235294117647	0.0176470588235	0.0529411764706	0.00588235294118	0.00588235294118	0	0.0117647058824	0.00588235294118	0.0176470588235	0.0117647058824	0.847058823529	
0.00588235294118	0.0235294117647	0.0235294117647	0.0176470588235	0.00588235294118	0.0294117647059	0	0.0235294117647	0.0235294117647	0.0294117647059	0.817647058824	
0.0176470588235	0.0176470588235	0.0470588235294	0.0117647058824	0	0.00588235294118	0	0.0117647058824	0.00588235294118	0.00588235294118	0.876470588235	
0.0117647058824	0.0235294117647	0.0352941176471	0.0117647058824	0.0117647058824	0.0235294117647	0.0117647058824	0.00588235294118	0.0176470588235	0.0235294117647	0.823529411765	
0.00588235294118	0.0176470588235	0.0411764705882	0.0117647058824	0.0117647058824	0.0117647058824	0.0176470588235	0.0117647058824	0.0117647058824	0.00588235294118	0.852941176471	
0.0294117647059	0.0235294117647	0.0705882352941	0.0352941176471	0	0.00588235294118	0	0.00588235294118	0.0117647058824	0.0117647058824	0.805882352941	
0.0176470588235	0.0176470588235	0.0823529411765	0.0235294117647	0.0176470588235	0.00588235294118	0.0117647058824	0.00588235294118	0.0235294117647	0.00588235294118	0.788235294118	
0.0294117647059	0.0235294117647	0.0764705882353	0	0	0.00588235294118	0.0176470588235	0.0235294117647	0.0176470588235	0.0117647058824	0.794117647059	
0.0117647058824	0.00588235294118	0.0235294117647	0.0176470588235	0	0.0117647058824	0.0117647058824	0	0.0176470588235	0.0176470588235	0.882352941176	
0.0235294117647	0.0235294117647	0.0470588235294	0.0176470588235	0.00588235294118	0.0176470588235	0.0117647058824	0.0176470588235	0.0176470588235	0	0.817647058824	
0.0411764705882	0.0411764705882	0.0823529411765	0	0.00588235294118	0.0117647058824	0.00588235294118	0.00588235294118	0.00588235294118	0.0117647058824	0.788235294118	
0.0235294117647	0.0235294117647	0.0235294117647	0.0176470588235	0.00588235294118	0.0117647058824	0.00588235294118	0.00588235294118	0	0.00588235294118	0.876470588235	
0.0117647058824	0.0117647058824	0.105882352941	0.0294117647059	0	0.00588235294118	0.00588235294118	0.00588235294118	0.0117647058824	0.0411764705882	0.770588235294	
0.0411764705882	0.0176470588235	0.0647058823529	0.0235294117647	0.0117647058824	0.0176470588235	0.00588235294118	0.00588235294118	0.00588235294118	0.0352941176471	0.770588235294	
0.0176470588235	0.0117647058824	0.0529411764706	0.00588235294118	0.00588235294118	0.0117647058824	0.00588235294118	0.0117647058824	0.0117647058824	0.0176470588235	0.847058823529	
0	0.0352941176471	0.0647058823529	0.00588235294118	0.00588235294118	0.0117647058824	0	0.0117647058824	0.0294117647059	0.0235294117647	0.811764705882	
0.0235294117647	0.0470588235294	0.0411764705882	0.0117647058824	0	0.00588235294118	0.0176470588235	0	0	0.00588235294118	0.847058823529	
0	0.0470588235294	0.0470588235294	0.0117647058824	0.0176470588235	0	0.00588235294118	0	0.0117647058824	0.0176470588235	0.841176470588	
0.0176470588235	0.0235294117647	0.0529411764706	0.0176470588235	0	0.0176470588235	0.0176470588235	0.00588235294118	0	0.0117647058824	0.835294117647	
0.0352941176471	0.0411764705882	0.0588235294118	0.0235294117647	0.0176470588235	0.00588235294118	0.0176470588235	0.0117647058824	0.00588235294118	0.00588235294118	0.776470588235	
0.0176470588235	0.0294117647059	0.0411764705882	0.0176470588235	0.00588235294118	0.0176470588235	0.0117647058824	0.0176470588235	0.0176470588235	0.0117647058824	0.811764705882	
0.0117647058824	0.0470588235294	0.0352941176471	0.0235294117647	0.00588235294118	0	0	0.0176470588235	0.00588235294118	0.0117647058824	0.841176470588	
0.0117647058824	0.0411764705882	0.0588235294118	0.00588235294118	0	0.0176470588235	0.00588235294118	0	0.0117647058824	0.00588235294118	0.841176470588	
0.0352941176471	0.0117647058824	0.0294117647059	0.00588235294118	0	0.0176470588235	0.0117647058824	0.0117647058824	0.0176470588235	0.0117647058824	0.847058823529	
0.0117647058824	0.0294117647059	0.0470588235294	0.00588235294118	0	0.0117647058824	0	0.0352941176471	0.00588235294118	0.0117647058824	0.841176470588	
0.00588235294118	0.00588235294118	0.0470588235294	0.00588235294118	0.0117647058824	0.0235294117647	0	0.0117647058824	0.0117647058824	0.00588235294118	0.870588235294	
0	0.0235294117647	0.105882352941	0.0176470588235	0.0176470588235	0	0.0176470588235	0.00588235294118	0.00588235294118	0.0117647058824	0.794117647059	
0	0.00588235294118	0.0529411764706	0.0176470588235	0.0176470588235	0.00588235294118	0.00588235294118	0.00588235294118	0.0117647058824	0.0117647058824	0.864705882353	
0.0235294117647	0.0352941176471	0.0588235294118	0.0176470588235	0	0.0117647058824	0	0.0411764705882	0.00588235294118	0.0235294117647	0.782352941176	
0.0352941176471	0.0176470588235	0.0411764705882	0.00588235294118	0.0176470588235	0.0176470588235	0.0117647058824	0.0117647058824	0.00588235294118	0	0.835294117647	
0.0176470588235	0.0470588235294	0.0470588235294	0.0117647058824	0.0176470588235	0	0.0117647058824	0.0411764705882	0	0.0117647058824	0.794117647059	
0	0.0235294117647	0.0823529411765	0	0	0.00588235294118	0.00588235294118	0.0117647058824	0.00588235294118	0.00588235294118	0.858823529412	
0.0235294117647	0.0235294117647	0.0764705882353	0.0176470588235	0.0176470588235	0.00588235294118	0	0.0117647058824	0.0117647058824	0.00588235294118	0.805882352941	
0.0235294117647	0.0294117647059	0.0411764705882	0.00588235294118	0.0176470588235	0.0235294117647	0.0176470588235	0.0294117647059	0.0117647058824	0	0.8	
0.0411764705882	0.0235294117647	0.0705882352941	0.0235294117647	0.00588235294118	0.00588235294118	0.0235294117647	0.0176470588235	0	0	0.788235294118	
0.0176470588235	0.0352941176471	0.0411764705882	0.0176470588235	0	0.00588235294118	0.0176470588235	0.0176470588235	0.00588235294118	0.0235294117647	0.817647058824	
0.0411764705882	0.0235294117647	0.0588235294118	0.00588235294118	0.00588235294118	0.0235294117647	0.0176470588235	0.0117647058824	0.0176470588235	0.0117647058824	0.782352941176	
0.0352941176471	0.0235294117647	0.0235294117647	0.0176470588235	0	0.0235294117647	0.0117647058824	0.00588235294118	0.00588235294118	0.00588235294118	0.847058823529	
0.00588235294118	0.0176470588235	0.0588235294118	0.0117647058824	0.00588235294118	0.00588235294118	0.0117647058824	0.0176470588235	0.0235294117647	0.00588235294118	0.835294117647	
0.0235294117647	0.0176470588235	0.0588235294118	0.0117647058824	0	0	0.00588235294118	0.00588235294118	0.0176470588235	0.0117647058824	0.847058823529	
0.0176470588235	0.0176470588235	0.0411764705882	0.0176470588235	0	0.00588235294118	0	0.00588235294118	0.00588235294118	0.0176470588235	0.870588235294	
0.0235294117647	0.0117647058824	0.0352941176471	0.0117647058824	0.0117647058824	0.0176470588235	0.00588235294118	0	0.0117647058824	0.00588235294118	0.864705882353	
0.00588235294118	0.0294117647059	0.0470588235294	0.0176470588235	0.00588235294118	0.0176470588235	0.0117647058824	0.0176470588235	0.00588235294118	0.0235294117647	0.817647058824	
0.0176470588235	0.00588235294118	0.0176470588235	0.0117647058824	0.00588235294118	0.0176470588235	0.00588235294118	0	0.0294117647059	0.0176470588235	0.870588235294	
0.0294117647059	0.0235294117647	0.0764705882353	0.00588235294118	0.00588235294118	0	0.00588235294118	0.0294117647059	0.00588235294118	0.0235294117647	0.794117647059	
0.0176470588235	0.0294117647059	0.0352941176471	0	0	0.0176470588235	0.00588235294118	0.0176470588235	0.0176470588235	0.00588235294118	0.852941176471	
0.00588235294118	0.0235294117647	0.0235294117647	0.0117647058824	0.00588235294118	0.0117647058824	0	0	0.0117647058824	0.00588235294118	0.9	
0	0.0176470588235	0.0647058823529	0.0117647058824	0	0.0117647058824	0	0.0117647058824	0.0117647058824	0.0235294117647	0.847058823529	
0.0117647058824	0.0176470588235	0.0411764705882	0.00588235294118	0.00588235294118	0.00588235294118	0.0117647058824	0.0117647058824	0	0.0117647058824	0.876470588235	
0.0235294117647	0.0176470588235	0.0705882352941	0.0117647058824	0.0176470588235	0.00588235294118	0.0117647058824	0.0235294117647	0	0.00588235294118	0.811764705882	
0.0176470588235	0.0294117647059	0.0411764705882	0.0117647058824	0.00588235294118	0	0	0.0176470588235	0.00588235294118	0.00588235294118	0.864705882353	
0.00588235294118	0.00588235294118	0.0588235294118	0.00588235294118	0	0	0.00588235294118	0.00588235294118	0.00588235294118	0.00588235294118	0.9	
0.0176470588235	0.00588235294118	0.0470588235294	0	0.0176470588235	0.0117647058824	0.0117647058824	0.00588235294118	0.0117647058824	0.00588235294118	0.864705882353	
0.0294117647059	0.0352941176471	0.0647058823529	0.0235294117647	0.00588235294118	0.0235294117647	0.0117647058824	0.0176470588235	0.00588235294118	0.00588235294118	0.776470588235	
0.0294117647059	0.0294117647059	0.0529411764706	0.0176470588235	0.00588235294118	0.00588235294118	0.0117647058824	0.0117647058824	0.00588235294118	0.0117647058824	0.817647058824	
0.0176470588235	0.0294117647059	0.0176470588235	0	0.00588235294118	0.00588235294118	0.0176470588235	0.0294117647059	0.0176470588235	0.0352941176471	0.823529411765	
0	0.0294117647059	0.0588235294118	0.00588235294118	0.0117647058824	0.00588235294118	0.00588235294118	0.0176470588235	0.0176470588235	0.0235294117647	0.823529411765	
0.0235294117647	0.0294117647059	0.0588235294118	0.0235294117647	0	0.0176470588235	0	0.00588235294118	0.0176470588235	0	0.823529411765	
0.0176470588235	0.0117647058824	0.0882352941176	0	0	0.0176470588235	0	0.0176470588235	0.0176470588235	0.0235294117647	0.805882352941	
0.0176470588235	0.0117647058824	0.0352941176471	0.00588235294118	0	0.00588235294118	0	0.0176470588235	0.00588235294118	0.00588235294118	0.894117647059	
0.0235294117647	0.00588235294118	0.1	0.0176470588235	0.0176470588235	0.0235294117647	0.00588235294118	0	0.0176470588235	0	0.788235294118	
0.00588235294118	0.0117647058824	0.0647058823529	0.0235294117647	0	0.0176470588235	0.0117647058824	0.0176470588235	0.0176470588235	0.00588235294118	0.823529411765	
0.0117647058824	0.0235294117647	0.0411764705882	0	0	0.0235294117647	0	0.0294117647059	0.00588235294118	0.00588235294118	0.858823529412	
0.00588235294118	0.0176470588235	0.0647058823529	0.0117647058824	0	0.0117647058824	0.00588235294118	0.0235294117647	0	0	0.858823529412	
0	0.00588235294118	0.0235294117647	0.00588235294118	0.00588235294118	0.00588235294118	0.0117647058824	0.0117647058824	0.0176470588235	0.0176470588235	0.894117647059	
0.0235294117647	0.0352941176471	0.0647058823529	0.00588235294118	0	0.0117647058824	0.0117647058824	0.0117647058824	0.00588235294118	0.0235294117647	0.805882352941	
0.0117647058824	0.00588235294118	0.0588235294118	0	0	0	0.00588235294118	0.00588235294118	0	0.00588235294118	0.905882352941	
0.0352941176471	0.0235294117647	0.0411764705882	0	0.00588235294118	0.00588235294118	0.00588235294118	0.0117647058824	0.0117647058824	0.0176470588235	0.841176470588	
0.0294117647059	0.0117647058824	0.0529411764706	0.0117647058824	0.0235294117647	0	0.0117647058824	0.0235294117647	0.0117647058824	0.0176470588235	0.805882352941	
0.00588235294118	0.0235294117647	0.0529411764706	0.0176470588235	0.00588235294118	0.00588235294118	0.00588235294118	0.0235294117647	0.0176470588235	0.00588235294118	0.835294117647	
0.0117647058824	0.0176470588235	0.0529411764706	0.00588235294118	0.0117647058824	0.0235294117647	0	0.00588235294118	0.0117647058824	0.0176470588235	0.841176470588	
0.0176470588235	0.0176470588235	0.0529411764706	0	0	0.0176470588235	0	0.0117647058824	0.0117647058824	0.00588235294118	0.864705882353	
0.0117647058824	0	0.0470588235294	0.00588235294118	0.00588235294118	0.0117647058824	0	0.0176470588235	0.0176470588235	0.0176470588235	0.864705882353	
0.0176470588235	0.0235294117647	0.0705882352941	0.0117647058824	0	0.0176470588235	0	0.00588235294118	0.0117647058824	0.0176470588235	0.823529411765	
0.0294117647059	0.0411764705882	0.0647058823529	0.0176470588235	0	0.00588235294118	0.0235294117647	0.00588235294118	0	0.0235294117647	0.788235294118	
0.0294117647059	0.0352941176471	0.0470588235294	0	0.0117647058824	0.0117647058824	0	0.00588235294118	0.0117647058824	0.0117647058824	0.835294117647	
0.0294117647059	0.0176470588235	0.0529411764706	0.0294117647059	0	0.00588235294118	0.0117647058824	0.0235294117647	0.00588235294118	0.0176470588235	0.805882352941	
0.0235294117647	0.0117647058824	0.0294117647059	0.00588235294118	0.0176470588235	0	0.00588235294118	0.0176470588235	0.0117647058824	0.0117647058824	0.864705882353	
0.0294117647059	0.0176470588235	0.0529411764706	0	0.0176470588235	0.00588235294118	0	0.00588235294118	0.00588235294118	0.0235294117647	0.841176470588	
0.0352941176471	0.0294117647059	0.0294117647059	0.0117647058824	0.00588235294118	0.0235294117647	0.00588235294118	0.00588235294118	0.0117647058824	0.0117647058824	0.829411764706	
0.0117647058824	0.0235294117647	0.0411764705882	0	0	0	0.00588235294118	0.0235294117647	0.0294117647059	0.0176470588235	0.847058823529	
0.0294117647059	0.0352941176471	0.0352941176471	0.0235294117647	0.00588235294118	0.00588235294118	0	0.00588235294118	0	0.00588235294118	0.852941176471	
0.0176470588235	0.0117647058824	0.0235294117647	0.0117647058824	0	0.0117647058824	0	0.00588235294118	0.00588235294118	0.0176470588235	0.894117647059	
0.0235294117647	0.0176470588235	0	0.00588235294118	0.00588235294118	0	0.0117647058824	0.0117647058824	0.0176470588235	0.00588235294118	0.9	
0.0294117647059	0.0352941176471	0	0	0	0	0.00588235294118	0.0176470588235	0	0.0235294117647	0.888235294118	
0.0235294117647	0.0470588235294	0	0.0235294117647	0.0117647058824	0	0	0.0117647058824	0.00588235294118	0.00588235294118	0.870588235294	
0.00588235294118	0.0117647058824	0.00588235294118	0.0235294117647	0.0294117647059	0.00588235294118	0.0117647058824	0.00588235294118	0.00588235294118	0.0176470588235	0.876470588235	
0	0.00588235294118	0	0.0176470588235	0.0117647058824	0	0.0176470588235	0.0117647058824	0.0235294117647	0.0235294117647	0.888235294118	
0	0	0	0.00588235294118	0	0.0117647058824	0.0117647058824	0.0176470588235	0.0235294117647	0.00588235294118	0.923529411765	
0.0705882352941	0.0176470588235	0.0352941176471	0	0.00588235294118	0.0176470588235	0	0.0117647058824	0.0294117647059	0.0176470588235	0.794117647059	
0.0235294117647	0.0117647058824	0.0411764705882	0.0176470588235	0	0.00588235294118	0.00588235294118	0.0117647058824	0.0235294117647	0.0117647058824	0.847058823529	
0.0470588235294	0.0235294117647	0.0294117647059	0.0117647058824	0	0.0235294117647	0	0.0176470588235	0.0352941176471	0.00588235294118	0.805882352941	
0.0411764705882	0.0176470588235	0.0529411764706	0.0117647058824	0.00588235294118	0	0.0235294117647	0.0176470588235	0.0176470588235	0.0176470588235	0.794117647059	
0.0352941176471	0.0411764705882	0.0647058823529	0.0117647058824	0.0117647058824	0.0117647058824	0.00588235294118	0.0117647058824	0.0117647058824	0.0117647058824	0.782352941176	
0.0294117647059	0.0411764705882	0.0647058823529	0.0117647058824	0.0117647058824	0.0117647058824	0	0	0.0235294117647	0.00588235294118	0.8	
0.0117647058824	0.0235294117647	0.0529411764706	0	0.00588235294118	0.0117647058824	0.00588235294118	0.0176470588235	0	0	0.870588235294	
0.0352941176471	0.0117647058824	0.0705882352941	0	0	0	0.00588235294118	0.00588235294118	0.0176470588235	0.0176470588235	0.835294117647	
0.0352941176471	0.0176470588235	0.0588235294118	0.0176470588235	0.00588235294118	0.0117647058824	0.0117647058824	0	0.0117647058824	0.00588235294118	0.823529411765	
0.0411764705882	0.0411764705882	0.0470588235294	0	0.00588235294118	0.0117647058824	0.0117647058824	0.0176470588235	0.00588235294118	0.00588235294118	0.811764705882	
0.0411764705882	0.0235294117647	0.0588235294118	0	0.00588235294118	0.00588235294118	0	0.0235294117647	0.0117647058824	0	0.829411764706	
0.0176470588235	0.0176470588235	0.0529411764706	0.00588235294118	0.0117647058824	0.0294117647059	0	0.0117647058824	0.00588235294118	0.0117647058824	0.835294117647	
0.0352941176471	0.0235294117647	0.0411764705882	0.0294117647059	0.00588235294118	0.0117647058824	0	0.0294117647059	0.0117647058824	0.00588235294118	0.805882352941	
0.0235294117647	0.0176470588235	0.0411764705882	0.00588235294118	0.0117647058824	0.0176470588235	0	0	0.0117647058824	0.0117647058824	0.858823529412	
0.0588235294118	0.0235294117647	0.0705882352941	0.0176470588235	0.00588235294118	0.0294117647059	0	0.0176470588235	0.0176470588235	0.0235294117647	0.735294117647	
0.0470588235294	0.0235294117647	0.0176470588235	0.0176470588235	0.00588235294118	0.0117647058824	0.00588235294118	0.0117647058824	0.00588235294118	0.0117647058824	0.841176470588	
0.0470588235294	0.0411764705882	0.0235294117647	0.0176470588235	0.0117647058824	0.0294117647059	0.00588235294118	0.0235294117647	0.0117647058824	0.0117647058824	0.776470588235	
0.0470588235294	0.0235294117647	0.0647058823529	0.00588235294118	0	0.00588235294118	0.0117647058824	0.0117647058824	0.00588235294118	0.0176470588235	0.805882352941	
0.0529411764706	0.0470588235294	0.0176470588235	0.0235294117647	0	0	0	0.0176470588235	0.0176470588235	0.00588235294118	0.817647058824	
0.0235294117647	0.0470588235294	0.0235294117647	0.0117647058824	0.00588235294118	0.00588235294118	0.00588235294118	0	0.00588235294118	0.0117647058824	0.858823529412	
0.0352941176471	0.0176470588235	0.0647058823529	0.00588235294118	0	0.0176470588235	0.00588235294118	0.0117647058824	0.0294117647059	0.0176470588235	0.794117647059	
0.0235294117647	0.0294117647059	0.0529411764706	0.0176470588235	0.0117647058824	0.0117647058824	0.0117647058824	0.00588235294118	0.0176470588235	0.0235294117647	0.794117647059	
0.0117647058824	0.0235294117647	0.0294117647059	0.0117647058824	0.00588235294118	0	0	0	0.00588235294118	0	0.911764705882	
0.00588235294118	0.0294117647059	0.0529411764706	0.0117647058824	0	0.00588235294118	0.0117647058824	0.0235294117647	0	0.0176470588235	0.841176470588	
0.0235294117647	0.0235294117647	0.0529411764706	0.0117647058824	0.00588235294118	0.0235294117647	0.0235294117647	0.0294117647059	0.0176470588235	0.0235294117647	0.764705882353	
0.0117647058824	0.0294117647059	0.0352941176471	0.0117647058824	0	0.0176470588235	0.00588235294118	0.00588235294118	0.0352941176471	0.00588235294118	0.841176470588	
0.0117647058824	0.0117647058824	0.0235294117647	0.0117647058824	0.00588235294118	0.0117647058824	0.00588235294118	0.00588235294118	0.00588235294118	0.0117647058824	0.894117647059	
0.0411764705882	0.0176470588235	0.0176470588235	0.00588235294118	0	0.0176470588235	0.00588235294118	0.0117647058824	0	0.00588235294118	0.876470588235	
0.0235294117647	0.0117647058824	0.0529411764706	0.0117647058824	0.0117647058824	0.00588235294118	0	0.0235294117647	0.0117647058824	0	0.847058823529	
0.0117647058824	0.0352941176471	0.0352941176471	0	0.00588235294118	0.0117647058824	0.00588235294118	0.00588235294118	0.0176470588235	0.00588235294118	0.864705882353	
0.0294117647059	0.0117647058824	0.0352941176471	0.00588235294118	0.0117647058824	0.0117647058824	0.0117647058824	0.00588235294118	0.00588235294118	0.0352941176471	0.835294117647	
0.0294117647059	0.0294117647059	0.0352941176471	0	0	0.00588235294118	0.00588235294118	0.0117647058824	0.00588235294118	0.0176470588235	0.858823529412	
0.0352941176471	0.0176470588235	0.0235294117647	0.0235294117647	0	0.0117647058824	0.00588235294118	0.00588235294118	0.0294117647059	0.0117647058824	0.835294117647	
0.0470588235294	0.0176470588235	0.0470588235294	0.0235294117647	0.0117647058824	0.0176470588235	0.0176470588235	0.0117647058824	0.0117647058824	0.0176470588235	0.776470588235	
0.0294117647059	0.0294117647059	0.0588235294118	0.00588235294118	0.00588235294118	0.0117647058824	0.00588235294118	0	0.0176470588235	0.0176470588235	0.817647058824	
0.0352941176471	0.0235294117647	0.0529411764706	0.0117647058824	0.0117647058824	0.0235294117647	0.0176470588235	0.0235294117647	0.0117647058824	0.0352941176471	0.752941176471	
0.0352941176471	0.0352941176471	0.0588235294118	0.0176470588235	0	0.0235294117647	0	0.00588235294118	0	0.0117647058824	0.811764705882	
0.0235294117647	0.0117647058824	0.0411764705882	0.00588235294118	0.00588235294118	0.00588235294118	0	0.00588235294118	0.0176470588235	0.0117647058824	0.870588235294	
0.0294117647059	0.0294117647059	0.0588235294118	0.00588235294118	0	0.0352941176471	0.0176470588235	0.0176470588235	0.0117647058824	0.0294117647059	0.764705882353	
0.0235294117647	0.0176470588235	0.0470588235294	0.0235294117647	0.0117647058824	0.0117647058824	0	0.00588235294118	0.0117647058824	0	0.847058823529	
0.0294117647059	0.0411764705882	0.0411764705882	0.00588235294118	0	0.00588235294118	0	0	0.00588235294118	0.0176470588235	0.852941176471	
0.0235294117647	0.0294117647059	0.0176470588235	0.00588235294118	0	0.0235294117647	0	0	0.0176470588235	0.00588235294118	0.876470588235	
0.0294117647059	0.00588235294118	0.0294117647059	0.00588235294118	0	0.0294117647059	0.00588235294118	0.0176470588235	0.0176470588235	0	0.858823529412	
0.0529411764706	0.0117647058824	0.0411764705882	0.0176470588235	0.00588235294118	0.0176470588235	0.0235294117647	0	0.00588235294118	0.0117647058824	0.811764705882	
0.0117647058824	0.0352941176471	0.0470588235294	0.0235294117647	0	0.0117647058824	0.00588235294118	0	0.0176470588235	0.0117647058824	0.835294117647	
0.0176470588235	0.0176470588235	0.0529411764706	0.0294117647059	0	0.00588235294118	0.00588235294118	0.0176470588235	0.0235294117647	0.00588235294118	0.823529411765	
0.00588235294118	0.0294117647059	0.0352941176471	0.0117647058824	0.00588235294118	0.0117647058824	0.00588235294118	0.0235294117647	0	0.0117647058824	0.858823529412	
0.0411764705882	0.00588235294118	0.0470588235294	0.0176470588235	0	0.00588235294118	0	0.0235294117647	0.00588235294118	0.00588235294118	0.847058823529	
0.0352941176471	0.0294117647059	0.0411764705882	0	0	0.0176470588235	0.0117647058824	0.00588235294118	0	0.0294117647059	0.829411764706	
0.0235294117647	0.0117647058824	0.0294117647059	0.00588235294118	0	0.0294117647059	0.0117647058824	0.0294117647059	0	0.0176470588235	0.841176470588	
0.0117647058824	0.0176470588235	0.0764705882353	0.0176470588235	0	0.00588235294118	0.00588235294118	0.00588235294118	0	0.0235294117647	0.835294117647	
0.0470588235294	0.0117647058824	0.0470588235294	0.0235294117647	0	0.0176470588235	0.00588235294118	0.0117647058824	0.0176470588235	0.0294117647059	0.788235294118	
0.0411764705882	0.0176470588235	0.0470588235294	0.0176470588235	0.0176470588235	0.0117647058824	0.0117647058824	0.0117647058824	0.0352941176471	0.0176470588235	0.770588235294	
0.0117647058824	0.0176470588235	0.0588235294118	0.00588235294118	0.00588235294118	0.0235294117647	0.0176470588235	0.0117647058824	0.00588235294118	0.00588235294118	0.835294117647	
0.0588235294118	0.0176470588235	0.0529411764706	0.0176470588235	0.0176470588235	0.00588235294118	0.00588235294118	0.0117647058824	0.00588235294118	0.0117647058824	0.794117647059	
0.0411764705882	0.0176470588235	0.0411764705882	0.0117647058824	0	0.00588235294118	0.0117647058824	0.0294117647059	0.0235294117647	0.0235294117647	0.794117647059	
0.0411764705882	0.0470588235294	0.0529411764706	0.00588235294118	0.0117647058824	0.0411764705882	0	0.0117647058824	0.0117647058824	0.00588235294118	0.770588235294	
0.0176470588235	0.0352941176471	0.0411764705882	0.0176470588235	0.00588235294118	0.0117647058824	0	0.0176470588235	0.00588235294118	0.0235294117647	0.823529411765	
0.0176470588235	0.0235294117647	0.0411764705882	0.00588235294118	0	0.0235294117647	0.0117647058824	0.0176470588235	0.00588235294118	0.00588235294118	0.847058823529	
0.0352941176471	0.00588235294118	0.0588235294118	0.0117647058824	0.00588235294118	0	0.00588235294118	0.0176470588235	0.00588235294118	0.0176470588235	0.835294117647	
0.0411764705882	0.0352941176471	0.0529411764706	0.0176470588235	0	0	0.0235294117647	0.0117647058824	0.00588235294118	0.0176470588235	0.794117647059	
0.0117647058824	0.0117647058824	0.0411764705882	0.0176470588235	0	0.00588235294118	0	0.0117647058824	0.00588235294118	0.00588235294118	0.888235294118	
0.0470588235294	0.0176470588235	0.0411764705882	0.00588235294118	0.00588235294118	0.00588235294118	0.00588235294118	0.00588235294118	0	0.0117647058824	0.852941176471	
0.0411764705882	0.00588235294118	0.0470588235294	0.00588235294118	0.00588235294118	0	0.0176470588235	0.00588235294118	0	0	0.870588235294	
0.0294117647059	0.0294117647059	0.0176470588235	0.0235294117647	0	0.00588235294118	0.0117647058824	0.00588235294118	0.0117647058824	0	0.864705882353	
0.0352941176471	0.0294117647059	0.0647058823529	0.00588235294118	0	0.0176470588235	0.0176470588235	0.0117647058824	0.0235294117647	0.00588235294118	0.788235294118	
0.0411764705882	0.0588235294118	0.0176470588235	0.0176470588235	0.00588235294118	0.00588235294118	0.0117647058824	0.00588235294118	0.00588235294118	0.0117647058824	0.817647058824	
0.0176470588235	0.0176470588235	0.0882352941176	0	0	0.00588235294118	0.00588235294118	0.0176470588235	0.00588235294118	0.0176470588235	0.823529411765	
0.0411764705882	0.0235294117647	0.0235294117647	0.0176470588235	0.0117647058824	0.0176470588235	0.00588235294118	0.0235294117647	0.0117647058824	0.0117647058824	0.811764705882	
0.0470588235294	0.0117647058824	0.0705882352941	0.00588235294118	0	0.0117647058824	0	0.00588235294118	0.0176470588235	0	0.829411764706	
0.0294117647059	0.0352941176471	0.0352941176471	0.0352941176471	0.00588235294118	0	0.0117647058824	0.0117647058824	0	0.0235294117647	0.811764705882	
0.0176470588235	0.0352941176471	0.0470588235294	0.00588235294118	0	0.00588235294118	0.0117647058824	0.0176470588235	0.0235294117647	0.00588235294118	0.829411764706	
0.00588235294118	0.0176470588235	0.0588235294118	0	0.00588235294118	0.0117647058824	0.00588235294118	0.00588235294118	0.0117647058824	0.00588235294118	0.870588235294	
0.0647058823529	0.0294117647059	0.0529411764706	0.00588235294118	0.00588235294118	0.00588235294118	0.00588235294118	0.0117647058824	0.0117647058824	0.0117647058824	0.794117647059	
0.0294117647059	0.0294117647059	0.0470588235294	0.0235294117647	0	0.0117647058824	0.00588235294118	0.0117647058824	0.00588235294118	0.0117647058824	0.823529411765	
0.0176470588235	0.0176470588235	0.0294117647059	0.0235294117647	0.00588235294118	0.00588235294118	0.00588235294118	0.00588235294118	0.0235294117647	0.0176470588235	0.847058823529	
0.0411764705882	0.0117647058824	0.0470588235294	0.0117647058824	0.0117647058824	0.0235294117647	0.0117647058824	0.0294117647059	0.00588235294118	0	0.805882352941	
0.00588235294118	0.0235294117647	0.0352941176471	0	0.00588235294118	0.0117647058824	0.0117647058824	0.00588235294118	0.0176470588235	0.00588235294118	0.876470588235	
0.0352941176471	0.0235294117647	0.0588235294118	0.0235294117647	0.0176470588235	0.0235294117647	0	0.0117647058824	0.0117647058824	0	0.794117647059	
0.0529411764706	0.0235294117647	0.0588235294118	0.0117647058824	0.0117647058824	0.0235294117647	0.00588235294118	0.00588235294118	0	0.00588235294118	0.8	
0.0176470588235	0.0235294117647	0.0588235294118	0.00588235294118	0	0.0176470588235	0	0.0176470588235	0.00588235294118	0	0.852941176471	
0.0352941176471	0.0529411764706	0.0117647058824	0.0176470588235	0.0176470588235	0.0176470588235	0	0.00588235294118	0.0117647058824	0.00588235294118	0.823529411765	
0.0529411764706	0.0176470588235	0.0352941176471	0.00588235294118	0.0117647058824	0.0176470588235	0	0.00588235294118	0.0176470588235	0.0117647058824	0.823529411765	
0.0352941176471	0.0235294117647	0.0352941176471	0.0176470588235	0.0117647058824	0.00588235294118	0.0117647058824	0	0.0294117647059	0.0294117647059	0.8	
0.0294117647059	0.00588235294118	0.0470588235294	0.0117647058824	0.0117647058824	0.0294117647059	0.00588235294118	0.00588235294118	0.0117647058824	0	0.841176470588	
0.0470588235294	0.00588235294118	0.0411764705882	0.0117647058824	0.0117647058824	0	0	0.00588235294118	0.0176470588235	0.00588235294118	0.852941176471	
0.0235294117647	0.0176470588235	0.0352941176471	0.0176470588235	0	0	0.00588235294118	0.00588235294118	0.0235294117647	0	0.870588235294	
0.0117647058824	0.0235294117647	0.0529411764706	0.0117647058824	0	0	0.0117647058824	0	0.0117647058824	0.0117647058824	0.864705882353	
0.0235294117647	0.0176470588235	0.0470588235294	0.0176470588235	0.0117647058824	0.00588235294118	0.00588235294118	0.0117647058824	0.0235294117647	0	0.835294117647	
0.0411764705882	0.0176470588235	0.0647058823529	0.0117647058824	0	0.0117647058824	0.00588235294118	0.00588235294118	0.00588235294118	0.0176470588235	0.817647058824	
0.0176470588235	0.00588235294118	0.0235294117647	0.0176470588235	0	0.0294117647059	0.00588235294118	0.0176470588235	0.0176470588235	0.0117647058824	0.852941176471	
0.0176470588235	0.0352941176471	0.0588235294118	0.00588235294118	0.00588235294118	0.0117647058824	0	0.00588235294118	0.0235294117647	0.0235294117647	0.811764705882	
0.0235294117647	0.0411764705882	0.0764705882353	0	0.0117647058824	0.0176470588235	0	0.0352941176471	0.00588235294118	0.0352941176471	0.752941176471	
0.0235294117647	0.0176470588235	0.0647058823529	0	0.00588235294118	0.0117647058824	0.00588235294118	0.0117647058824	0.0235294117647	0.0117647058824	0.823529411765	
0.0411764705882	0	0.0294117647059	0.0117647058824	0	0.0117647058824	0.0176470588235	0.0176470588235	0.00588235294118	0.0117647058824	0.852941176471	
0.0235294117647	0.0352941176471	0.0352941176471	0	0.00588235294118	0.0117647058824	0.0235294117647	0.00588235294118	0.0176470588235	0	0.841176470588	
0.0294117647059	0.0411764705882	0.0294117647059	0.0235294117647	0.00588235294118	0.0176470588235	0.0176470588235	0.00588235294118	0.0117647058824	0	0.817647058824	
0.0176470588235	0.00588235294118	0.0470588235294	0.0176470588235	0.00588235294118	0.00588235294118	0.0117647058824	0.0176470588235	0.0470588235294	0.0117647058824	0.811764705882	
0.0411764705882	0.0235294117647	0.0352941176471	0.0117647058824	0.0117647058824	0.0176470588235	0.00588235294118	0	0.0176470588235	0.00588235294118	0.829411764706	
0.0294117647059	0.0470588235294	0.0411764705882	0.0176470588235	0	0.0117647058824	0	0.00588235294118	0.00588235294118	0.0294117647059	0.811764705882	
0.0117647058824	0.0235294117647	0.0352941176471	0.0235294117647	0	0.00588235294118	0	0.0235294117647	0	0.00588235294118	0.870588235294	
0.0529411764706	0.0411764705882	0.0235294117647	0.00588235294118	0	0.0117647058824	0.0176470588235	0.00588235294118	0.0117647058824	0.00588235294118	0.823529411765	
0.0117647058824	0.0117647058824	0.0235294117647	0.00588235294118	0.00588235294118	0.00588235294118	0	0.0235294117647	0	0.0117647058824	0.9	
0.0235294117647	0	0.0352941176471	0.0117647058824	0.00588235294118	0	0	0	0.0176470588235	0.0176470588235	0.888235294118	
0.0470588235294	0.0176470588235	0.0176470588235	0.0117647058824	0.00588235294118	0.0235294117647	0	0.0176470588235	0.00588235294118	0.0294117647059	0.823529411765	
0.00588235294118	0.0470588235294	0.0705882352941	0.0176470588235	0	0.0176470588235	0	0.00588235294118	0.00588235294118	0.0352941176471	0.794117647059	
0.0235294117647	0.0117647058824	0.0647058823529	0.00588235294118	0.00588235294118	0.00588235294118	0.0117647058824	0.00588235294118	0.0117647058824	0.00588235294118	0.847058823529	
0.0176470588235	0.0352941176471	0.0235294117647	0.00588235294118	0.0117647058824	0.00588235294118	0.0235294117647	0	0	0.00588235294118	0.870588235294	
0.0117647058824	0.0176470588235	0.0588235294118	0.0117647058824	0.00588235294118	0.0117647058824	0.00588235294118	0.0176470588235	0.0176470588235	0	0.841176470588	
0.0352941176471	0.0176470588235	0.0588235294118	0.00588235294118	0	0.0176470588235	0.00588235294118	0.0117647058824	0.0176470588235	0	0.829411764706	
0.0529411764706	0.0529411764706	0.0235294117647	0.0117647058824	0	0.0117647058824	0.00588235294118	0	0.0117647058824	0.00588235294118	0.823529411765	
0.00588235294118	0.0117647058824	0.0176470588235	0.0117647058824	0.00588235294118	0.00588235294118	0.00588235294118	0.00588235294118	0.0235294117647	0.0117647058824	0.894117647059	
0.0529411764706	0.0529411764706	0.0529411764706	0	0.0117647058824	0.0117647058824	0	0.00588235294118	0.0235294117647	0.0235294117647	0.764705882353	
0.0294117647059	0.0176470588235	0.0411764705882	0.0117647058824	0	0.0117647058824	0.00588235294118	0.0117647058824	0.0117647058824	0.0176470588235	0.841176470588	
0.0117647058824	0.0352941176471	0.0705882352941	0.0117647058824	0.0117647058824	0.0117647058824	0.00588235294118	0.0117647058824	0.0117647058824	0.0117647058824	0.805882352941	
0.0470588235294	0.0176470588235	0.0588235294118	0.0176470588235	0.00588235294118	0.00588235294118	0.0176470588235	0.0176470588235	0.0117647058824	0.0117647058824	0.788235294118	
0.00588235294118	0.0235294117647	0.0764705882353	0.00588235294118	0.00588235294118	0.00588235294118	0.0176470588235	0.0235294117647	0.00588235294118	0.00588235294118	0.823529411765	
0.0294117647059	0.0294117647059	0.0705882352941	0.0294117647059	0.0294117647059	0.0176470588235	0.0176470588235	0.0294117647059	0.0176470588235	0.0117647058824	0.717647058824	
0.0294117647059	0.0352941176471	0.0117647058824	0.0235294117647	0.0117647058824	0.0117647058824	0	0.0117647058824	0.00588235294118	0.00588235294118	0.852941176471	
0.0529411764706	0.0235294117647	0.0352941176471	0.0176470588235	0	0	0.00588235294118	0.0117647058824	0.00588235294118	0.0117647058824	0.835294117647	
0.0117647058824	0.0235294117647	0.0529411764706	0.0176470588235	0	0.0117647058824	0	0.0176470588235	0.0117647058824	0	0.852941176471	
0.0411764705882	0.0352941176471	0.0588235294118	0.0117647058824	0.00588235294118	0.00588235294118	0.00588235294118	0.0176470588235	0.0235294117647	0.0176470588235	0.776470588235	
0.0235294117647	0	0.0235294117647	0.0176470588235	0.0176470588235	0	0	0	0	0	0.917647058824	
0.0294117647059	0.0235294117647	0	0.0117647058824	0.00588235294118	0	0.0117647058824	0	0	0	0.917647058824	
0	0.0352941176471	0	0.0176470588235	0.0176470588235	0	0	0	0	0	0.929411764706	
0.00588235294118	0.0235294117647	0	0	0	0	0	0	0	0	0.970588235294	
0	0	0	0	0	0	0	0	0	0	1.0	
0	0	0	0	0	0	0	0	0	0	1.0	
