F1
256
69 68 1
68 82 1
82 81 1
81 80 1
F2
256
23 20 2
20 17 2
17 14 2
14 11 2
11 12 2
12 16 2
F3
256
97 76 3
76 77 3
77 63 3
63 49 3
49 48 3
48 16 3
16 14 3
F4
256
84 83 4
83 82 4
82 81 4
81 90 4
F5
256
83 82 5
82 68 5
68 54 5
54 34 5
F6
256
9 8 6
8 11 6
11 14 6
14 15 6
F7
256
70 69 7
69 68 7
68 82 7
82 81 7
F8
256
88 83 8
83 69 8
69 55 8
55 54 8
54 53 8
F9
256
52 51 9
51 50 9
50 49 9
49 63 9
63 64 9
64 65 9
F10
256
87 84 10
84 83 10
83 82 10
82 89 10
F11
256
70 69 11
69 68 11
68 82 11
82 81 11
F12
256
42 41 12
41 40 12
40 36 12
36 37 12
37 73 12
73 98 12
98 100 12
F13
256
59 39 13
39 40 13
40 36 13
36 37 13
37 33 13
33 98 13
F14
256
41 40 14
40 36 14
36 37 14
37 73 14
F15
512
57 56 15
56 55 15
55 35 15
35 36 15
36 32 15
32 29 15
29 30 15
F16
512
95 76 16
76 77 16
77 63 16
63 49 16
49 50 16
50 22 16
22 18 16
F17
512
3 6 17
6 9 17
9 13 17
13 11 17
11 14 17
14 16 17
16 48 17
48 62 17
F18
512
42 41 18
41 40 18
40 36 18
36 37 18
37 73 18
73 98 18
98 100 18
F19
512
87 84 19
84 83 19
83 82 19
82 89 19
F20
512
19 15 20
15 13 20
13 11 20
11 12 20
12 10 20
F21
512
70 69 21
69 68 21
68 82 21
82 81 21
F22
512
43 38 22
38 40 22
40 36 22
36 32 22
32 29 22
29 27 22
27 26 22
F23
512
2 15 23
15 14 23
14 11 23
11 12 23
12 47 23
47 61 23
61 75 23
F24
512
56 55 24
55 54 24
54 68 24
68 82 24
82 81 24
81 67 24
F25
512
59 39 25
39 40 25
40 36 25
36 37 25
37 33 25
33 98 25
F26
512
71 56 26
56 38 26
38 40 26
40 36 26
36 32 26
32 34 26
34 31 26
31 28 26
F27
512
85 84 27
84 83 27
83 82 27
82 81 27
81 80 27
80 91 27
F28
512
41 40 28
40 36 28
36 37 28
37 73 28
F29
1024
4 9 29
9 8 29
8 11 29
11 12 29
12 47 29
47 46 29
F30
1024
23 20 30
20 17 30
17 14 30
14 11 30
11 12 30
12 16 30
F31
1024
74 75 31
75 76 31
76 77 31
77 63 31
63 64 31
64 78 31
78 77 31
77 94 31
F32
1024
57 56 32
56 55 32
55 35 32
35 36 32
36 32 32
32 29 32
29 30 32
F33
1024
88 83 33
83 69 33
69 55 33
55 54 33
54 53 33
F34
1024
2 15 34
15 14 34
14 11 34
11 12 34
12 47 34
47 61 34
61 75 34
F35
1024
3 6 35
6 9 35
9 13 35
13 11 35
11 14 35
14 16 35
16 48 35
48 62 35
F36
1024
45 42 36
42 39 36
39 40 36
40 36 36
36 37 36
37 33 36
33 98 36
F37
1024
87 84 37
84 83 37
83 82 37
82 89 37
F38
1024
70 69 38
69 68 38
68 82 38
82 81 38
F39
1024
52 51 39
51 50 39
50 49 39
49 63 39
63 64 39
64 65 39
F40
1024
83 82 40
82 68 40
68 54 40
54 34 40
