F1
256
57 56 1
56 55 1
55 35 1
35 36 1
36 32 1
32 29 1
29 30 1
F2
256
3 6 2
6 9 2
9 13 2
13 11 2
11 14 2
14 16 2
16 48 2
48 62 2
F3
256
19 15 3
15 13 3
13 11 3
11 12 3
12 10 3
F4
256
9 8 4
8 11 4
11 14 4
14 15 4
F5
256
41 40 5
40 36 5
36 37 5
37 73 5
F6
256
93 78 6
78 64 6
64 63 6
63 49 6
49 18 6
18 16 6
16 12 6
F7
256
66 80 7
80 81 7
81 82 7
82 68 7
F8
256
3 6 8
6 9 8
9 13 8
13 11 8
11 14 8
14 16 8
16 48 8
48 62 8
F9
256
70 69 9
69 68 9
68 82 9
82 81 9
F10
256
59 39 10
39 40 10
40 36 10
36 37 10
37 33 10
33 98 10
F11
256
21 19 11
19 17 11
17 14 11
14 11 11
11 8 11
8 5 11
F12
256
56 55 12
55 54 12
54 68 12
68 82 12
82 81 12
81 67 12
F13
256
54 68 13
68 82 13
82 81 13
81 80 13
80 79 13
F14
256
21 19 14
19 17 14
17 14 14
14 11 14
11 8 14
8 5 14
F15
256
51 50 15
50 49 15
49 63 15
63 64 15
F16
256
96 95 16
95 76 16
75 77 16
77 63 16
63 49 16
49 18 16
18 17 16
17 20 16
F17
256
93 78 17
78 64 17
64 63 17
63 49 17
49 18 17
18 16 17
16 12 17
F18
512
9 8 18
8 11 18
11 14 18
14 15 18
F19
512
70 69 19
69 68 19
68 82 19
82 81 19
F20
512
45 42 20
42 39 20
39 40 20
40 36 20
36 37 20
37 33 20
33 98 20
F21
512
84 83 21
83 82 21
82 81 21
81 90 21
F22
512
1 13 22
13 11 22
11 12 22
12 47 22
47 61 22
61 60 22
F23
512
84 83 23
83 82 23
82 81 23
81 90 23
F24
512
54 68 24
68 82 24
82 81 24
81 80 24
80 79 24
F25
1024
22 50 25
50 49 25
49 63 25
63 62 25
62 61 25
F26
1024
83 82 26
82 68 26
68 54 26
54 34 26
F27
1024
69 68 27
68 82 27
82 81 27
81 80 27
F28
1024
84 83 28
83 82 28
82 81 28
81 90 28
F29
1024
97 76 29
76 77 29
77 63 29
63 49 29
49 48 29
48 16 29
16 14 29
F30
1024
96 95 30
95 76 30
75 77 30
77 63 30
63 49 30
49 18 30
18 17 30
17 20 30
F31
1024
57 56 31
56 55 31
55 35 31
35 36 31
36 32 31
32 29 31
29 30 31
F32
1024
85 84 32
84 83 32
83 82 32
82 81 32
81 80 32
80 91 32
F33
1024
42 41 33
41 40 33
40 36 33
36 37 33
37 73 33
73 98 33
98 100 33
F34
1024
74 75 34
75 76 34
76 77 34
77 63 34
63 64 34
64 78 34
78 77 34
77 94 34
F35
1024
21 19 35
19 17 35
17 14 35
14 11 35
11 8 35
8 5 35
F36
1024
1 13 36
13 11 36
11 12 36
12 47 36
47 61 36
61 60 36
F37
1024
23 20 37
20 17 37
17 14 37
14 11 37
11 12 37
12 16 37
F38
1024
95 76 38
76 77 38
77 63 38
63 49 38
49 50 38
50 22 38
22 18 38
F39
1024
96 95 39
95 76 39
75 77 39
77 63 39
63 49 39
49 18 39
18 17 39
17 20 39
F40
1024
2 15 40
15 14 40
14 11 40
11 12 40
12 47 40
47 61 40
61 75 40
