F1
256
66 80 1
80 81 1
81 82 1
82 68 1
F2
256
96 95 2
95 76 2
75 77 2
77 63 2
63 49 2
49 18 2
18 17 2
17 20 2
F3
256
42 41 3
41 40 3
40 36 3
36 37 3
37 73 3
73 98 3
98 100 3
F4
256
58 19 4
19 15 4
15 13 4
13 11 4
11 8 4
8 10 4
10 7 4
F5
256
19 15 5
15 13 5
13 11 5
11 12 5
12 10 5
F6
256
19 15 6
15 13 6
13 11 6
11 12 6
12 10 6
F7
256
44 19 7
19 15 7
15 14 7
14 11 7
11 12 7
12 47 7
47 48 7
48 49 7
F8
256
51 50 8
50 49 8
49 63 8
63 64 8
F9
256
83 82 9
82 68 9
68 54 9
54 34 9
F10
256
41 40 10
40 36 10
36 37 10
37 73 10
F11
256
50 64 11
64 63 11
63 77 11
77 76 11
F12
256
19 15 12
15 13 12
13 11 12
11 12 12
12 10 12
F13
256
2 15 13
15 14 13
14 11 13
11 12 13
12 47 13
47 61 13
61 75 13
F14
256
97 76 14
76 77 14
77 63 14
63 49 14
49 48 14
48 16 14
16 14 14
F15
256
86 87 15
87 88 15
88 83 15
83 82 15
82 81 15
81 80 15
80 79 15
79 92 15
F16
256
45 42 16
42 39 16
39 40 16
40 36 16
36 37 16
37 33 16
33 98 16
F17
256
42 41 17
41 40 17
40 36 17
36 37 17
37 73 17
73 98 17
98 100 17
F18
256
74 75 18
75 76 18
76 77 18
77 63 18
63 64 18
64 78 18
78 77 18
77 94 18
F19
512
44 19 19
19 15 19
15 14 19
14 11 19
11 12 19
12 47 19
47 48 19
48 49 19
F20
512
50 64 20
64 63 20
63 77 20
77 76 20
F21
512
21 19 21
19 17 21
17 14 21
14 11 21
11 8 21
8 5 21
F22
512
27 29 22
29 32 22
32 36 22
36 35 22
35 55 22
F23
512
85 84 23
84 83 23
83 82 23
82 81 23
81 80 23
80 91 23
F24
512
83 82 24
82 68 24
68 54 24
54 34 24
F25
512
84 83 25
83 82 25
82 81 25
81 90 25
F26
512
70 69 26
69 68 26
68 82 26
82 81 26
F27
1024
66 80 27
80 81 27
81 82 27
82 68 27
F28
1024
83 82 28
82 68 28
68 54 28
54 34 28
F29
1024
83 82 29
82 68 29
68 54 29
54 34 29
F30
1024
1 13 30
13 11 30
11 12 30
12 47 30
47 61 30
61 60 30
F31
1024
74 75 31
75 76 31
76 77 31
77 63 31
63 64 31
64 78 31
78 77 31
77 94 31
F32
1024
43 38 32
38 40 32
40 36 32
36 32 32
32 29 32
29 27 32
27 26 32
F33
1024
52 51 33
51 50 33
50 49 33
49 63 33
63 64 33
64 65 33
F34
1024
70 69 34
69 68 34
68 82 34
82 81 34
F35
1024
86 87 35
87 88 35
88 83 35
83 82 35
82 81 35
81 80 35
80 79 35
79 92 35
F36
1024
83 82 36
82 68 36
68 54 36
54 34 36
F37
1024
71 56 37
56 38 37
38 40 37
40 36 37
36 32 37
32 34 37
34 31 37
31 28 37
F38
1024
52 51 38
51 50 38
50 49 38
49 63 38
63 64 38
64 65 38
F39
1024
41 40 39
40 36 39
36 37 39
37 73 39
F40
1024
84 83 40
83 82 40
82 81 40
81 90 40
