F1
256
66 80 1
80 81 1
81 82 1
82 68 1
F2
256
2 15 2
15 14 2
14 11 2
11 12 2
12 47 2
47 61 2
61 75 2
F3
256
51 50 3
50 49 3
49 63 3
63 64 3
F4
256
17 18 4
18 49 4
49 63 4
63 77 4
F5
256
50 64 5
64 63 5
63 77 5
77 76 5
F6
256
96 95 6
95 76 6
75 77 6
77 63 6
63 49 6
49 18 6
18 17 6
17 20 6
F7
256
97 76 7
76 77 7
77 63 7
63 49 7
49 48 7
48 16 7
16 14 7
F8
256
84 83 8
83 82 8
82 81 8
81 90 8
F9
256
71 56 9
56 38 9
38 40 9
40 36 9
36 32 9
32 34 9
34 31 9
31 28 9
F10
256
84 83 10
83 82 10
82 81 10
81 90 10
F11
256
19 15 11
15 13 11
13 11 11
11 12 11
12 10 11
F12
256
74 75 12
75 76 12
76 77 12
77 63 12
63 64 12
64 78 12
78 77 12
77 94 12
F13
256
23 20 13
20 17 13
17 14 13
14 11 13
11 12 13
12 16 13
F14
512
70 69 14
69 68 14
68 82 14
82 81 14
F15
512
56 55 15
55 54 15
54 68 15
68 82 15
82 81 15
81 67 15
F16
512
23 20 16
20 17 16
17 14 16
14 11 16
11 12 16
12 16 16
F17
512
17 18 17
18 49 17
49 63 17
63 77 17
F18
512
4 9 18
9 8 18
8 11 18
11 12 18
12 47 18
47 46 18
F19
512
4 9 19
9 8 19
8 11 19
11 12 19
12 47 19
47 46 19
F20
512
27 29 20
29 32 20
32 36 20
36 35 20
35 55 20
F21
512
51 50 21
50 49 21
49 63 21
63 64 21
F22
512
96 95 22
95 76 22
75 77 22
77 63 22
63 49 22
49 18 22
18 17 22
17 20 22
F23
512
66 80 23
80 81 23
81 82 23
82 68 23
F24
1024
74 75 24
75 76 24
76 77 24
77 63 24
63 64 24
64 78 24
78 77 24
77 94 24
F25
1024
19 15 25
15 13 25
13 11 25
11 12 25
12 10 25
F26
1024
83 82 26
82 68 26
68 54 26
54 34 26
F27
1024
23 20 27
20 17 27
17 14 27
14 11 27
11 12 27
12 16 27
F28
1024
9 8 28
8 11 28
11 14 28
14 15 28
F29
1024
43 38 29
38 40 29
40 36 29
36 32 29
32 29 29
29 27 29
27 26 29
F30
1024
71 56 30
56 38 30
38 40 30
40 36 30
36 32 30
32 34 30
34 31 30
31 28 30
F31
1024
97 76 31
76 77 31
77 63 31
63 49 31
49 48 31
48 16 31
16 14 31
F32
1024
70 69 32
69 68 32
68 82 32
82 81 32
F33
1024
95 76 33
76 77 33
77 63 33
63 49 33
49 50 33
50 22 33
22 18 33
F34
1024
59 39 34
39 40 34
40 36 34
36 37 34
37 33 34
33 98 34
F35
1024
66 80 35
80 81 35
81 82 35
82 68 35
F36
1024
72 20 36
20 17 36
17 14 36
14 11 36
11 8 36
8 9 36
9 6 36
F37
1024
85 84 37
84 83 37
83 82 37
82 81 37
81 80 37
80 91 37
F38
1024
83 82 38
82 68 38
68 54 38
54 34 38
F39
1024
87 84 39
84 83 39
83 82 39
82 89 39
F40
1024
95 76 40
76 77 40
77 63 40
63 49 40
49 50 40
50 22 40
22 18 40
