F1
256
69 68 1
68 82 1
82 81 1
81 80 1
F2
256
45 42 2
42 39 2
39 40 2
40 36 2
36 37 2
37 33 2
33 98 2
F3
256
44 19 3
19 15 3
15 14 3
14 11 3
11 12 3
12 47 3
47 48 3
48 49 3
F4
256
45 42 4
42 39 4
39 40 4
40 36 4
36 37 4
37 33 4
33 98 4
F5
256
85 84 5
84 83 5
83 82 5
82 81 5
81 80 5
80 91 5
F6
256
71 56 6
56 38 6
38 40 6
40 36 6
36 32 6
32 34 6
34 31 6
31 28 6
F7
256
4 9 7
9 8 7
8 11 7
11 12 7
12 47 7
47 46 7
F8
256
87 84 8
84 83 8
83 82 8
82 89 8
F9
256
50 64 9
64 63 9
63 77 9
77 76 9
F10
256
51 50 10
50 49 10
49 63 10
63 64 10
F11
256
95 76 11
76 77 11
77 63 11
63 49 11
49 50 11
50 22 11
22 18 11
F12
512
83 82 12
82 68 12
68 54 12
54 34 12
F13
512
51 50 13
50 49 13
49 63 13
63 64 13
F14
512
71 56 14
56 38 14
38 40 14
40 36 14
36 32 14
32 34 14
34 31 14
31 28 14
F15
512
56 55 15
55 54 15
54 68 15
68 82 15
82 81 15
81 67 15
F16
512
58 19 16
19 15 16
15 13 16
13 11 16
11 8 16
8 10 16
10 7 16
F17
512
22 50 17
50 49 17
49 63 17
63 62 17
62 61 17
F18
512
72 20 18
20 17 18
17 14 18
14 11 18
11 8 18
8 9 18
9 6 18
F19
512
57 56 19
56 55 19
55 35 19
35 36 19
36 32 19
32 29 19
29 30 19
F20
512
83 82 20
82 68 20
68 54 20
54 34 20
F21
512
84 83 21
83 82 21
82 81 21
81 90 21
F22
512
43 38 22
38 40 22
40 36 22
36 32 22
32 29 22
29 27 22
27 26 22
F23
512
71 56 23
56 38 23
38 40 23
40 36 23
36 32 23
32 34 23
34 31 23
31 28 23
F24
512
59 39 24
39 40 24
40 36 24
36 37 24
37 33 24
33 98 24
F25
512
1 13 25
13 11 25
11 12 25
12 47 25
47 61 25
61 60 25
F26
512
59 39 26
39 40 26
40 36 26
36 37 26
37 33 26
33 98 26
F27
512
57 56 27
56 55 27
55 35 27
35 36 27
36 32 27
32 29 27
29 30 27
F28
1024
57 56 28
56 55 28
55 35 28
35 36 28
36 32 28
32 29 28
29 30 28
F29
1024
97 76 29
76 77 29
77 63 29
63 49 29
49 48 29
48 16 29
16 14 29
F30
1024
83 82 30
82 68 30
68 54 30
54 34 30
F31
1024
85 84 31
84 83 31
83 82 31
82 81 31
81 80 31
80 91 31
F32
1024
54 68 32
68 82 32
82 81 32
81 80 32
80 79 32
F33
1024
43 38 33
38 40 33
40 36 33
36 32 33
32 29 33
29 27 33
27 26 33
F34
1024
19 15 34
15 13 34
13 11 34
11 12 34
12 10 34
F35
1024
96 95 35
95 76 35
75 77 35
77 63 35
63 49 35
49 18 35
18 17 35
17 20 35
F36
1024
83 82 36
82 68 36
68 54 36
54 34 36
F37
1024
41 40 37
40 36 37
36 37 37
37 73 37
F38
1024
72 20 38
20 17 38
17 14 38
14 11 38
11 8 38
8 9 38
9 6 38
F39
1024
27 29 39
29 32 39
32 36 39
36 35 39
35 55 39
F40
1024
50 64 40
64 63 40
63 77 40
77 76 40
