F1
256
21 19 1
19 17 1
17 14 1
14 11 1
11 8 1
8 5 1
F2
256
93 78 2
78 64 2
64 63 2
63 49 2
49 18 2
18 16 2
16 12 2
F3
256
83 82 3
82 68 3
68 54 3
54 34 3
F4
256
56 55 4
55 54 4
54 68 4
68 82 4
82 81 4
81 67 4
F5
256
17 18 5
18 49 5
49 63 5
63 77 5
F6
256
71 56 6
56 38 6
38 40 6
40 36 6
36 32 6
32 34 6
34 31 6
31 28 6
F7
256
58 19 7
19 15 7
15 13 7
13 11 7
11 8 7
8 10 7
10 7 7
F8
256
51 50 8
50 49 8
49 63 8
63 64 8
F9
256
23 20 9
20 17 9
17 14 9
14 11 9
11 12 9
12 16 9
F10
256
70 69 10
69 68 10
68 82 10
82 81 10
F11
256
88 83 11
83 69 11
69 55 11
55 54 11
54 53 11
F12
256
59 39 12
39 40 12
40 36 12
36 37 12
37 33 12
33 98 12
F13
256
19 15 13
15 13 13
13 11 13
11 12 13
12 10 13
F14
256
2 15 14
15 14 14
14 11 14
11 12 14
12 47 14
47 61 14
61 75 14
F15
256
52 51 15
51 50 15
50 49 15
49 63 15
63 64 15
64 65 15
F16
256
43 38 16
38 40 16
40 36 16
36 32 16
32 29 16
29 27 16
27 26 16
F17
256
69 68 17
68 82 17
82 81 17
81 80 17
F18
512
22 50 18
50 49 18
49 63 18
63 62 18
62 61 18
F19
512
41 40 19
40 36 19
36 37 19
37 73 19
F20
512
41 40 20
40 36 20
36 37 20
37 73 20
F21
512
52 51 21
51 50 21
50 49 21
49 63 21
63 64 21
64 65 21
F22
512
23 20 22
20 17 22
17 14 22
14 11 22
11 12 22
12 16 22
F23
512
74 75 23
75 76 23
76 77 23
77 63 23
63 64 23
64 78 23
78 77 23
77 94 23
F24
512
27 29 24
29 32 24
32 36 24
36 35 24
35 55 24
F25
512
2 15 25
15 14 25
14 11 25
11 12 25
12 47 25
47 61 25
61 75 25
F26
512
71 56 26
56 38 26
38 40 26
40 36 26
36 32 26
32 34 26
34 31 26
31 28 26
F27
512
3 6 27
6 9 27
9 13 27
13 11 27
11 14 27
14 16 27
16 48 27
48 62 27
F28
512
86 87 28
87 88 28
88 83 28
83 82 28
82 81 28
81 80 28
80 79 28
79 92 28
F29
512
19 15 29
15 13 29
13 11 29
11 12 29
12 10 29
F30
512
17 18 30
18 49 30
49 63 30
63 77 30
F31
512
51 50 31
50 49 31
49 63 31
63 64 31
F32
512
74 75 32
75 76 32
76 77 32
77 63 32
63 64 32
64 78 32
78 77 32
77 94 32
F33
512
41 40 33
40 36 33
36 37 33
37 73 33
F34
512
4 9 34
9 8 34
8 11 34
11 12 34
12 47 34
47 46 34
F35
512
58 19 35
19 15 35
15 13 35
13 11 35
11 8 35
8 10 35
10 7 35
F36
1024
45 42 36
42 39 36
39 40 36
40 36 36
36 37 36
37 33 36
33 98 36
F37
1024
95 76 37
76 77 37
77 63 37
63 49 37
49 50 37
50 22 37
22 18 37
F38
1024
57 56 38
56 55 38
55 35 38
35 36 38
36 32 38
32 29 38
29 30 38
F39
1024
44 19 39
19 15 39
15 14 39
14 11 39
11 12 39
12 47 39
47 48 39
48 49 39
F40
1024
83 82 40
82 68 40
68 54 40
54 34 40
