F1
256
74 75 1
75 76 1
76 77 1
77 63 1
63 64 1
64 78 1
78 77 1
77 94 1
F2
256
83 82 2
82 68 2
68 54 2
54 34 2
F3
256
50 64 3
64 63 3
63 77 3
77 76 3
F4
256
96 95 4
95 76 4
75 77 4
77 63 4
63 49 4
49 18 4
18 17 4
17 20 4
F5
256
69 68 5
68 82 5
82 81 5
81 80 5
F6
256
59 39 6
39 40 6
40 36 6
36 37 6
37 33 6
33 98 6
F7
256
27 29 7
29 32 7
32 36 7
36 35 7
35 55 7
F8
256
4 9 8
9 8 8
8 11 8
11 12 8
12 47 8
47 46 8
F9
512
42 41 9
41 40 9
40 36 9
36 37 9
37 73 9
73 98 9
98 100 9
F10
512
45 42 10
42 39 10
39 40 10
40 36 10
36 37 10
37 33 10
33 98 10
F11
512
2 15 11
15 14 11
14 11 11
11 12 11
12 47 11
47 61 11
61 75 11
F12
512
2 15 12
15 14 12
14 11 12
11 12 12
12 47 12
47 61 12
61 75 12
F13
512
21 19 13
19 17 13
17 14 13
14 11 13
11 8 13
8 5 13
F14
512
2 15 14
15 14 14
14 11 14
11 12 14
12 47 14
47 61 14
61 75 14
F15
512
43 38 15
38 40 15
40 36 15
36 32 15
32 29 15
29 27 15
27 26 15
F16
512
44 19 16
19 15 16
15 14 16
14 11 16
11 12 16
12 47 16
47 48 16
48 49 16
F17
512
84 83 17
83 82 17
82 81 17
81 90 17
F18
512
84 83 18
83 82 18
82 81 18
81 90 18
F19
512
3 6 19
6 9 19
9 13 19
13 11 19
11 14 19
14 16 19
16 48 19
48 62 19
F20
512
66 80 20
80 81 20
81 82 20
82 68 20
F21
512
69 68 21
68 82 21
82 81 21
81 80 21
F22
512
1 13 22
13 11 22
11 12 22
12 47 22
47 61 22
61 60 22
F23
1024
93 78 23
78 64 23
64 63 23
63 49 23
49 18 23
18 16 23
16 12 23
F24
1024
72 20 24
20 17 24
17 14 24
14 11 24
11 8 24
8 9 24
9 6 24
F25
1024
42 41 25
41 40 25
40 36 25
36 37 25
37 73 25
73 98 25
98 100 25
F26
1024
70 69 26
69 68 26
68 82 26
82 81 26
F27
1024
72 20 27
20 17 27
17 14 27
14 11 27
11 8 27
8 9 27
9 6 27
F28
1024
52 51 28
51 50 28
50 49 28
49 63 28
63 64 28
64 65 28
F29
1024
58 19 29
19 15 29
15 13 29
13 11 29
11 8 29
8 10 29
10 7 29
F30
1024
1 13 30
13 11 30
11 12 30
12 47 30
47 61 30
61 60 30
F31
1024
45 42 31
42 39 31
39 40 31
40 36 31
36 37 31
37 33 31
33 98 31
F32
1024
21 19 32
19 17 32
17 14 32
14 11 32
11 8 32
8 5 32
F33
1024
71 56 33
56 38 33
38 40 33
40 36 33
36 32 33
32 34 33
34 31 33
31 28 33
F34
1024
97 76 34
76 77 34
77 63 34
63 49 34
49 48 34
48 16 34
16 14 34
F35
1024
74 75 35
75 76 35
76 77 35
77 63 35
63 64 35
64 78 35
78 77 35
77 94 35
F36
1024
3 6 36
6 9 36
9 13 36
13 11 36
11 14 36
14 16 36
16 48 36
48 62 36
F37
1024
83 82 37
82 68 37
68 54 37
54 34 37
F38
1024
27 29 38
29 32 38
32 36 38
36 35 38
35 55 38
F39
1024
41 40 39
40 36 39
36 37 39
37 73 39
F40
1024
88 83 40
83 69 40
69 55 40
55 54 40
54 53 40
