F1
256
85 84 1
84 83 1
83 82 1
82 81 1
81 80 1
80 91 1
F2
256
58 19 2
19 15 2
15 13 2
13 11 2
11 8 2
8 10 2
10 7 2
F3
256
4 9 3
9 8 3
8 11 3
11 12 3
12 47 3
47 46 3
F4
256
43 38 4
38 40 4
40 36 4
36 32 4
32 29 4
29 27 4
27 26 4
F5
256
51 50 5
50 49 5
49 63 5
63 64 5
F6
256
22 50 6
50 49 6
49 63 6
63 62 6
62 61 6
F7
256
19 15 7
15 13 7
13 11 7
11 12 7
12 10 7
F8
256
45 42 8
42 39 8
39 40 8
40 36 8
36 37 8
37 33 8
33 98 8
F9
256
2 15 9
15 14 9
14 11 9
11 12 9
12 47 9
47 61 9
61 75 9
F10
256
54 68 10
68 82 10
82 81 10
81 80 10
80 79 10
F11
256
23 20 11
20 17 11
17 14 11
14 11 11
11 12 11
12 16 11
F12
512
74 75 12
75 76 12
76 77 12
77 63 12
63 64 12
64 78 12
78 77 12
77 94 12
F13
512
21 19 13
19 17 13
17 14 13
14 11 13
11 8 13
8 5 13
F14
512
17 18 14
18 49 14
49 63 14
63 77 14
F15
512
93 78 15
78 64 15
64 63 15
63 49 15
49 18 15
18 16 15
16 12 15
F16
512
56 55 16
55 54 16
54 68 16
68 82 16
82 81 16
81 67 16
F17
512
74 75 17
75 76 17
76 77 17
77 63 17
63 64 17
64 78 17
78 77 17
77 94 17
F18
512
21 19 18
19 17 18
17 14 18
14 11 18
11 8 18
8 5 18
F19
512
21 19 19
19 17 19
17 14 19
14 11 19
11 8 19
8 5 19
F20
512
87 84 20
84 83 20
83 82 20
82 89 20
F21
512
59 39 21
39 40 21
40 36 21
36 37 21
37 33 21
33 98 21
F22
512
72 20 22
20 17 22
17 14 22
14 11 22
11 8 22
8 9 22
9 6 22
F23
512
66 80 23
80 81 23
81 82 23
82 68 23
F24
512
45 42 24
42 39 24
39 40 24
40 36 24
36 37 24
37 33 24
33 98 24
F25
1024
9 8 25
8 11 25
11 14 25
14 15 25
F26
1024
2 15 26
15 14 26
14 11 26
11 12 26
12 47 26
47 61 26
61 75 26
F27
1024
19 15 27
15 13 27
13 11 27
11 12 27
12 10 27
F28
1024
43 38 28
38 40 28
40 36 28
36 32 28
32 29 28
29 27 28
27 26 28
F29
1024
22 50 29
50 49 29
49 63 29
63 62 29
62 61 29
F30
1024
22 50 30
50 49 30
49 63 30
63 62 30
62 61 30
F31
1024
23 20 31
20 17 31
17 14 31
14 11 31
11 12 31
12 16 31
F32
1024
3 6 32
6 9 32
9 13 32
13 11 32
11 14 32
14 16 32
16 48 32
48 62 32
F33
1024
87 84 33
84 83 33
83 82 33
82 89 33
F34
1024
52 51 34
51 50 34
50 49 34
49 63 34
63 64 34
64 65 34
F35
1024
86 87 35
87 88 35
88 83 35
83 82 35
82 81 35
81 80 35
80 79 35
79 92 35
F36
1024
17 18 36
18 49 36
49 63 36
63 77 36
F37
1024
93 78 37
78 64 37
64 63 37
63 49 37
49 18 37
18 16 37
16 12 37
F38
1024
41 40 38
40 36 38
36 37 38
37 73 38
F39
1024
43 38 39
38 40 39
40 36 39
36 32 39
32 29 39
29 27 39
27 26 39
F40
1024
59 39 40
39 40 40
40 36 40
36 37 40
37 33 40
33 98 40
