F1
256
96 95 1
95 76 1
75 77 1
77 63 1
63 49 1
49 18 1
18 17 1
17 20 1
F2
256
93 78 2
78 64 2
64 63 2
63 49 2
49 18 2
18 16 2
16 12 2
F3
256
95 76 3
76 77 3
77 63 3
63 49 3
49 50 3
50 22 3
22 18 3
F4
256
70 69 4
69 68 4
68 82 4
82 81 4
F5
256
19 15 5
15 13 5
13 11 5
11 12 5
12 10 5
F6
256
87 84 6
84 83 6
83 82 6
82 89 6
F7
256
97 76 7
76 77 7
77 63 7
63 49 7
49 48 7
48 16 7
16 14 7
F8
256
85 84 8
84 83 8
83 82 8
82 81 8
81 80 8
80 91 8
F9
256
19 15 9
15 13 9
13 11 9
11 12 9
12 10 9
F10
256
58 19 10
19 15 10
15 13 10
13 11 10
11 8 10
8 10 10
10 7 10
F11
256
51 50 11
50 49 11
49 63 11
63 64 11
F12
256
83 82 12
82 68 12
68 54 12
54 34 12
F13
256
84 83 13
83 82 13
82 81 13
81 90 13
F14
256
70 69 14
69 68 14
68 82 14
82 81 14
F15
256
9 8 15
8 11 15
11 14 15
14 15 15
F16
256
93 78 16
78 64 16
64 63 16
63 49 16
49 18 16
18 16 16
16 12 16
F17
256
84 83 17
83 82 17
82 81 17
81 90 17
F18
512
52 51 18
51 50 18
50 49 18
49 63 18
63 64 18
64 65 18
F19
512
22 50 19
50 49 19
49 63 19
63 62 19
62 61 19
F20
512
4 9 20
9 8 20
8 11 20
11 12 20
12 47 20
47 46 20
F21
512
42 41 21
41 40 21
40 36 21
36 37 21
37 73 21
73 98 21
98 100 21
F22
512
45 42 22
42 39 22
39 40 22
40 36 22
36 37 22
37 33 22
33 98 22
F23
512
57 56 23
56 55 23
55 35 23
35 36 23
36 32 23
32 29 23
29 30 23
F24
512
17 18 24
18 49 24
49 63 24
63 77 24
F25
512
86 87 25
87 88 25
88 83 25
83 82 25
82 81 25
81 80 25
80 79 25
79 92 25
F26
512
87 84 26
84 83 26
83 82 26
82 89 26
F27
512
52 51 27
51 50 27
50 49 27
49 63 27
63 64 27
64 65 27
F28
512
44 19 28
19 15 28
15 14 28
14 11 28
11 12 28
12 47 28
47 48 28
48 49 28
F29
512
42 41 29
41 40 29
40 36 29
36 37 29
37 73 29
73 98 29
98 100 29
F30
1024
43 38 30
38 40 30
40 36 30
36 32 30
32 29 30
29 27 30
27 26 30
F31
1024
56 55 31
55 54 31
54 68 31
68 82 31
82 81 31
81 67 31
F32
1024
56 55 32
55 54 32
54 68 32
68 82 32
82 81 32
81 67 32
F33
1024
44 19 33
19 15 33
15 14 33
14 11 33
11 12 33
12 47 33
47 48 33
48 49 33
F34
1024
85 84 34
84 83 34
83 82 34
82 81 34
81 80 34
80 91 34
F35
1024
57 56 35
56 55 35
55 35 35
35 36 35
36 32 35
32 29 35
29 30 35
F36
1024
59 39 36
39 40 36
40 36 36
36 37 36
37 33 36
33 98 36
F37
1024
22 50 37
50 49 37
49 63 37
63 62 37
62 61 37
F38
1024
27 29 38
29 32 38
32 36 38
36 35 38
35 55 38
F39
1024
84 83 39
83 82 39
82 81 39
81 90 39
F40
1024
56 55 40
55 54 40
54 68 40
68 82 40
82 81 40
81 67 40
