F1
256
27 29 1
29 32 1
32 36 1
36 35 1
35 55 1
F2
256
45 42 2
42 39 2
39 40 2
40 36 2
36 37 2
37 33 2
33 98 2
F3
256
43 38 3
38 40 3
40 36 3
36 32 3
32 29 3
29 27 3
27 26 3
F4
256
1 13 4
13 11 4
11 12 4
12 47 4
47 61 4
61 60 4
F5
256
9 8 5
8 11 5
11 14 5
14 15 5
F6
256
58 19 6
19 15 6
15 13 6
13 11 6
11 8 6
8 10 6
10 7 6
F7
256
27 29 7
29 32 7
32 36 7
36 35 7
35 55 7
F8
256
3 6 8
6 9 8
9 13 8
13 11 8
11 14 8
14 16 8
16 48 8
48 62 8
F9
256
52 51 9
51 50 9
50 49 9
49 63 9
63 64 9
64 65 9
F10
256
72 20 10
20 17 10
17 14 10
14 11 10
11 8 10
8 9 10
9 6 10
F11
256
70 69 11
69 68 11
68 82 11
82 81 11
F12
256
19 15 12
15 13 12
13 11 12
11 12 12
12 10 12
F13
256
58 19 13
19 15 13
15 13 13
13 11 13
11 8 13
8 10 13
10 7 13
F14
256
86 87 14
87 88 14
88 83 14
83 82 14
82 81 14
81 80 14
80 79 14
79 92 14
F15
256
19 15 15
15 13 15
13 11 15
11 12 15
12 10 15
F16
512
56 55 16
55 54 16
54 68 16
68 82 16
82 81 16
81 67 16
F17
512
54 68 17
68 82 17
82 81 17
81 80 17
80 79 17
F18
512
84 83 18
83 82 18
82 81 18
81 90 18
F19
512
9 8 19
8 11 19
11 14 19
14 15 19
F20
512
85 84 20
84 83 20
83 82 20
82 81 20
81 80 20
80 91 20
F21
512
45 42 21
42 39 21
39 40 21
40 36 21
36 37 21
37 33 21
33 98 21
F22
512
1 13 22
13 11 22
11 12 22
12 47 22
47 61 22
61 60 22
F23
512
41 40 23
40 36 23
36 37 23
37 73 23
F24
512
74 75 24
75 76 24
76 77 24
77 63 24
63 64 24
64 78 24
78 77 24
77 94 24
F25
1024
42 41 25
41 40 25
40 36 25
36 37 25
37 73 25
73 98 25
98 100 25
F26
1024
41 40 26
40 36 26
36 37 26
37 73 26
F27
1024
1 13 27
13 11 27
11 12 27
12 47 27
47 61 27
61 60 27
F28
1024
70 69 28
69 68 28
68 82 28
82 81 28
F29
1024
50 64 29
64 63 29
63 77 29
77 76 29
F30
1024
83 82 30
82 68 30
68 54 30
54 34 30
F31
1024
51 50 31
50 49 31
49 63 31
63 64 31
F32
1024
19 15 32
15 13 32
13 11 32
11 12 32
12 10 32
F33
1024
58 19 33
19 15 33
15 13 33
13 11 33
11 8 33
8 10 33
10 7 33
F34
1024
83 82 34
82 68 34
68 54 34
54 34 34
F35
1024
2 15 35
15 14 35
14 11 35
11 12 35
12 47 35
47 61 35
61 75 35
F36
1024
9 8 36
8 11 36
11 14 36
14 15 36
F37
1024
87 84 37
84 83 37
83 82 37
82 89 37
F38
1024
96 95 38
95 76 38
75 77 38
77 63 38
63 49 38
49 18 38
18 17 38
17 20 38
F39
1024
19 15 39
15 13 39
13 11 39
11 12 39
12 10 39
F40
1024
51 50 40
50 49 40
49 63 40
63 64 40
