F1
256
86 87 1
87 88 1
88 83 1
83 82 1
82 81 1
81 80 1
80 79 1
79 92 1
F2
256
41 40 2
40 36 2
36 37 2
37 73 2
F3
256
83 82 3
82 68 3
68 54 3
54 34 3
F4
256
9 8 4
8 11 4
11 14 4
14 15 4
F5
256
66 80 5
80 81 5
81 82 5
82 68 5
F6
256
70 69 6
69 68 6
68 82 6
82 81 6
F7
256
1 13 7
13 11 7
11 12 7
12 47 7
47 61 7
61 60 7
F8
256
95 76 8
76 77 8
77 63 8
63 49 8
49 50 8
50 22 8
22 18 8
F9
256
43 38 9
38 40 9
40 36 9
36 32 9
32 29 9
29 27 9
27 26 9
F10
256
43 38 10
38 40 10
40 36 10
36 32 10
32 29 10
29 27 10
27 26 10
F11
256
50 64 11
64 63 11
63 77 11
77 76 11
F12
256
84 83 12
83 82 12
82 81 12
81 90 12
F13
256
97 76 13
76 77 13
77 63 13
63 49 13
49 48 13
48 16 13
16 14 13
F14
256
54 68 14
68 82 14
82 81 14
81 80 14
80 79 14
F15
256
41 40 15
40 36 15
36 37 15
37 73 15
F16
256
86 87 16
87 88 16
88 83 16
83 82 16
82 81 16
81 80 16
80 79 16
79 92 16
F17
512
42 41 17
41 40 17
40 36 17
36 37 17
37 73 17
73 98 17
98 100 17
F18
512
43 38 18
38 40 18
40 36 18
36 32 18
32 29 18
29 27 18
27 26 18
F19
512
87 84 19
84 83 19
83 82 19
82 89 19
F20
512
22 50 20
50 49 20
49 63 20
63 62 20
62 61 20
F21
512
41 40 21
40 36 21
36 37 21
37 73 21
F22
512
57 56 22
56 55 22
55 35 22
35 36 22
36 32 22
32 29 22
29 30 22
F23
512
56 55 23
55 54 23
54 68 23
68 82 23
82 81 23
81 67 23
F24
512
97 76 24
76 77 24
77 63 24
63 49 24
49 48 24
48 16 24
16 14 24
F25
512
59 39 25
39 40 25
40 36 25
36 37 25
37 33 25
33 98 25
F26
512
52 51 26
51 50 26
50 49 26
49 63 26
63 64 26
64 65 26
F27
512
56 55 27
55 54 27
54 68 27
68 82 27
82 81 27
81 67 27
F28
512
87 84 28
84 83 28
83 82 28
82 89 28
F29
1024
21 19 29
19 17 29
17 14 29
14 11 29
11 8 29
8 5 29
F30
1024
17 18 30
18 49 30
49 63 30
63 77 30
F31
1024
19 15 31
15 13 31
13 11 31
11 12 31
12 10 31
F32
1024
71 56 32
56 38 32
38 40 32
40 36 32
36 32 32
32 34 32
34 31 32
31 28 32
F33
1024
56 55 33
55 54 33
54 68 33
68 82 33
82 81 33
81 67 33
F34
1024
84 83 34
83 82 34
82 81 34
81 90 34
F35
1024
69 68 35
68 82 35
82 81 35
81 80 35
F36
1024
57 56 36
56 55 36
55 35 36
35 36 36
36 32 36
32 29 36
29 30 36
F37
1024
4 9 37
9 8 37
8 11 37
11 12 37
12 47 37
47 46 37
F38
1024
54 68 38
68 82 38
82 81 38
81 80 38
80 79 38
F39
1024
1 13 39
13 11 39
11 12 39
12 47 39
47 61 39
61 60 39
F40
1024
97 76 40
76 77 40
77 63 40
63 49 40
49 48 40
48 16 40
16 14 40
