F1
256
51 50 1
50 49 1
49 63 1
63 64 1
F2
256
97 76 2
76 77 2
77 63 2
63 49 2
49 48 2
48 16 2
16 14 2
F3
256
71 56 3
56 38 3
38 40 3
40 36 3
36 32 3
32 34 3
34 31 3
31 28 3
F4
256
97 76 4
76 77 4
77 63 4
63 49 4
49 48 4
48 16 4
16 14 4
F5
256
17 18 5
18 49 5
49 63 5
63 77 5
F6
256
21 19 6
19 17 6
17 14 6
14 11 6
11 8 6
8 5 6
F7
256
51 50 7
50 49 7
49 63 7
63 64 7
F8
256
52 51 8
51 50 8
50 49 8
49 63 8
63 64 8
64 65 8
F9
256
74 75 9
75 76 9
76 77 9
77 63 9
63 64 9
64 78 9
78 77 9
77 94 9
F10
256
96 95 10
95 76 10
75 77 10
77 63 10
63 49 10
49 18 10
18 17 10
17 20 10
F11
256
4 9 11
9 8 11
8 11 11
11 12 11
12 47 11
47 46 11
F12
256
45 42 12
42 39 12
39 40 12
40 36 12
36 37 12
37 33 12
33 98 12
F13
256
69 68 13
68 82 13
82 81 13
81 80 13
F14
256
51 50 14
50 49 14
49 63 14
63 64 14
F15
512
66 80 15
80 81 15
81 82 15
82 68 15
F16
512
57 56 16
56 55 16
55 35 16
35 36 16
36 32 16
32 29 16
29 30 16
F17
512
43 38 17
38 40 17
40 36 17
36 32 17
32 29 17
29 27 17
27 26 17
F18
512
45 42 18
42 39 18
39 40 18
40 36 18
36 37 18
37 33 18
33 98 18
F19
512
17 18 19
18 49 19
49 63 19
63 77 19
F20
512
45 42 20
42 39 20
39 40 20
40 36 20
36 37 20
37 33 20
33 98 20
F21
512
96 95 21
95 76 21
75 77 21
77 63 21
63 49 21
49 18 21
18 17 21
17 20 21
F22
512
44 19 22
19 15 22
15 14 22
14 11 22
11 12 22
12 47 22
47 48 22
48 49 22
F23
512
17 18 23
18 49 23
49 63 23
63 77 23
F24
512
69 68 24
68 82 24
82 81 24
81 80 24
F25
1024
3 6 25
6 9 25
9 13 25
13 11 25
11 14 25
14 16 25
16 48 25
48 62 25
F26
1024
21 19 26
19 17 26
17 14 26
14 11 26
11 8 26
8 5 26
F27
1024
23 20 27
20 17 27
17 14 27
14 11 27
11 12 27
12 16 27
F28
1024
27 29 28
29 32 28
32 36 28
36 35 28
35 55 28
F29
1024
93 78 29
78 64 29
64 63 29
63 49 29
49 18 29
18 16 29
16 12 29
F30
1024
66 80 30
80 81 30
81 82 30
82 68 30
F31
1024
41 40 31
40 36 31
36 37 31
37 73 31
F32
1024
23 20 32
20 17 32
17 14 32
14 11 32
11 12 32
12 16 32
F33
1024
70 69 33
69 68 33
68 82 33
82 81 33
F34
1024
58 19 34
19 15 34
15 13 34
13 11 34
11 8 34
8 10 34
10 7 34
F35
1024
4 9 35
9 8 35
8 11 35
11 12 35
12 47 35
47 46 35
F36
1024
9 8 36
8 11 36
11 14 36
14 15 36
F37
1024
57 56 37
56 55 37
55 35 37
35 36 37
36 32 37
32 29 37
29 30 37
F38
1024
93 78 38
78 64 38
64 63 38
63 49 38
49 18 38
18 16 38
16 12 38
F39
1024
66 80 39
80 81 39
81 82 39
82 68 39
F40
1024
96 95 40
95 76 40
75 77 40
77 63 40
63 49 40
49 18 40
18 17 40
17 20 40
