F1
256
23 20 1
20 17 1
17 14 1
14 11 1
11 12 1
12 16 1
F2
256
21 19 2
19 17 2
17 14 2
14 11 2
11 8 2
8 5 2
F3
256
95 76 3
76 77 3
77 63 3
63 49 3
49 50 3
50 22 3
22 18 3
F4
256
2 15 4
15 14 4
14 11 4
11 12 4
12 47 4
47 61 4
61 75 4
F5
256
23 20 5
20 17 5
17 14 5
14 11 5
11 12 5
12 16 5
F6
256
1 13 6
13 11 6
11 12 6
12 47 6
47 61 6
61 60 6
F7
256
95 76 7
76 77 7
77 63 7
63 49 7
49 50 7
50 22 7
22 18 7
F8
256
85 84 8
84 83 8
83 82 8
82 81 8
81 80 8
80 91 8
F9
256
97 76 9
76 77 9
77 63 9
63 49 9
49 48 9
48 16 9
16 14 9
F10
256
70 69 10
69 68 10
68 82 10
82 81 10
F11
256
44 19 11
19 15 11
15 14 11
14 11 11
11 12 11
12 47 11
47 48 11
48 49 11
F12
256
50 64 12
64 63 12
63 77 12
77 76 12
F13
256
96 95 13
95 76 13
75 77 13
77 63 13
63 49 13
49 18 13
18 17 13
17 20 13
F14
256
21 19 14
19 17 14
17 14 14
14 11 14
11 8 14
8 5 14
F15
256
4 9 15
9 8 15
8 11 15
11 12 15
12 47 15
47 46 15
F16
256
96 95 16
95 76 16
75 77 16
77 63 16
63 49 16
49 18 16
18 17 16
17 20 16
F17
512
87 84 17
84 83 17
83 82 17
82 89 17
F18
512
45 42 18
42 39 18
39 40 18
40 36 18
36 37 18
37 33 18
33 98 18
F19
512
52 51 19
51 50 19
50 49 19
49 63 19
63 64 19
64 65 19
F20
512
74 75 20
75 76 20
76 77 20
77 63 20
63 64 20
64 78 20
78 77 20
77 94 20
F21
512
52 51 21
51 50 21
50 49 21
49 63 21
63 64 21
64 65 21
F22
512
17 18 22
18 49 22
49 63 22
63 77 22
F23
512
57 56 23
56 55 23
55 35 23
35 36 23
36 32 23
32 29 23
29 30 23
F24
512
86 87 24
87 88 24
88 83 24
83 82 24
82 81 24
81 80 24
80 79 24
79 92 24
F25
512
54 68 25
68 82 25
82 81 25
81 80 25
80 79 25
F26
512
52 51 26
51 50 26
50 49 26
49 63 26
63 64 26
64 65 26
F27
512
95 76 27
76 77 27
77 63 27
63 49 27
49 50 27
50 22 27
22 18 27
F28
512
93 78 28
78 64 28
64 63 28
63 49 28
49 18 28
18 16 28
16 12 28
F29
512
9 8 29
8 11 29
11 14 29
14 15 29
F30
1024
96 95 30
95 76 30
75 77 30
77 63 30
63 49 30
49 18 30
18 17 30
17 20 30
F31
1024
57 56 31
56 55 31
55 35 31
35 36 31
36 32 31
32 29 31
29 30 31
F32
1024
59 39 32
39 40 32
40 36 32
36 37 32
37 33 32
33 98 32
F33
1024
71 56 33
56 38 33
38 40 33
40 36 33
36 32 33
32 34 33
34 31 33
31 28 33
F34
1024
74 75 34
75 76 34
76 77 34
77 63 34
63 64 34
64 78 34
78 77 34
77 94 34
F35
1024
93 78 35
78 64 35
64 63 35
63 49 35
49 18 35
18 16 35
16 12 35
F36
1024
88 83 36
83 69 36
69 55 36
55 54 36
54 53 36
F37
1024
57 56 37
56 55 37
55 35 37
35 36 37
36 32 37
32 29 37
29 30 37
F38
1024
9 8 38
8 11 38
11 14 38
14 15 38
F39
1024
86 87 39
87 88 39
88 83 39
83 82 39
82 81 39
81 80 39
80 79 39
79 92 39
F40
1024
45 42 40
42 39 40
39 40 40
40 36 40
36 37 40
37 33 40
33 98 40
