F1
256
17 18 1
18 49 1
49 63 1
63 77 1
F2
256
74 75 2
75 76 2
76 77 2
77 63 2
63 64 2
64 78 2
78 77 2
77 94 2
F3
256
93 78 3
78 64 3
64 63 3
63 49 3
49 18 3
18 16 3
16 12 3
F4
256
43 38 4
38 40 4
40 36 4
36 32 4
32 29 4
29 27 4
27 26 4
F5
256
42 41 5
41 40 5
40 36 5
36 37 5
37 73 5
73 98 5
98 100 5
F6
256
3 6 6
6 9 6
9 13 6
13 11 6
11 14 6
14 16 6
16 48 6
48 62 6
F7
256
42 41 7
41 40 7
40 36 7
36 37 7
37 73 7
73 98 7
98 100 7
F8
256
66 80 8
80 81 8
81 82 8
82 68 8
F9
512
83 82 9
82 68 9
68 54 9
54 34 9
F10
512
42 41 10
41 40 10
40 36 10
36 37 10
37 73 10
73 98 10
98 100 10
F11
512
17 18 11
18 49 11
49 63 11
63 77 11
F12
512
97 76 12
76 77 12
77 63 12
63 49 12
49 48 12
48 16 12
16 14 12
F13
512
2 15 13
15 14 13
14 11 13
11 12 13
12 47 13
47 61 13
61 75 13
F14
512
85 84 14
84 83 14
83 82 14
82 81 14
81 80 14
80 91 14
F15
512
51 50 15
50 49 15
49 63 15
63 64 15
F16
512
43 38 16
38 40 16
40 36 16
36 32 16
32 29 16
29 27 16
27 26 16
F17
512
54 68 17
68 82 17
82 81 17
81 80 17
80 79 17
F18
512
22 50 18
50 49 18
49 63 18
63 62 18
62 61 18
F19
512
3 6 19
6 9 19
9 13 19
13 11 19
11 14 19
14 16 19
16 48 19
48 62 19
F20
512
1 13 20
13 11 20
11 12 20
12 47 20
47 61 20
61 60 20
F21
512
50 64 21
64 63 21
63 77 21
77 76 21
F22
512
41 40 22
40 36 22
36 37 22
37 73 22
F23
512
87 84 23
84 83 23
83 82 23
82 89 23
F24
512
17 18 24
18 49 24
49 63 24
63 77 24
F25
512
42 41 25
41 40 25
40 36 25
36 37 25
37 73 25
73 98 25
98 100 25
F26
1024
95 76 26
76 77 26
77 63 26
63 49 26
49 50 26
50 22 26
22 18 26
F27
1024
9 8 27
8 11 27
11 14 27
14 15 27
F28
1024
22 50 28
50 49 28
49 63 28
63 62 28
62 61 28
F29
1024
69 68 29
68 82 29
82 81 29
81 80 29
F30
1024
17 18 30
18 49 30
49 63 30
63 77 30
F31
1024
41 40 31
40 36 31
36 37 31
37 73 31
F32
1024
83 82 32
82 68 32
68 54 32
54 34 32
F33
1024
1 13 33
13 11 33
11 12 33
12 47 33
47 61 33
61 60 33
F34
1024
59 39 34
39 40 34
40 36 34
36 37 34
37 33 34
33 98 34
F35
1024
9 8 35
8 11 35
11 14 35
14 15 35
F36
1024
27 29 36
29 32 36
32 36 36
36 35 36
35 55 36
F37
1024
96 95 37
95 76 37
75 77 37
77 63 37
63 49 37
49 18 37
18 17 37
17 20 37
F38
1024
66 80 38
80 81 38
81 82 38
82 68 38
F39
1024
2 15 39
15 14 39
14 11 39
11 12 39
12 47 39
47 61 39
61 75 39
F40
1024
96 95 40
95 76 40
75 77 40
77 63 40
63 49 40
49 18 40
18 17 40
17 20 40
