F1
256
21 19 1
19 17 1
17 14 1
14 11 1
11 8 1
8 5 1
F2
256
97 76 2
76 77 2
77 63 2
63 49 2
49 48 2
48 16 2
16 14 2
F3
256
93 78 3
78 64 3
64 63 3
63 49 3
49 18 3
18 16 3
16 12 3
F4
256
27 29 4
29 32 4
32 36 4
36 35 4
35 55 4
F5
256
88 83 5
83 69 5
69 55 5
55 54 5
54 53 5
F6
256
17 18 6
18 49 6
49 63 6
63 77 6
F7
256
74 75 7
75 76 7
76 77 7
77 63 7
63 64 7
64 78 7
78 77 7
77 94 7
F8
256
43 38 8
38 40 8
40 36 8
36 32 8
32 29 8
29 27 8
27 26 8
F9
256
1 13 9
13 11 9
11 12 9
12 47 9
47 61 9
61 60 9
F10
512
84 83 10
83 82 10
82 81 10
81 90 10
F11
512
2 15 11
15 14 11
14 11 11
11 12 11
12 47 11
47 61 11
61 75 11
F12
512
70 69 12
69 68 12
68 82 12
82 81 12
F13
512
84 83 13
83 82 13
82 81 13
81 90 13
F14
512
96 95 14
95 76 14
75 77 14
77 63 14
63 49 14
49 18 14
18 17 14
17 20 14
F15
512
51 50 15
50 49 15
49 63 15
63 64 15
F16
512
42 41 16
41 40 16
40 36 16
36 37 16
37 73 16
73 98 16
98 100 16
F17
512
21 19 17
19 17 17
17 14 17
14 11 17
11 8 17
8 5 17
F18
512
69 68 18
68 82 18
82 81 18
81 80 18
F19
512
23 20 19
20 17 19
17 14 19
14 11 19
11 12 19
12 16 19
F20
512
43 38 20
38 40 20
40 36 20
36 32 20
32 29 20
29 27 20
27 26 20
F21
512
72 20 21
20 17 21
17 14 21
14 11 21
11 8 21
8 9 21
9 6 21
F22
512
70 69 22
69 68 22
68 82 22
82 81 22
F23
512
45 42 23
42 39 23
39 40 23
40 36 23
36 37 23
37 33 23
33 98 23
F24
512
69 68 24
68 82 24
82 81 24
81 80 24
F25
512
52 51 25
51 50 25
50 49 25
49 63 25
63 64 25
64 65 25
F26
1024
51 50 26
50 49 26
49 63 26
63 64 26
F27
1024
74 75 27
75 76 27
76 77 27
77 63 27
63 64 27
64 78 27
78 77 27
77 94 27
F28
1024
84 83 28
83 82 28
82 81 28
81 90 28
F29
1024
54 68 29
68 82 29
82 81 29
81 80 29
80 79 29
F30
1024
52 51 30
51 50 30
50 49 30
49 63 30
63 64 30
64 65 30
F31
1024
88 83 31
83 69 31
69 55 31
55 54 31
54 53 31
F32
1024
58 19 32
19 15 32
15 13 32
13 11 32
11 8 32
8 10 32
10 7 32
F33
1024
52 51 33
51 50 33
50 49 33
49 63 33
63 64 33
64 65 33
F34
1024
83 82 34
82 68 34
68 54 34
54 34 34
F35
1024
69 68 35
68 82 35
82 81 35
81 80 35
F36
1024
4 9 36
9 8 36
8 11 36
11 12 36
12 47 36
47 46 36
F37
1024
51 50 37
50 49 37
49 63 37
63 64 37
F38
1024
9 8 38
8 11 38
11 14 38
14 15 38
F39
1024
54 68 39
68 82 39
82 81 39
81 80 39
80 79 39
F40
1024
54 68 40
68 82 40
82 81 40
81 80 40
80 79 40
