F1
256
69 68 1
68 82 1
82 81 1
81 80 1
F2
256
50 64 2
64 63 2
63 77 2
77 76 2
F3
256
9 8 3
8 11 3
11 14 3
14 15 3
F4
256
56 55 4
55 54 4
54 68 4
68 82 4
82 81 4
81 67 4
F5
256
74 75 5
75 76 5
76 77 5
77 63 5
63 64 5
64 78 5
78 77 5
77 94 5
F6
256
4 9 6
9 8 6
8 11 6
11 12 6
12 47 6
47 46 6
F7
256
71 56 7
56 38 7
38 40 7
40 36 7
36 32 7
32 34 7
34 31 7
31 28 7
F8
256
83 82 8
82 68 8
68 54 8
54 34 8
F9
256
56 55 9
55 54 9
54 68 9
68 82 9
82 81 9
81 67 9
F10
256
66 80 10
80 81 10
81 82 10
82 68 10
F11
256
95 76 11
76 77 11
77 63 11
63 49 11
49 50 11
50 22 11
22 18 11
F12
256
22 50 12
50 49 12
49 63 12
63 62 12
62 61 12
F13
256
27 29 13
29 32 13
32 36 13
36 35 13
35 55 13
F14
512
22 50 14
50 49 14
49 63 14
63 62 14
62 61 14
F15
512
70 69 15
69 68 15
68 82 15
82 81 15
F16
512
58 19 16
19 15 16
15 13 16
13 11 16
11 8 16
8 10 16
10 7 16
F17
512
54 68 17
68 82 17
82 81 17
81 80 17
80 79 17
F18
512
97 76 18
76 77 18
77 63 18
63 49 18
49 48 18
48 16 18
16 14 18
F19
512
43 38 19
38 40 19
40 36 19
36 32 19
32 29 19
29 27 19
27 26 19
F20
512
50 64 20
64 63 20
63 77 20
77 76 20
F21
512
54 68 21
68 82 21
82 81 21
81 80 21
80 79 21
F22
512
84 83 22
83 82 22
82 81 22
81 90 22
F23
512
97 76 23
76 77 23
77 63 23
63 49 23
49 48 23
48 16 23
16 14 23
F24
512
88 83 24
83 69 24
69 55 24
55 54 24
54 53 24
F25
512
21 19 25
19 17 25
17 14 25
14 11 25
11 8 25
8 5 25
F26
512
66 80 26
80 81 26
81 82 26
82 68 26
F27
512
69 68 27
68 82 27
82 81 27
81 80 27
F28
512
41 40 28
40 36 28
36 37 28
37 73 28
F29
1024
87 84 29
84 83 29
83 82 29
82 89 29
F30
1024
27 29 30
29 32 30
32 36 30
36 35 30
35 55 30
F31
1024
17 18 31
18 49 31
49 63 31
63 77 31
F32
1024
71 56 32
56 38 32
38 40 32
40 36 32
36 32 32
32 34 32
34 31 32
31 28 32
F33
1024
84 83 33
83 82 33
82 81 33
81 90 33
F34
1024
69 68 34
68 82 34
82 81 34
81 80 34
F35
1024
45 42 35
42 39 35
39 40 35
40 36 35
36 37 35
37 33 35
33 98 35
F36
1024
4 9 36
9 8 36
8 11 36
11 12 36
12 47 36
47 46 36
F37
1024
45 42 37
42 39 37
39 40 37
40 36 37
36 37 37
37 33 37
33 98 37
F38
1024
88 83 38
83 69 38
69 55 38
55 54 38
54 53 38
F39
1024
54 68 39
68 82 39
82 81 39
81 80 39
80 79 39
F40
1024
70 69 40
69 68 40
68 82 40
82 81 40
