F1
256
96 95 1
95 76 1
75 77 1
77 63 1
63 49 1
49 18 1
18 17 1
17 20 1
F2
256
54 68 2
68 82 2
82 81 2
81 80 2
80 79 2
F3
256
19 15 3
15 13 3
13 11 3
11 12 3
12 10 3
F4
256
96 95 4
95 76 4
75 77 4
77 63 4
63 49 4
49 18 4
18 17 4
17 20 4
F5
256
9 8 5
8 11 5
11 14 5
14 15 5
F6
256
83 82 6
82 68 6
68 54 6
54 34 6
F7
256
1 13 7
13 11 7
11 12 7
12 47 7
47 61 7
61 60 7
F8
256
1 13 8
13 11 8
11 12 8
12 47 8
47 61 8
61 60 8
F9
256
85 84 9
84 83 9
83 82 9
82 81 9
81 80 9
80 91 9
F10
256
27 29 10
29 32 10
32 36 10
36 35 10
35 55 10
F11
256
74 75 11
75 76 11
76 77 11
77 63 11
63 64 11
64 78 11
78 77 11
77 94 11
F12
256
66 80 12
80 81 12
81 82 12
82 68 12
F13
256
42 41 13
41 40 13
40 36 13
36 37 13
37 73 13
73 98 13
98 100 13
F14
256
71 56 14
56 38 14
38 40 14
40 36 14
36 32 14
32 34 14
34 31 14
31 28 14
F15
256
42 41 15
41 40 15
40 36 15
36 37 15
37 73 15
73 98 15
98 100 15
F16
256
52 51 16
51 50 16
50 49 16
49 63 16
63 64 16
64 65 16
F17
512
44 19 17
19 15 17
15 14 17
14 11 17
11 12 17
12 47 17
47 48 17
48 49 17
F18
512
22 50 18
50 49 18
49 63 18
63 62 18
62 61 18
F19
512
57 56 19
56 55 19
55 35 19
35 36 19
36 32 19
32 29 19
29 30 19
F20
512
41 40 20
40 36 20
36 37 20
37 73 20
F21
512
85 84 21
84 83 21
83 82 21
82 81 21
81 80 21
80 91 21
F22
512
74 75 22
75 76 22
76 77 22
77 63 22
63 64 22
64 78 22
78 77 22
77 94 22
F23
512
57 56 23
56 55 23
55 35 23
35 36 23
36 32 23
32 29 23
29 30 23
F24
512
96 95 24
95 76 24
75 77 24
77 63 24
63 49 24
49 18 24
18 17 24
17 20 24
F25
512
21 19 25
19 17 25
17 14 25
14 11 25
11 8 25
8 5 25
F26
512
52 51 26
51 50 26
50 49 26
49 63 26
63 64 26
64 65 26
F27
1024
1 13 27
13 11 27
11 12 27
12 47 27
47 61 27
61 60 27
F28
1024
84 83 28
83 82 28
82 81 28
81 90 28
F29
1024
44 19 29
19 15 29
15 14 29
14 11 29
11 12 29
12 47 29
47 48 29
48 49 29
F30
1024
9 8 30
8 11 30
11 14 30
14 15 30
F31
1024
88 83 31
83 69 31
69 55 31
55 54 31
54 53 31
F32
1024
22 50 32
50 49 32
49 63 32
63 62 32
62 61 32
F33
1024
27 29 33
29 32 33
32 36 33
36 35 33
35 55 33
F34
1024
97 76 34
76 77 34
77 63 34
63 49 34
49 48 34
48 16 34
16 14 34
F35
1024
83 82 35
82 68 35
68 54 35
54 34 35
F36
1024
96 95 36
95 76 36
75 77 36
77 63 36
63 49 36
49 18 36
18 17 36
17 20 36
F37
1024
84 83 37
83 82 37
82 81 37
81 90 37
F38
1024
22 50 38
50 49 38
49 63 38
63 62 38
62 61 38
F39
1024
44 19 39
19 15 39
15 14 39
14 11 39
11 12 39
12 47 39
47 48 39
48 49 39
F40
1024
27 29 40
29 32 40
32 36 40
36 35 40
35 55 40
