F1
256
95 76 1
76 77 1
77 63 1
63 49 1
49 50 1
50 22 1
22 18 1
F2
256
95 76 2
76 77 2
77 63 2
63 49 2
49 50 2
50 22 2
22 18 2
F3
256
54 68 3
68 82 3
82 81 3
81 80 3
80 79 3
F4
256
17 18 4
18 49 4
49 63 4
63 77 4
F5
256
22 50 5
50 49 5
49 63 5
63 62 5
62 61 5
F6
256
93 78 6
78 64 6
64 63 6
63 49 6
49 18 6
18 16 6
16 12 6
F7
512
23 20 7
20 17 7
17 14 7
14 11 7
11 12 7
12 16 7
F8
512
44 19 8
19 15 8
15 14 8
14 11 8
11 12 8
12 47 8
47 48 8
48 49 8
F9
512
2 15 9
15 14 9
14 11 9
11 12 9
12 47 9
47 61 9
61 75 9
F10
512
86 87 10
87 88 10
88 83 10
83 82 10
82 81 10
81 80 10
80 79 10
79 92 10
F11
512
2 15 11
15 14 11
14 11 11
11 12 11
12 47 11
47 61 11
61 75 11
F12
512
43 38 12
38 40 12
40 36 12
36 32 12
32 29 12
29 27 12
27 26 12
F13
512
70 69 13
69 68 13
68 82 13
82 81 13
F14
512
4 9 14
9 8 14
8 11 14
11 12 14
12 47 14
47 46 14
F15
512
2 15 15
15 14 15
14 11 15
11 12 15
12 47 15
47 61 15
61 75 15
F16
512
83 82 16
82 68 16
68 54 16
54 34 16
F17
512
44 19 17
19 15 17
15 14 17
14 11 17
11 12 17
12 47 17
47 48 17
48 49 17
F18
512
27 29 18
29 32 18
32 36 18
36 35 18
35 55 18
F19
512
50 64 19
64 63 19
63 77 19
77 76 19
F20
512
59 39 20
39 40 20
40 36 20
36 37 20
37 33 20
33 98 20
F21
1024
27 29 21
29 32 21
32 36 21
36 35 21
35 55 21
F22
1024
52 51 22
51 50 22
50 49 22
49 63 22
63 64 22
64 65 22
F23
1024
85 84 23
84 83 23
83 82 23
82 81 23
81 80 23
80 91 23
F24
1024
86 87 24
87 88 24
88 83 24
83 82 24
82 81 24
81 80 24
80 79 24
79 92 24
F25
1024
42 41 25
41 40 25
40 36 25
36 37 25
37 73 25
73 98 25
98 100 25
F26
1024
52 51 26
51 50 26
50 49 26
49 63 26
63 64 26
64 65 26
F27
1024
66 80 27
80 81 27
81 82 27
82 68 27
F28
1024
85 84 28
84 83 28
83 82 28
82 81 28
81 80 28
80 91 28
F29
1024
87 84 29
84 83 29
83 82 29
82 89 29
F30
1024
85 84 30
84 83 30
83 82 30
82 81 30
81 80 30
80 91 30
F31
1024
85 84 31
84 83 31
83 82 31
82 81 31
81 80 31
80 91 31
F32
1024
22 50 32
50 49 32
49 63 32
63 62 32
62 61 32
F33
1024
19 15 33
15 13 33
13 11 33
11 12 33
12 10 33
F34
1024
93 78 34
78 64 34
64 63 34
63 49 34
49 18 34
18 16 34
16 12 34
F35
1024
88 83 35
83 69 35
69 55 35
55 54 35
54 53 35
F36
1024
56 55 36
55 54 36
54 68 36
68 82 36
82 81 36
81 67 36
F37
1024
3 6 37
6 9 37
9 13 37
13 11 37
11 14 37
14 16 37
16 48 37
48 62 37
F38
1024
50 64 38
64 63 38
63 77 38
77 76 38
F39
1024
57 56 39
56 55 39
55 35 39
35 36 39
36 32 39
32 29 39
29 30 39
F40
1024
97 76 40
76 77 40
77 63 40
63 49 40
49 48 40
48 16 40
16 14 40
