F1
256
93 78 1
78 64 1
64 63 1
63 49 1
49 18 1
18 16 1
16 12 1
F2
256
95 76 2
76 77 2
77 63 2
63 49 2
49 50 2
50 22 2
22 18 2
F3
256
22 50 3
50 49 3
49 63 3
63 62 3
62 61 3
F4
256
27 29 4
29 32 4
32 36 4
36 35 4
35 55 4
F5
256
74 75 5
75 76 5
76 77 5
77 63 5
63 64 5
64 78 5
78 77 5
77 94 5
F6
256
17 18 6
18 49 6
49 63 6
63 77 6
F7
256
43 38 7
38 40 7
40 36 7
36 32 7
32 29 7
29 27 7
27 26 7
F8
256
74 75 8
75 76 8
76 77 8
77 63 8
63 64 8
64 78 8
78 77 8
77 94 8
F9
256
58 19 9
19 15 9
15 13 9
13 11 9
11 8 9
8 10 9
10 7 9
F10
256
3 6 10
6 9 10
9 13 10
13 11 10
11 14 10
14 16 10
16 48 10
48 62 10
F11
256
21 19 11
19 17 11
17 14 11
14 11 11
11 8 11
8 5 11
F12
256
69 68 12
68 82 12
82 81 12
81 80 12
F13
256
56 55 13
55 54 13
54 68 13
68 82 13
82 81 13
81 67 13
F14
512
58 19 14
19 15 14
15 13 14
13 11 14
11 8 14
8 10 14
10 7 14
F15
512
27 29 15
29 32 15
32 36 15
36 35 15
35 55 15
F16
512
97 76 16
76 77 16
77 63 16
63 49 16
49 48 16
48 16 16
16 14 16
F17
512
45 42 17
42 39 17
39 40 17
40 36 17
36 37 17
37 33 17
33 98 17
F18
512
41 40 18
40 36 18
36 37 18
37 73 18
F19
512
70 69 19
69 68 19
68 82 19
82 81 19
F20
512
23 20 20
20 17 20
17 14 20
14 11 20
11 12 20
12 16 20
F21
512
22 50 21
50 49 21
49 63 21
63 62 21
62 61 21
F22
512
93 78 22
78 64 22
64 63 22
63 49 22
49 18 22
18 16 22
16 12 22
F23
512
42 41 23
41 40 23
40 36 23
36 37 23
37 73 23
73 98 23
98 100 23
F24
512
23 20 24
20 17 24
17 14 24
14 11 24
11 12 24
12 16 24
F25
512
51 50 25
50 49 25
49 63 25
63 64 25
F26
512
45 42 26
42 39 26
39 40 26
40 36 26
36 37 26
37 33 26
33 98 26
F27
512
96 95 27
95 76 27
75 77 27
77 63 27
63 49 27
49 18 27
18 17 27
17 20 27
F28
512
70 69 28
69 68 28
68 82 28
82 81 28
F29
512
85 84 29
84 83 29
83 82 29
82 81 29
81 80 29
80 91 29
F30
1024
58 19 30
19 15 30
15 13 30
13 11 30
11 8 30
8 10 30
10 7 30
F31
1024
21 19 31
19 17 31
17 14 31
14 11 31
11 8 31
8 5 31
F32
1024
27 29 32
29 32 32
32 36 32
36 35 32
35 55 32
F33
1024
93 78 33
78 64 33
64 63 33
63 49 33
49 18 33
18 16 33
16 12 33
F34
1024
4 9 34
9 8 34
8 11 34
11 12 34
12 47 34
47 46 34
F35
1024
56 55 35
55 54 35
54 68 35
68 82 35
82 81 35
81 67 35
F36
1024
1 13 36
13 11 36
11 12 36
12 47 36
47 61 36
61 60 36
F37
1024
85 84 37
84 83 37
83 82 37
82 81 37
81 80 37
80 91 37
F38
1024
58 19 38
19 15 38
15 13 38
13 11 38
11 8 38
8 10 38
10 7 38
F39
1024
23 20 39
20 17 39
17 14 39
14 11 39
11 12 39
12 16 39
F40
1024
72 20 40
20 17 40
17 14 40
14 11 40
11 8 40
8 9 40
9 6 40
