F1
256
54 68 1
68 82 1
82 81 1
81 80 1
80 79 1
F2
256
27 29 2
29 32 2
32 36 2
36 35 2
35 55 2
F3
256
57 56 3
56 55 3
55 35 3
35 36 3
36 32 3
32 29 3
29 30 3
F4
256
83 82 4
82 68 4
68 54 4
54 34 4
F5
256
17 18 5
18 49 5
49 63 5
63 77 5
F6
256
83 82 6
82 68 6
68 54 6
54 34 6
F7
256
4 9 7
9 8 7
8 11 7
11 12 7
12 47 7
47 46 7
F8
256
19 15 8
15 13 8
13 11 8
11 12 8
12 10 8
F9
256
27 29 9
29 32 9
32 36 9
36 35 9
35 55 9
F10
256
71 56 10
56 38 10
38 40 10
40 36 10
36 32 10
32 34 10
34 31 10
31 28 10
F11
256
71 56 11
56 38 11
38 40 11
40 36 11
36 32 11
32 34 11
34 31 11
31 28 11
F12
256
96 95 12
95 76 12
75 77 12
77 63 12
63 49 12
49 18 12
18 17 12
17 20 12
F13
512
50 64 13
64 63 13
63 77 13
77 76 13
F14
512
57 56 14
56 55 14
55 35 14
35 36 14
36 32 14
32 29 14
29 30 14
F15
512
95 76 15
76 77 15
77 63 15
63 49 15
49 50 15
50 22 15
22 18 15
F16
512
21 19 16
19 17 16
17 14 16
14 11 16
11 8 16
8 5 16
F17
512
71 56 17
56 38 17
38 40 17
40 36 17
36 32 17
32 34 17
34 31 17
31 28 17
F18
512
93 78 18
78 64 18
64 63 18
63 49 18
49 18 18
18 16 18
16 12 18
F19
512
88 83 19
83 69 19
69 55 19
55 54 19
54 53 19
F20
512
4 9 20
9 8 20
8 11 20
11 12 20
12 47 20
47 46 20
F21
512
4 9 21
9 8 21
8 11 21
11 12 21
12 47 21
47 46 21
F22
512
70 69 22
69 68 22
68 82 22
82 81 22
F23
512
2 15 23
15 14 23
14 11 23
11 12 23
12 47 23
47 61 23
61 75 23
F24
512
45 42 24
42 39 24
39 40 24
40 36 24
36 37 24
37 33 24
33 98 24
F25
512
59 39 25
39 40 25
40 36 25
36 37 25
37 33 25
33 98 25
F26
512
3 6 26
6 9 26
9 13 26
13 11 26
11 14 26
14 16 26
16 48 26
48 62 26
F27
512
19 15 27
15 13 27
13 11 27
11 12 27
12 10 27
F28
512
41 40 28
40 36 28
36 37 28
37 73 28
F29
1024
97 76 29
76 77 29
77 63 29
63 49 29
49 48 29
48 16 29
16 14 29
F30
1024
59 39 30
39 40 30
40 36 30
36 37 30
37 33 30
33 98 30
F31
1024
88 83 31
83 69 31
69 55 31
55 54 31
54 53 31
F32
1024
59 39 32
39 40 32
40 36 32
36 37 32
37 33 32
33 98 32
F33
1024
41 40 33
40 36 33
36 37 33
37 73 33
F34
1024
27 29 34
29 32 34
32 36 34
36 35 34
35 55 34
F35
1024
51 50 35
50 49 35
49 63 35
63 64 35
F36
1024
52 51 36
51 50 36
50 49 36
49 63 36
63 64 36
64 65 36
F37
1024
58 19 37
19 15 37
15 13 37
13 11 37
11 8 37
8 10 37
10 7 37
F38
1024
19 15 38
15 13 38
13 11 38
11 12 38
12 10 38
F39
1024
45 42 39
42 39 39
39 40 39
40 36 39
36 37 39
37 33 39
33 98 39
F40
1024
41 40 40
40 36 40
36 37 40
37 73 40
