F1
256
3 6 1
6 9 1
9 13 1
13 11 1
11 14 1
14 16 1
16 48 1
48 62 1
F2
256
97 76 2
76 77 2
77 63 2
63 49 2
49 48 2
48 16 2
16 14 2
F3
256
43 38 3
38 40 3
40 36 3
36 32 3
32 29 3
29 27 3
27 26 3
F4
256
97 76 4
76 77 4
77 63 4
63 49 4
49 48 4
48 16 4
16 14 4
F5
256
66 80 5
80 81 5
81 82 5
82 68 5
F6
256
93 78 6
78 64 6
64 63 6
63 49 6
49 18 6
18 16 6
16 12 6
F7
256
87 84 7
84 83 7
83 82 7
82 89 7
F8
256
97 76 8
76 77 8
77 63 8
63 49 8
49 48 8
48 16 8
16 14 8
F9
256
1 13 9
13 11 9
11 12 9
12 47 9
47 61 9
61 60 9
F10
256
3 6 10
6 9 10
9 13 10
13 11 10
11 14 10
14 16 10
16 48 10
48 62 10
F11
256
22 50 11
50 49 11
49 63 11
63 62 11
62 61 11
F12
256
87 84 12
84 83 12
83 82 12
82 89 12
F13
256
44 19 13
19 15 13
15 14 13
14 11 13
11 12 13
12 47 13
47 48 13
48 49 13
F14
256
83 82 14
82 68 14
68 54 14
54 34 14
F15
512
87 84 15
84 83 15
83 82 15
82 89 15
F16
512
22 50 16
50 49 16
49 63 16
63 62 16
62 61 16
F17
512
21 19 17
19 17 17
17 14 17
14 11 17
11 8 17
8 5 17
F18
512
86 87 18
87 88 18
88 83 18
83 82 18
82 81 18
81 80 18
80 79 18
79 92 18
F19
512
42 41 19
41 40 19
40 36 19
36 37 19
37 73 19
73 98 19
98 100 19
F20
512
52 51 20
51 50 20
50 49 20
49 63 20
63 64 20
64 65 20
F21
512
41 40 21
40 36 21
36 37 21
37 73 21
F22
512
87 84 22
84 83 22
83 82 22
82 89 22
F23
512
59 39 23
39 40 23
40 36 23
36 37 23
37 33 23
33 98 23
F24
512
88 83 24
83 69 24
69 55 24
55 54 24
54 53 24
F25
512
17 18 25
18 49 25
49 63 25
63 77 25
F26
512
74 75 26
75 76 26
76 77 26
77 63 26
63 64 26
64 78 26
78 77 26
77 94 26
F27
512
19 15 27
15 13 27
13 11 27
11 12 27
12 10 27
F28
512
69 68 28
68 82 28
82 81 28
81 80 28
F29
1024
57 56 29
56 55 29
55 35 29
35 36 29
36 32 29
32 29 29
29 30 29
F30
1024
87 84 30
84 83 30
83 82 30
82 89 30
F31
1024
3 6 31
6 9 31
9 13 31
13 11 31
11 14 31
14 16 31
16 48 31
48 62 31
F32
1024
85 84 32
84 83 32
83 82 32
82 81 32
81 80 32
80 91 32
F33
1024
85 84 33
84 83 33
83 82 33
82 81 33
81 80 33
80 91 33
F34
1024
71 56 34
56 38 34
38 40 34
40 36 34
36 32 34
32 34 34
34 31 34
31 28 34
F35
1024
50 64 35
64 63 35
63 77 35
77 76 35
F36
1024
22 50 36
50 49 36
49 63 36
63 62 36
62 61 36
F37
1024
59 39 37
39 40 37
40 36 37
36 37 37
37 33 37
33 98 37
F38
1024
9 8 38
8 11 38
11 14 38
14 15 38
F39
1024
45 42 39
42 39 39
39 40 39
40 36 39
36 37 39
37 33 39
33 98 39
F40
1024
54 68 40
68 82 40
82 81 40
81 80 40
80 79 40
