F1
256
69 68 1
68 82 1
82 81 1
81 80 1
F2
256
22 50 2
50 49 2
49 63 2
63 62 2
62 61 2
F3
256
85 84 3
84 83 3
83 82 3
82 81 3
81 80 3
80 91 3
F4
256
22 50 4
50 49 4
49 63 4
63 62 4
62 61 4
F5
256
44 19 5
19 15 5
15 14 5
14 11 5
11 12 5
12 47 5
47 48 5
48 49 5
F6
256
51 50 6
50 49 6
49 63 6
63 64 6
F7
256
69 68 7
68 82 7
82 81 7
81 80 7
F8
256
9 8 8
8 11 8
11 14 8
14 15 8
F9
256
71 56 9
56 38 9
38 40 9
40 36 9
36 32 9
32 34 9
34 31 9
31 28 9
F10
256
17 18 10
18 49 10
49 63 10
63 77 10
F11
256
3 6 11
6 9 11
9 13 11
13 11 11
11 14 11
14 16 11
16 48 11
48 62 11
F12
256
86 87 12
87 88 12
88 83 12
83 82 12
82 81 12
81 80 12
80 79 12
79 92 12
F13
256
93 78 13
78 64 13
64 63 13
63 49 13
49 18 13
18 16 13
16 12 13
F14
256
86 87 14
87 88 14
88 83 14
83 82 14
82 81 14
81 80 14
80 79 14
79 92 14
F15
256
42 41 15
41 40 15
40 36 15
36 37 15
37 73 15
73 98 15
98 100 15
F16
256
43 38 16
38 40 16
40 36 16
36 32 16
32 29 16
29 27 16
27 26 16
F17
256
23 20 17
20 17 17
17 14 17
14 11 17
11 12 17
12 16 17
F18
512
87 84 18
84 83 18
83 82 18
82 89 18
F19
512
69 68 19
68 82 19
82 81 19
81 80 19
F20
512
83 82 20
82 68 20
68 54 20
54 34 20
F21
512
54 68 21
68 82 21
82 81 21
81 80 21
80 79 21
F22
512
59 39 22
39 40 22
40 36 22
36 37 22
37 33 22
33 98 22
F23
512
45 42 23
42 39 23
39 40 23
40 36 23
36 37 23
37 33 23
33 98 23
F24
512
51 50 24
50 49 24
49 63 24
63 64 24
F25
512
23 20 25
20 17 25
17 14 25
14 11 25
11 12 25
12 16 25
F26
512
17 18 26
18 49 26
49 63 26
63 77 26
F27
512
86 87 27
87 88 27
88 83 27
83 82 27
82 81 27
81 80 27
80 79 27
79 92 27
F28
1024
69 68 28
68 82 28
82 81 28
81 80 28
F29
1024
85 84 29
84 83 29
83 82 29
82 81 29
81 80 29
80 91 29
F30
1024
50 64 30
64 63 30
63 77 30
77 76 30
F31
1024
21 19 31
19 17 31
17 14 31
14 11 31
11 8 31
8 5 31
F32
1024
87 84 32
84 83 32
83 82 32
82 89 32
F33
1024
44 19 33
19 15 33
15 14 33
14 11 33
11 12 33
12 47 33
47 48 33
48 49 33
F34
1024
27 29 34
29 32 34
32 36 34
36 35 34
35 55 34
F35
1024
97 76 35
76 77 35
77 63 35
63 49 35
49 48 35
48 16 35
16 14 35
F36
1024
21 19 36
19 17 36
17 14 36
14 11 36
11 8 36
8 5 36
F37
1024
96 95 37
95 76 37
75 77 37
77 63 37
63 49 37
49 18 37
18 17 37
17 20 37
F38
1024
71 56 38
56 38 38
38 40 38
40 36 38
36 32 38
32 34 38
34 31 38
31 28 38
F39
1024
85 84 39
84 83 39
83 82 39
82 81 39
81 80 39
80 91 39
F40
1024
56 55 40
55 54 40
54 68 40
68 82 40
82 81 40
81 67 40
