F1
256
54 68 1
68 82 1
82 81 1
81 80 1
80 79 1
F2
256
23 20 2
20 17 2
17 14 2
14 11 2
11 12 2
12 16 2
F3
256
22 50 3
50 49 3
49 63 3
63 62 3
62 61 3
F4
256
93 78 4
78 64 4
64 63 4
63 49 4
49 18 4
18 16 4
16 12 4
F5
256
23 20 5
20 17 5
17 14 5
14 11 5
11 12 5
12 16 5
F6
256
86 87 6
87 88 6
88 83 6
83 82 6
82 81 6
81 80 6
80 79 6
79 92 6
F7
256
69 68 7
68 82 7
82 81 7
81 80 7
F8
256
85 84 8
84 83 8
83 82 8
82 81 8
81 80 8
80 91 8
F9
256
45 42 9
42 39 9
39 40 9
40 36 9
36 37 9
37 33 9
33 98 9
F10
256
17 18 10
18 49 10
49 63 10
63 77 10
F11
256
4 9 11
9 8 11
8 11 11
11 12 11
12 47 11
47 46 11
F12
256
17 18 12
18 49 12
49 63 12
63 77 12
F13
256
19 15 13
15 13 13
13 11 13
11 12 13
12 10 13
F14
256
41 40 14
40 36 14
36 37 14
37 73 14
F15
256
44 19 15
19 15 15
15 14 15
14 11 15
11 12 15
12 47 15
47 48 15
48 49 15
F16
256
58 19 16
19 15 16
15 13 16
13 11 16
11 8 16
8 10 16
10 7 16
F17
256
69 68 17
68 82 17
82 81 17
81 80 17
F18
256
93 78 18
78 64 18
64 63 18
63 49 18
49 18 18
18 16 18
16 12 18
F19
256
85 84 19
84 83 19
83 82 19
82 81 19
81 80 19
80 91 19
F20
512
70 69 20
69 68 20
68 82 20
82 81 20
F21
512
52 51 21
51 50 21
50 49 21
49 63 21
63 64 21
64 65 21
F22
512
27 29 22
29 32 22
32 36 22
36 35 22
35 55 22
F23
512
4 9 23
9 8 23
8 11 23
11 12 23
12 47 23
47 46 23
F24
512
66 80 24
80 81 24
81 82 24
82 68 24
F25
512
96 95 25
95 76 25
75 77 25
77 63 25
63 49 25
49 18 25
18 17 25
17 20 25
F26
512
70 69 26
69 68 26
68 82 26
82 81 26
F27
512
87 84 27
84 83 27
83 82 27
82 89 27
F28
512
3 6 28
6 9 28
9 13 28
13 11 28
11 14 28
14 16 28
16 48 28
48 62 28
F29
512
59 39 29
39 40 29
40 36 29
36 37 29
37 33 29
33 98 29
F30
512
22 50 30
50 49 30
49 63 30
63 62 30
62 61 30
F31
1024
83 82 31
82 68 31
68 54 31
54 34 31
F32
1024
42 41 32
41 40 32
40 36 32
36 37 32
37 73 32
73 98 32
98 100 32
F33
1024
2 15 33
15 14 33
14 11 33
11 12 33
12 47 33
47 61 33
61 75 33
F34
1024
74 75 34
75 76 34
76 77 34
77 63 34
63 64 34
64 78 34
78 77 34
77 94 34
F35
1024
1 13 35
13 11 35
11 12 35
12 47 35
47 61 35
61 60 35
F36
1024
4 9 36
9 8 36
8 11 36
11 12 36
12 47 36
47 46 36
F37
1024
21 19 37
19 17 37
17 14 37
14 11 37
11 8 37
8 5 37
F38
1024
44 19 38
19 15 38
15 14 38
14 11 38
11 12 38
12 47 38
47 48 38
48 49 38
F39
1024
45 42 39
42 39 39
39 40 39
40 36 39
36 37 39
37 33 39
33 98 39
F40
1024
84 83 40
83 82 40
82 81 40
81 90 40
