F1
256
86 87 1
87 88 1
88 83 1
83 82 1
82 81 1
81 80 1
80 79 1
79 92 1
F2
256
59 39 2
39 40 2
40 36 2
36 37 2
37 33 2
33 98 2
F3
256
58 19 3
19 15 3
15 13 3
13 11 3
11 8 3
8 10 3
10 7 3
F4
256
95 76 4
76 77 4
77 63 4
63 49 4
49 50 4
50 22 4
22 18 4
F5
256
59 39 5
39 40 5
40 36 5
36 37 5
37 33 5
33 98 5
F6
256
45 42 6
42 39 6
39 40 6
40 36 6
36 37 6
37 33 6
33 98 6
F7
256
97 76 7
76 77 7
77 63 7
63 49 7
49 48 7
48 16 7
16 14 7
F8
256
23 20 8
20 17 8
17 14 8
14 11 8
11 12 8
12 16 8
F9
256
57 56 9
56 55 9
55 35 9
35 36 9
36 32 9
32 29 9
29 30 9
F10
256
45 42 10
42 39 10
39 40 10
40 36 10
36 37 10
37 33 10
33 98 10
F11
256
69 68 11
68 82 11
82 81 11
81 80 11
F12
256
41 40 12
40 36 12
36 37 12
37 73 12
F13
512
85 84 13
84 83 13
83 82 13
82 81 13
81 80 13
80 91 13
F14
512
57 56 14
56 55 14
55 35 14
35 36 14
36 32 14
32 29 14
29 30 14
F15
512
58 19 15
19 15 15
15 13 15
13 11 15
11 8 15
8 10 15
10 7 15
F16
512
42 41 16
41 40 16
40 36 16
36 37 16
37 73 16
73 98 16
98 100 16
F17
512
95 76 17
76 77 17
77 63 17
63 49 17
49 50 17
50 22 17
22 18 17
F18
512
58 19 18
19 15 18
15 13 18
13 11 18
11 8 18
8 10 18
10 7 18
F19
512
23 20 19
20 17 19
17 14 19
14 11 19
11 12 19
12 16 19
F20
512
44 19 20
19 15 20
15 14 20
14 11 20
11 12 20
12 47 20
47 48 20
48 49 20
F21
512
69 68 21
68 82 21
82 81 21
81 80 21
F22
1024
22 50 22
50 49 22
49 63 22
63 62 22
62 61 22
F23
1024
70 69 23
69 68 23
68 82 23
82 81 23
F24
1024
70 69 24
69 68 24
68 82 24
82 81 24
F25
1024
54 68 25
68 82 25
82 81 25
81 80 25
80 79 25
F26
1024
85 84 26
84 83 26
83 82 26
82 81 26
81 80 26
80 91 26
F27
1024
95 76 27
76 77 27
77 63 27
63 49 27
49 50 27
50 22 27
22 18 27
F28
1024
70 69 28
69 68 28
68 82 28
82 81 28
F29
1024
71 56 29
56 38 29
38 40 29
40 36 29
36 32 29
32 34 29
34 31 29
31 28 29
F30
1024
74 75 30
75 76 30
76 77 30
77 63 30
63 64 30
64 78 30
78 77 30
77 94 30
F31
1024
51 50 31
50 49 31
49 63 31
63 64 31
F32
1024
59 39 32
39 40 32
40 36 32
36 37 32
37 33 32
33 98 32
F33
1024
83 82 33
82 68 33
68 54 33
54 34 33
F34
1024
96 95 34
95 76 34
75 77 34
77 63 34
63 49 34
49 18 34
18 17 34
17 20 34
F35
1024
83 82 35
82 68 35
68 54 35
54 34 35
F36
1024
87 84 36
84 83 36
83 82 36
82 89 36
F37
1024
3 6 37
6 9 37
9 13 37
13 11 37
11 14 37
14 16 37
16 48 37
48 62 37
F38
1024
42 41 38
41 40 38
40 36 38
36 37 38
37 73 38
73 98 38
98 100 38
F39
1024
19 15 39
15 13 39
13 11 39
11 12 39
12 10 39
F40
1024
27 29 40
29 32 40
32 36 40
36 35 40
35 55 40
