F1
256
85 84 1
84 83 1
83 82 1
82 81 1
81 80 1
80 91 1
F2
256
85 84 2
84 83 2
83 82 2
82 81 2
81 80 2
80 91 2
F3
256
2 15 3
15 14 3
14 11 3
11 12 3
12 47 3
47 61 3
61 75 3
F4
256
22 50 4
50 49 4
49 63 4
63 62 4
62 61 4
F5
256
58 19 5
19 15 5
15 13 5
13 11 5
11 8 5
8 10 5
10 7 5
F6
256
95 76 6
76 77 6
77 63 6
63 49 6
49 50 6
50 22 6
22 18 6
F7
256
19 15 7
15 13 7
13 11 7
11 12 7
12 10 7
F8
256
4 9 8
9 8 8
8 11 8
11 12 8
12 47 8
47 46 8
F9
256
21 19 9
19 17 9
17 14 9
14 11 9
11 8 9
8 5 9
F10
256
97 76 10
76 77 10
77 63 10
63 49 10
49 48 10
48 16 10
16 14 10
F11
256
45 42 11
42 39 11
39 40 11
40 36 11
36 37 11
37 33 11
33 98 11
F12
256
50 64 12
64 63 12
63 77 12
77 76 12
F13
256
23 20 13
20 17 13
17 14 13
14 11 13
11 12 13
12 16 13
F14
256
56 55 14
55 54 14
54 68 14
68 82 14
82 81 14
81 67 14
F15
512
71 56 15
56 38 15
38 40 15
40 36 15
36 32 15
32 34 15
34 31 15
31 28 15
F16
512
87 84 16
84 83 16
83 82 16
82 89 16
F17
512
85 84 17
84 83 17
83 82 17
82 81 17
81 80 17
80 91 17
F18
512
45 42 18
42 39 18
39 40 18
40 36 18
36 37 18
37 33 18
33 98 18
F19
512
51 50 19
50 49 19
49 63 19
63 64 19
F20
512
93 78 20
78 64 20
64 63 20
63 49 20
49 18 20
18 16 20
16 12 20
F21
512
83 82 21
82 68 21
68 54 21
54 34 21
F22
512
4 9 22
9 8 22
8 11 22
11 12 22
12 47 22
47 46 22
F23
512
52 51 23
51 50 23
50 49 23
49 63 23
63 64 23
64 65 23
F24
512
84 83 24
83 82 24
82 81 24
81 90 24
F25
512
19 15 25
15 13 25
13 11 25
11 12 25
12 10 25
F26
512
19 15 26
15 13 26
13 11 26
11 12 26
12 10 26
F27
512
58 19 27
19 15 27
15 13 27
13 11 27
11 8 27
8 10 27
10 7 27
F28
512
21 19 28
19 17 28
17 14 28
14 11 28
11 8 28
8 5 28
F29
1024
58 19 29
19 15 29
15 13 29
13 11 29
11 8 29
8 10 29
10 7 29
F30
1024
4 9 30
9 8 30
8 11 30
11 12 30
12 47 30
47 46 30
F31
1024
50 64 31
64 63 31
63 77 31
77 76 31
F32
1024
87 84 32
84 83 32
83 82 32
82 89 32
F33
1024
52 51 33
51 50 33
50 49 33
49 63 33
63 64 33
64 65 33
F34
1024
27 29 34
29 32 34
32 36 34
36 35 34
35 55 34
F35
1024
43 38 35
38 40 35
40 36 35
36 32 35
32 29 35
29 27 35
27 26 35
F36
1024
86 87 36
87 88 36
88 83 36
83 82 36
82 81 36
81 80 36
80 79 36
79 92 36
F37
1024
71 56 37
56 38 37
38 40 37
40 36 37
36 32 37
32 34 37
34 31 37
31 28 37
F38
1024
83 82 38
82 68 38
68 54 38
54 34 38
F39
1024
58 19 39
19 15 39
15 13 39
13 11 39
11 8 39
8 10 39
10 7 39
F40
1024
42 41 40
41 40 40
40 36 40
36 37 40
37 73 40
73 98 40
98 100 40
