F1
256
1 13 1
13 11 1
11 12 1
12 47 1
47 61 1
61 60 1
F2
256
1 13 2
13 11 2
11 12 2
12 47 2
47 61 2
61 60 2
F3
256
57 56 3
56 55 3
55 35 3
35 36 3
36 32 3
32 29 3
29 30 3
F4
256
72 20 4
20 17 4
17 14 4
14 11 4
11 8 4
8 9 4
9 6 4
F5
256
59 39 5
39 40 5
40 36 5
36 37 5
37 33 5
33 98 5
F6
256
21 19 6
19 17 6
17 14 6
14 11 6
11 8 6
8 5 6
F7
256
45 42 7
42 39 7
39 40 7
40 36 7
36 37 7
37 33 7
33 98 7
F8
256
86 87 8
87 88 8
88 83 8
83 82 8
82 81 8
81 80 8
80 79 8
79 92 8
F9
512
66 80 9
80 81 9
81 82 9
82 68 9
F10
512
3 6 10
6 9 10
9 13 10
13 11 10
11 14 10
14 16 10
16 48 10
48 62 10
F11
512
56 55 11
55 54 11
54 68 11
68 82 11
82 81 11
81 67 11
F12
512
21 19 12
19 17 12
17 14 12
14 11 12
11 8 12
8 5 12
F13
512
83 82 13
82 68 13
68 54 13
54 34 13
F14
512
88 83 14
83 69 14
69 55 14
55 54 14
54 53 14
F15
512
87 84 15
84 83 15
83 82 15
82 89 15
F16
512
9 8 16
8 11 16
11 14 16
14 15 16
F17
512
97 76 17
76 77 17
77 63 17
63 49 17
49 48 17
48 16 17
16 14 17
F18
512
22 50 18
50 49 18
49 63 18
63 62 18
62 61 18
F19
512
70 69 19
69 68 19
68 82 19
82 81 19
F20
512
42 41 20
41 40 20
40 36 20
36 37 20
37 73 20
73 98 20
98 100 20
F21
512
19 15 21
15 13 21
13 11 21
11 12 21
12 10 21
F22
512
43 38 22
38 40 22
40 36 22
36 32 22
32 29 22
29 27 22
27 26 22
F23
512
84 83 23
83 82 23
82 81 23
81 90 23
F24
512
87 84 24
84 83 24
83 82 24
82 89 24
F25
512
1 13 25
13 11 25
11 12 25
12 47 25
47 61 25
61 60 25
F26
1024
50 64 26
64 63 26
63 77 26
77 76 26
F27
1024
87 84 27
84 83 27
83 82 27
82 89 27
F28
1024
88 83 28
83 69 28
69 55 28
55 54 28
54 53 28
F29
1024
41 40 29
40 36 29
36 37 29
37 73 29
F30
1024
71 56 30
56 38 30
38 40 30
40 36 30
36 32 30
32 34 30
34 31 30
31 28 30
F31
1024
22 50 31
50 49 31
49 63 31
63 62 31
62 61 31
F32
1024
74 75 32
75 76 32
76 77 32
77 63 32
63 64 32
64 78 32
78 77 32
77 94 32
F33
1024
21 19 33
19 17 33
17 14 33
14 11 33
11 8 33
8 5 33
F34
1024
17 18 34
18 49 34
49 63 34
63 77 34
F35
1024
23 20 35
20 17 35
17 14 35
14 11 35
11 12 35
12 16 35
F36
1024
83 82 36
82 68 36
68 54 36
54 34 36
F37
1024
72 20 37
20 17 37
17 14 37
14 11 37
11 8 37
8 9 37
9 6 37
F38
1024
4 9 38
9 8 38
8 11 38
11 12 38
12 47 38
47 46 38
F39
1024
43 38 39
38 40 39
40 36 39
36 32 39
32 29 39
29 27 39
27 26 39
F40
1024
96 95 40
95 76 40
75 77 40
77 63 40
63 49 40
49 18 40
18 17 40
17 20 40
