F1
256
48 34 1
34 33 1
33 50 1
50 53 1
53 73 1
73 51 1
F2
256
33 50 2
50 57 2
F3
256
42 77 3
77 70 3
70 98 3
98 76 3
76 68 3
68 87 3
F4
256
47 33 4
33 50 4
50 39 4
F5
256
85 91 5
91 100 5
100 76 5
76 82 5
82 74 5
74 81 5
F6
256
25 28 6
28 61 6
61 76 6
76 98 6
98 63 6
63 65 6
F7
256
33 50 7
50 57 7
F8
256
8 35 8
35 55 8
55 41 8
F9
256
42 77 9
77 70 9
70 98 9
98 76 9
76 68 9
68 87 9
F10
256
84 73 10
73 53 10
53 50 10
50 39 10
39 36 10
F11
256
4 41 11
41 55 11
55 35 11
35 13 11
F12
256
94 97 12
97 86 12
86 68 12
68 76 12
76 82 12
82 74 12
F13
256
22 18 13
18 14 13
14 11 13
11 58 13
58 52 13
52 71 13
F14
256
20 58 14
58 11 14
11 13 14
13 9 14
F15
256
66 49 15
49 83 15
83 35 15
35 56 15
F16
256
79 56 16
56 35 16
35 55 16
55 67 16
F17
256
26 21 17
21 16 17
16 11 17
11 58 17
58 56 17
56 83 17
F18
512
54 31 18
31 41 18
41 8 18
8 35 18
35 56 18
56 58 18
58 16 18
F19
512
24 20 19
20 16 19
16 11 19
11 13 19
13 12 19
F20
512
99 89 20
89 87 20
87 53 20
53 50 20
50 33 20
33 32 20
32 29 20
F21
512
3 4 21
4 41 21
41 8 21
8 35 21
35 83 21
83 49 21
49 66 21
66 59 21
F22
512
46 52 22
52 58 22
58 11 22
11 16 22
16 21 22
21 24 22
24 15 22
F23
512
54 31 23
31 41 23
41 8 23
8 35 23
35 56 23
56 58 23
58 16 23
F24
512
8 35 24
35 55 24
55 41 24
F25
512
100 76 25
76 98 25
98 63 25
F26
512
85 91 26
91 100 26
100 76 26
76 82 26
82 74 26
74 81 26
F27
512
89 87 27
87 68 27
68 76 27
76 61 27
F28
512
38 47 28
47 53 28
53 50 28
50 72 28
72 68 28
68 93 28
F29
1024
79 56 29
56 35 29
35 55 29
55 67 29
F30
1024
33 50 30
50 57 30
F31
1024
85 91 31
91 100 31
100 76 31
76 82 31
82 74 31
74 81 31
F32
1024
22 18 32
18 14 32
14 11 32
11 58 32
58 52 32
52 71 32
F33
1024
47 33 33
33 50 33
50 39 33
F34
1024
2 1 34
1 6 34
6 8 34
8 35 34
35 55 34
55 67 34
67 62 34
62 64 34
F35
1024
27 63 35
63 98 35
98 76 35
76 61 35
61 28 35
F36
1024
4 41 36
41 55 36
55 35 36
35 13 36
F37
1024
84 73 37
73 53 37
53 50 37
50 39 37
39 36 37
F38
1024
42 77 38
77 70 38
70 98 38
98 76 38
76 68 38
68 87 38
F39
1024
1 6 39
6 8 39
8 35 39
35 56 39
56 44 39
44 60 39
F40
1024
37 32 40
32 39 40
39 50 40
50 28 40
28 23 40
23 40 40
