F1
256
92 96 1
96 93 1
93 68 1
68 76 1
76 82 1
82 95 1
F2
256
45 37 2
37 32 2
32 39 2
39 50 2
50 72 2
72 68 2
68 86 2
86 97 2
F3
256
24 20 3
20 16 3
16 11 3
11 13 3
13 12 3
F4
256
54 31 4
31 41 4
41 8 4
8 35 4
35 56 4
56 58 4
58 16 4
F5
256
66 49 5
49 83 5
83 35 5
35 56 5
F6
256
85 91 6
91 100 6
100 76 6
76 82 6
82 74 6
74 81 6
F7
256
5 7 7
7 9 7
9 13 7
13 11 7
11 16 7
16 21 7
21 26 7
26 19 7
F8
256
99 89 8
89 87 8
87 53 8
53 50 8
50 33 8
33 32 8
32 29 8
F9
256
3 4 9
4 41 9
41 8 9
8 35 9
35 83 9
83 49 9
49 66 9
66 59 9
F10
256
89 87 10
87 68 10
68 76 10
76 61 10
F11
256
17 14 11
14 11 11
11 56 11
56 79 11
79 88 11
F12
512
21 16 12
16 11 12
11 14 12
F13
512
94 97 13
97 86 13
86 68 13
68 76 13
76 82 13
82 74 13
F14
512
99 89 14
89 87 14
87 53 14
53 50 14
50 33 14
33 32 14
32 29 14
F15
512
79 56 15
56 35 15
35 55 15
55 67 15
F16
512
80 78 16
78 93 16
93 68 16
68 76 16
76 100 16
100 91 16
F17
512
84 73 17
73 53 17
53 50 17
50 39 17
39 36 17
F18
512
54 31 18
31 41 18
41 8 18
8 35 18
35 56 18
56 58 18
58 16 18
F19
512
48 34 19
34 33 19
33 50 19
50 53 19
53 73 19
73 51 19
F20
512
18 14 20
14 11 20
11 56 20
56 83 20
83 49 20
49 69 20
F21
512
85 91 21
91 100 21
100 76 21
76 82 21
82 74 21
74 81 21
F22
512
80 78 22
78 93 22
93 68 22
68 76 22
76 100 22
100 91 22
F23
512
24 20 23
20 16 23
16 11 23
11 13 23
13 12 23
F24
512
17 14 24
14 11 24
11 56 24
56 79 24
79 88 24
F25
512
18 14 25
14 11 25
11 56 25
56 83 25
83 49 25
49 69 25
F26
512
20 58 26
58 11 26
11 13 26
13 9 26
F27
1024
80 78 27
78 93 27
93 68 27
68 76 27
76 100 27
100 91 27
F28
1024
17 14 28
14 11 28
11 56 28
56 79 28
79 88 28
F29
1024
46 52 29
52 58 29
58 11 29
11 16 29
16 21 29
21 24 29
24 15 29
F30
1024
48 34 30
34 33 30
33 50 30
50 53 30
53 73 30
73 51 30
F31
1024
20 58 31
58 11 31
11 13 31
13 9 31
F32
1024
80 78 32
78 93 32
93 68 32
68 76 32
76 100 32
100 91 32
F33
1024
47 33 33
33 50 33
50 39 33
F34
1024
20 58 34
58 11 34
11 13 34
13 9 34
F35
1024
89 87 35
87 68 35
68 76 35
76 61 35
F36
1024
27 63 36
63 98 36
98 76 36
76 61 36
61 28 36
F37
1024
4 41 37
41 55 37
55 35 37
35 13 37
F38
1024
5 7 38
7 9 38
9 13 38
13 11 38
11 16 38
16 21 38
21 26 38
26 19 38
F39
1024
37 32 39
32 39 39
39 50 39
50 28 39
28 23 39
23 40 39
F40
1024
26 21 40
21 16 40
16 11 40
11 58 40
58 56 40
56 83 40
