F1
256
4 41 1
41 55 1
55 35 1
35 13 1
F2
256
89 87 2
87 68 2
68 76 2
76 61 2
F3
256
27 63 3
63 98 3
98 76 3
76 61 3
61 28 3
F4
256
79 56 4
56 35 4
35 55 4
55 67 4
F5
256
26 21 5
21 16 5
16 11 5
11 58 5
58 56 5
56 83 5
F6
256
20 58 6
58 11 6
11 13 6
13 9 6
F7
256
92 96 7
96 93 7
93 68 7
68 76 7
76 82 7
82 95 7
F8
256
3 4 8
4 41 8
41 8 8
8 35 8
35 83 8
83 49 8
49 66 8
66 59 8
F9
256
38 47 9
47 53 9
53 50 9
50 72 9
72 68 9
68 93 9
F10
256
20 58 10
58 11 10
11 13 10
13 9 10
F11
256
42 77 11
77 70 11
70 98 11
98 76 11
76 68 11
68 87 11
F12
256
25 28 12
28 61 12
61 76 12
76 98 12
98 63 12
63 65 12
F13
256
92 96 13
96 93 13
93 68 13
68 76 13
76 82 13
82 95 13
F14
512
24 20 14
20 16 14
16 11 14
11 13 14
13 12 14
F15
512
8 35 15
35 55 15
55 41 15
F16
512
90 85 16
85 100 16
100 76 16
76 61 16
61 28 16
28 25 16
25 30 16
F17
512
22 18 17
18 14 17
14 11 17
11 58 17
58 52 17
52 71 17
F18
512
84 73 18
73 53 18
53 50 18
50 39 18
39 36 18
F19
512
10 12 19
12 14 19
14 11 19
11 56 19
56 79 19
79 75 19
F20
512
27 63 20
63 98 20
98 76 20
76 61 20
61 28 20
F21
512
47 33 21
33 50 21
50 39 21
F22
512
18 14 22
14 11 22
11 56 22
56 83 22
83 49 22
49 69 22
F23
512
22 18 23
18 14 23
14 11 23
11 58 23
58 52 23
52 71 23
F24
512
18 14 24
14 11 24
11 56 24
56 83 24
83 49 24
49 69 24
F25
512
38 47 25
47 53 25
53 50 25
50 72 25
72 68 25
68 93 25
F26
512
22 21 26
21 16 26
16 11 26
11 58 26
58 44 26
44 60 26
F27
512
48 34 27
34 33 27
33 50 27
50 53 27
53 73 27
73 51 27
F28
512
3 4 28
4 41 28
41 8 28
8 35 28
35 83 28
83 49 28
49 66 28
66 59 28
F29
1024
26 21 29
21 16 29
16 11 29
11 58 29
58 56 29
56 83 29
F30
1024
25 28 30
28 61 30
61 76 30
76 98 30
98 63 30
63 65 30
F31
1024
90 85 31
85 100 31
100 76 31
76 61 31
61 28 31
28 25 31
25 30 31
F32
1024
10 12 32
12 14 32
14 11 32
11 56 32
56 79 32
79 75 32
F33
1024
8 35 33
35 55 33
55 41 33
F34
1024
2 1 34
1 6 34
6 8 34
8 35 34
35 55 34
55 67 34
67 62 34
62 64 34
F35
1024
47 33 35
33 50 35
50 39 35
F36
1024
7 9 36
9 13 36
13 11 36
11 58 36
58 52 36
F37
1024
20 58 37
58 11 37
11 13 37
13 9 37
F38
1024
84 73 38
73 53 38
53 50 38
50 39 38
39 36 38
F39
1024
94 97 39
97 86 39
86 68 39
68 76 39
76 82 39
82 74 39
F40
1024
92 96 40
96 93 40
93 68 40
68 76 40
76 82 40
82 95 40
