F1
256
38 47 1
47 53 1
53 50 1
50 72 1
72 68 1
68 93 1
F2
256
17 14 2
14 11 2
11 56 2
56 79 2
79 88 2
F3
256
7 9 3
9 13 3
13 11 3
11 58 3
58 52 3
F4
256
18 14 4
14 11 4
11 56 4
56 83 4
83 49 4
49 69 4
F5
256
17 14 5
14 11 5
11 56 5
56 79 5
79 88 5
F6
256
20 58 6
58 11 6
11 13 6
13 9 6
F7
256
26 21 7
21 16 7
16 11 7
11 58 7
58 56 7
56 83 7
F8
256
89 87 8
87 68 8
68 76 8
76 61 8
F9
256
100 76 9
76 98 9
98 63 9
F10
256
89 87 10
87 68 10
68 76 10
76 61 10
F11
256
2 1 11
1 6 11
6 8 11
8 35 11
35 55 11
55 67 11
67 62 11
62 64 11
F12
256
7 9 12
9 13 12
13 11 12
11 58 12
58 52 12
F13
256
37 32 13
32 39 13
39 50 13
50 28 13
28 23 13
23 40 13
F14
256
42 77 14
77 70 14
70 98 14
98 76 14
76 68 14
68 87 14
F15
256
80 78 15
78 93 15
93 68 15
68 76 15
76 100 15
100 91 15
F16
256
84 73 16
73 53 16
53 50 16
50 39 16
39 36 16
F17
512
100 76 17
76 98 17
98 63 17
F18
512
22 21 18
21 16 18
16 11 18
11 58 18
58 44 18
44 60 18
F19
512
90 85 19
85 100 19
100 76 19
76 61 19
61 28 19
28 25 19
25 30 19
F20
512
10 12 20
12 14 20
14 11 20
11 56 20
56 79 20
79 75 20
F21
512
24 20 21
20 16 21
16 11 21
11 13 21
13 12 21
F22
512
72 50 22
50 53 22
53 73 22
F23
512
80 78 23
78 93 23
93 68 23
68 76 23
76 100 23
100 91 23
F24
512
92 96 24
96 93 24
93 68 24
68 76 24
76 82 24
82 95 24
F25
512
90 85 25
85 100 25
100 76 25
76 61 25
61 28 25
28 25 25
25 30 25
F26
1024
1 6 26
6 8 26
8 35 26
35 56 26
56 44 26
44 60 26
F27
1024
79 56 27
56 35 27
35 55 27
55 67 27
F28
1024
85 91 28
91 100 28
100 76 28
76 82 28
82 74 28
74 81 28
F29
1024
24 20 29
20 16 29
16 11 29
11 13 29
13 12 29
F30
1024
54 31 30
31 41 30
41 8 30
8 35 30
35 56 30
56 58 30
58 16 30
F31
1024
90 85 31
85 100 31
100 76 31
76 61 31
61 28 31
28 25 31
25 30 31
F32
1024
7 9 32
9 13 32
13 11 32
11 58 32
58 52 32
F33
1024
46 52 33
52 58 33
58 11 33
11 16 33
16 21 33
21 24 33
24 15 33
F34
1024
24 20 34
20 16 34
16 11 34
11 13 34
13 12 34
F35
1024
85 91 35
91 100 35
100 76 35
76 82 35
82 74 35
74 81 35
F36
1024
47 33 36
33 50 36
50 39 36
F37
1024
100 76 37
76 98 37
98 63 37
F38
1024
48 34 38
34 33 38
33 50 38
50 53 38
53 73 38
73 51 38
F39
1024
27 63 39
63 98 39
98 76 39
76 61 39
61 28 39
F40
1024
45 37 40
37 32 40
32 39 40
39 50 40
50 72 40
72 68 40
68 86 40
86 97 40
