F1
256
10 12 1
12 14 1
14 11 1
11 56 1
56 79 1
79 75 1
F2
256
21 16 2
16 11 2
11 14 2
F3
256
18 14 3
14 11 3
11 56 3
56 83 3
83 49 3
49 69 3
F4
256
79 56 4
56 35 4
35 55 4
55 67 4
F5
256
80 78 5
78 93 5
93 68 5
68 76 5
76 100 5
100 91 5
F6
256
54 31 6
31 41 6
41 8 6
8 35 6
35 56 6
56 58 6
58 16 6
F7
256
100 76 7
76 98 7
98 63 7
F8
256
47 33 8
33 50 8
50 39 8
F9
512
3 4 9
4 41 9
41 8 9
8 35 9
35 83 9
83 49 9
49 66 9
66 59 9
F10
512
22 21 10
21 16 10
16 11 10
11 58 10
58 44 10
44 60 10
F11
512
37 32 11
32 39 11
39 50 11
50 28 11
28 23 11
23 40 11
F12
512
72 50 12
50 53 12
53 73 12
F13
512
79 56 13
56 35 13
35 55 13
55 67 13
F14
512
1 6 14
6 8 14
8 35 14
35 56 14
56 44 14
44 60 14
F15
512
42 77 15
77 70 15
70 98 15
98 76 15
76 68 15
68 87 15
F16
512
37 32 16
32 39 16
39 50 16
50 28 16
28 23 16
23 40 16
F17
512
89 87 17
87 68 17
68 76 17
76 61 17
F18
512
38 47 18
47 53 18
53 50 18
50 72 18
72 68 18
68 93 18
F19
512
37 32 19
32 39 19
39 50 19
50 28 19
28 23 19
23 40 19
F20
512
47 33 20
33 50 20
50 39 20
F21
512
21 16 21
16 11 21
11 14 21
F22
512
17 14 22
14 11 22
11 56 22
56 79 22
79 88 22
F23
512
17 14 23
14 11 23
11 56 23
56 79 23
79 88 23
F24
512
33 50 24
50 57 24
F25
512
8 35 25
35 55 25
55 41 25
F26
1024
5 7 26
7 9 26
9 13 26
13 11 26
11 16 26
16 21 26
21 26 26
26 19 26
F27
1024
92 96 27
96 93 27
93 68 27
68 76 27
76 82 27
82 95 27
F28
1024
84 73 28
73 53 28
53 50 28
50 39 28
39 36 28
F29
1024
24 20 29
20 16 29
16 11 29
11 13 29
13 12 29
F30
1024
66 49 30
49 83 30
83 35 30
35 56 30
F31
1024
90 85 31
85 100 31
100 76 31
76 61 31
61 28 31
28 25 31
25 30 31
F32
1024
33 50 32
50 57 32
F33
1024
26 21 33
21 16 33
16 11 33
11 58 33
58 56 33
56 83 33
F34
1024
3 4 34
4 41 34
41 8 34
8 35 34
35 83 34
83 49 34
49 66 34
66 59 34
F35
1024
84 73 35
73 53 35
53 50 35
50 39 35
39 36 35
F36
1024
10 12 36
12 14 36
14 11 36
11 56 36
56 79 36
79 75 36
F37
1024
99 89 37
89 87 37
87 53 37
53 50 37
50 33 37
33 32 37
32 29 37
F38
1024
99 89 38
89 87 38
87 53 38
53 50 38
50 33 38
33 32 38
32 29 38
F39
1024
8 35 39
35 55 39
55 41 39
F40
1024
17 14 40
14 11 40
11 56 40
56 79 40
79 88 40
