F1
256
92 96 1
96 93 1
93 68 1
68 76 1
76 82 1
82 95 1
F2
256
22 21 2
21 16 2
16 11 2
11 58 2
58 44 2
44 60 2
F3
256
48 34 3
34 33 3
33 50 3
50 53 3
53 73 3
73 51 3
F4
256
100 76 4
76 98 4
98 63 4
F5
256
84 73 5
73 53 5
53 50 5
50 39 5
39 36 5
F6
256
89 87 6
87 68 6
68 76 6
76 61 6
F7
256
92 96 7
96 93 7
93 68 7
68 76 7
76 82 7
82 95 7
F8
256
4 41 8
41 55 8
55 35 8
35 13 8
F9
256
54 31 9
31 41 9
41 8 9
8 35 9
35 56 9
56 58 9
58 16 9
F10
512
7 9 10
9 13 10
13 11 10
11 58 10
58 52 10
F11
512
8 35 11
35 55 11
55 41 11
F12
512
20 58 12
58 11 12
11 13 12
13 9 12
F13
512
66 49 13
49 83 13
83 35 13
35 56 13
F14
512
100 76 14
76 98 14
98 63 14
F15
512
7 9 15
9 13 15
13 11 15
11 58 15
58 52 15
F16
512
54 31 16
31 41 16
41 8 16
8 35 16
35 56 16
56 58 16
58 16 16
F17
512
25 28 17
28 61 17
61 76 17
76 98 17
98 63 17
63 65 17
F18
512
42 77 18
77 70 18
70 98 18
98 76 18
76 68 18
68 87 18
F19
512
18 14 19
14 11 19
11 56 19
56 83 19
83 49 19
49 69 19
F20
512
25 28 20
28 61 20
61 76 20
76 98 20
98 63 20
63 65 20
F21
512
5 7 21
7 9 21
9 13 21
13 11 21
11 16 21
16 21 21
21 26 21
26 19 21
F22
512
99 89 22
89 87 22
87 53 22
53 50 22
50 33 22
33 32 22
32 29 22
F23
1024
1 6 23
6 8 23
8 35 23
35 56 23
56 44 23
44 60 23
F24
1024
25 28 24
28 61 24
61 76 24
76 98 24
98 63 24
63 65 24
F25
1024
22 18 25
18 14 25
14 11 25
11 58 25
58 52 25
52 71 25
F26
1024
85 91 26
91 100 26
100 76 26
76 82 26
82 74 26
74 81 26
F27
1024
46 52 27
52 58 27
58 11 27
11 16 27
16 21 27
21 24 27
24 15 27
F28
1024
92 96 28
96 93 28
93 68 28
68 76 28
76 82 28
82 95 28
F29
1024
48 34 29
34 33 29
33 50 29
50 53 29
53 73 29
73 51 29
F30
1024
99 89 30
89 87 30
87 53 30
53 50 30
50 33 30
33 32 30
32 29 30
F31
1024
84 73 31
73 53 31
53 50 31
50 39 31
39 36 31
F32
1024
85 91 32
91 100 32
100 76 32
76 82 32
82 74 32
74 81 32
F33
1024
17 14 33
14 11 33
11 56 33
56 79 33
79 88 33
F34
1024
90 85 34
85 100 34
100 76 34
76 61 34
61 28 34
28 25 34
25 30 34
F35
1024
20 58 35
58 11 35
11 13 35
13 9 35
F36
1024
42 77 36
77 70 36
70 98 36
98 76 36
76 68 36
68 87 36
F37
1024
4 41 37
41 55 37
55 35 37
35 13 37
F38
1024
17 14 38
14 11 38
11 56 38
56 79 38
79 88 38
F39
1024
1 6 39
6 8 39
8 35 39
35 56 39
56 44 39
44 60 39
F40
1024
90 85 40
85 100 40
100 76 40
76 61 40
61 28 40
28 25 40
25 30 40
