F1
256
90 85 1
85 100 1
100 76 1
76 61 1
61 28 1
28 25 1
25 30 1
F2
256
2 1 2
1 6 2
6 8 2
8 35 2
35 55 2
55 67 2
67 62 2
62 64 2
F3
256
33 50 3
50 57 3
F4
256
92 96 4
96 93 4
93 68 4
68 76 4
76 82 4
82 95 4
F5
256
26 21 5
21 16 5
16 11 5
11 58 5
58 56 5
56 83 5
F6
256
3 4 6
4 41 6
41 8 6
8 35 6
35 83 6
83 49 6
49 66 6
66 59 6
F7
256
22 18 7
18 14 7
14 11 7
11 58 7
58 52 7
52 71 7
F8
256
80 78 8
78 93 8
93 68 8
68 76 8
76 100 8
100 91 8
F9
256
25 28 9
28 61 9
61 76 9
76 98 9
98 63 9
63 65 9
F10
256
80 78 10
78 93 10
93 68 10
68 76 10
76 100 10
100 91 10
F11
256
17 14 11
14 11 11
11 56 11
56 79 11
79 88 11
F12
256
38 47 12
47 53 12
53 50 12
50 72 12
72 68 12
68 93 12
F13
256
80 78 13
78 93 13
93 68 13
68 76 13
76 100 13
100 91 13
F14
256
22 18 14
18 14 14
14 11 14
11 58 14
58 52 14
52 71 14
F15
256
10 12 15
12 14 15
14 11 15
11 56 15
56 79 15
79 75 15
F16
512
1 6 16
6 8 16
8 35 16
35 56 16
56 44 16
44 60 16
F17
512
1 6 17
6 8 17
8 35 17
35 56 17
56 44 17
44 60 17
F18
512
5 7 18
7 9 18
9 13 18
13 11 18
11 16 18
16 21 18
21 26 18
26 19 18
F19
512
90 85 19
85 100 19
100 76 19
76 61 19
61 28 19
28 25 19
25 30 19
F20
512
22 18 20
18 14 20
14 11 20
11 58 20
58 52 20
52 71 20
F21
512
45 37 21
37 32 21
32 39 21
39 50 21
50 72 21
72 68 21
68 86 21
86 97 21
F22
512
18 14 22
14 11 22
11 56 22
56 83 22
83 49 22
49 69 22
F23
512
92 96 23
96 93 23
93 68 23
68 76 23
76 82 23
82 95 23
F24
512
22 21 24
21 16 24
16 11 24
11 58 24
58 44 24
44 60 24
F25
512
37 32 25
32 39 25
39 50 25
50 28 25
28 23 25
23 40 25
F26
1024
99 89 26
89 87 26
87 53 26
53 50 26
50 33 26
33 32 26
32 29 26
F27
1024
99 89 27
89 87 27
87 53 27
53 50 27
50 33 27
33 32 27
32 29 27
F28
1024
43 4 28
4 6 28
6 8 28
8 35 28
35 55 28
F29
1024
45 37 29
37 32 29
32 39 29
39 50 29
50 72 29
72 68 29
68 86 29
86 97 29
F30
1024
90 85 30
85 100 30
100 76 30
76 61 30
61 28 30
28 25 30
25 30 30
F31
1024
79 56 31
56 35 31
35 55 31
55 67 31
F32
1024
43 4 32
4 6 32
6 8 32
8 35 32
35 55 32
F33
1024
38 47 33
47 53 33
53 50 33
50 72 33
72 68 33
68 93 33
F34
1024
43 4 34
4 6 34
6 8 34
8 35 34
35 55 34
F35
1024
92 96 35
96 93 35
93 68 35
68 76 35
76 82 35
82 95 35
F36
1024
48 34 36
34 33 36
33 50 36
50 53 36
53 73 36
73 51 36
F37
1024
84 73 37
73 53 37
53 50 37
50 39 37
39 36 37
F38
1024
46 52 38
52 58 38
58 11 38
11 16 38
16 21 38
21 24 38
24 15 38
F39
1024
89 87 39
87 68 39
68 76 39
76 61 39
F40
1024
21 16 40
16 11 40
11 14 40
