F1
256
46 52 1
52 58 1
58 11 1
11 16 1
16 21 1
21 24 1
24 15 1
F2
256
4 41 2
41 55 2
55 35 2
35 13 2
F3
256
100 76 3
76 98 3
98 63 3
F4
256
10 12 4
12 14 4
14 11 4
11 56 4
56 79 4
79 75 4
F5
256
99 89 5
89 87 5
87 53 5
53 50 5
50 33 5
33 32 5
32 29 5
F6
256
38 47 6
47 53 6
53 50 6
50 72 6
72 68 6
68 93 6
F7
256
22 18 7
18 14 7
14 11 7
11 58 7
58 52 7
52 71 7
F8
256
47 33 8
33 50 8
50 39 8
F9
256
7 9 9
9 13 9
13 11 9
11 58 9
58 52 9
F10
256
20 58 10
58 11 10
11 13 10
13 9 10
F11
256
25 28 11
28 61 11
61 76 11
76 98 11
98 63 11
63 65 11
F12
256
46 52 12
52 58 12
58 11 12
11 16 12
16 21 12
21 24 12
24 15 12
F13
256
47 33 13
33 50 13
50 39 13
F14
256
5 7 14
7 9 14
9 13 14
13 11 14
11 16 14
16 21 14
21 26 14
26 19 14
F15
256
38 47 15
47 53 15
53 50 15
50 72 15
72 68 15
68 93 15
F16
256
18 14 16
14 11 16
11 56 16
56 83 16
83 49 16
49 69 16
F17
256
7 9 17
9 13 17
13 11 17
11 58 17
58 52 17
F18
512
66 49 18
49 83 18
83 35 18
35 56 18
F19
512
25 28 19
28 61 19
61 76 19
76 98 19
98 63 19
63 65 19
F20
512
20 58 20
58 11 20
11 13 20
13 9 20
F21
512
80 78 21
78 93 21
93 68 21
68 76 21
76 100 21
100 91 21
F22
512
26 21 22
21 16 22
16 11 22
11 58 22
58 56 22
56 83 22
F23
512
54 31 23
31 41 23
41 8 23
8 35 23
35 56 23
56 58 23
58 16 23
F24
512
38 47 24
47 53 24
53 50 24
50 72 24
72 68 24
68 93 24
F25
512
27 63 25
63 98 25
98 76 25
76 61 25
61 28 25
F26
512
46 52 26
52 58 26
58 11 26
11 16 26
16 21 26
21 24 26
24 15 26
F27
1024
100 76 27
76 98 27
98 63 27
F28
1024
1 6 28
6 8 28
8 35 28
35 56 28
56 44 28
44 60 28
F29
1024
46 52 29
52 58 29
58 11 29
11 16 29
16 21 29
21 24 29
24 15 29
F30
1024
10 12 30
12 14 30
14 11 30
11 56 30
56 79 30
79 75 30
F31
1024
80 78 31
78 93 31
93 68 31
68 76 31
76 100 31
100 91 31
F32
1024
99 89 32
89 87 32
87 53 32
53 50 32
50 33 32
33 32 32
32 29 32
F33
1024
18 14 33
14 11 33
11 56 33
56 83 33
83 49 33
49 69 33
F34
1024
79 56 34
56 35 34
35 55 34
55 67 34
F35
1024
20 58 35
58 11 35
11 13 35
13 9 35
F36
1024
5 7 36
7 9 36
9 13 36
13 11 36
11 16 36
16 21 36
21 26 36
26 19 36
F37
1024
89 87 37
87 68 37
68 76 37
76 61 37
F38
1024
4 41 38
41 55 38
55 35 38
35 13 38
F39
1024
92 96 39
96 93 39
93 68 39
68 76 39
76 82 39
82 95 39
F40
1024
43 4 40
4 6 40
6 8 40
8 35 40
35 55 40
