F1
256
37 32 1
32 39 1
39 50 1
50 28 1
28 23 1
23 40 1
F2
256
20 58 2
58 11 2
11 13 2
13 9 2
F3
256
4 41 3
41 55 3
55 35 3
35 13 3
F4
256
5 7 4
7 9 4
9 13 4
13 11 4
11 16 4
16 21 4
21 26 4
26 19 4
F5
256
27 63 5
63 98 5
98 76 5
76 61 5
61 28 5
F6
256
3 4 6
4 41 6
41 8 6
8 35 6
35 83 6
83 49 6
49 66 6
66 59 6
F7
256
26 21 7
21 16 7
16 11 7
11 58 7
58 56 7
56 83 7
F8
256
8 35 8
35 55 8
55 41 8
F9
256
7 9 9
9 13 9
13 11 9
11 58 9
58 52 9
F10
256
1 6 10
6 8 10
8 35 10
35 56 10
56 44 10
44 60 10
F11
256
22 21 11
21 16 11
16 11 11
11 58 11
58 44 11
44 60 11
F12
256
3 4 12
4 41 12
41 8 12
8 35 12
35 83 12
83 49 12
49 66 12
66 59 12
F13
256
85 91 13
91 100 13
100 76 13
76 82 13
82 74 13
74 81 13
F14
256
42 77 14
77 70 14
70 98 14
98 76 14
76 68 14
68 87 14
F15
256
46 52 15
52 58 15
58 11 15
11 16 15
16 21 15
21 24 15
24 15 15
F16
256
37 32 16
32 39 16
39 50 16
50 28 16
28 23 16
23 40 16
F17
512
27 63 17
63 98 17
98 76 17
76 61 17
61 28 17
F18
512
5 7 18
7 9 18
9 13 18
13 11 18
11 16 18
16 21 18
21 26 18
26 19 18
F19
512
89 87 19
87 68 19
68 76 19
76 61 19
F20
512
85 91 20
91 100 20
100 76 20
76 82 20
82 74 20
74 81 20
F21
512
26 21 21
21 16 21
16 11 21
11 58 21
58 56 21
56 83 21
F22
512
47 33 22
33 50 22
50 39 22
F23
512
90 85 23
85 100 23
100 76 23
76 61 23
61 28 23
28 25 23
25 30 23
F24
512
94 97 24
97 86 24
86 68 24
68 76 24
76 82 24
82 74 24
F25
512
21 16 25
16 11 25
11 14 25
F26
512
10 12 26
12 14 26
14 11 26
11 56 26
56 79 26
79 75 26
F27
512
47 33 27
33 50 27
50 39 27
F28
512
45 37 28
37 32 28
32 39 28
39 50 28
50 72 28
72 68 28
68 86 28
86 97 28
F29
1024
4 41 29
41 55 29
55 35 29
35 13 29
F30
1024
85 91 30
91 100 30
100 76 30
76 82 30
82 74 30
74 81 30
F31
1024
80 78 31
78 93 31
93 68 31
68 76 31
76 100 31
100 91 31
F32
1024
26 21 32
21 16 32
16 11 32
11 58 32
58 56 32
56 83 32
F33
1024
43 4 33
4 6 33
6 8 33
8 35 33
35 55 33
F34
1024
17 14 34
14 11 34
11 56 34
56 79 34
79 88 34
F35
1024
18 14 35
14 11 35
11 56 35
56 83 35
83 49 35
49 69 35
F36
1024
80 78 36
78 93 36
93 68 36
68 76 36
76 100 36
100 91 36
F37
1024
22 21 37
21 16 37
16 11 37
11 58 37
58 44 37
44 60 37
F38
1024
1 6 38
6 8 38
8 35 38
35 56 38
56 44 38
44 60 38
F39
1024
18 14 39
14 11 39
11 56 39
56 83 39
83 49 39
49 69 39
F40
1024
1 6 40
6 8 40
8 35 40
35 56 40
56 44 40
44 60 40
