F1
256
18 14 1
14 11 1
11 56 1
56 83 1
83 49 1
49 69 1
F2
256
3 4 2
4 41 2
41 8 2
8 35 2
35 83 2
83 49 2
49 66 2
66 59 2
F3
256
79 56 3
56 35 3
35 55 3
55 67 3
F4
256
18 14 4
14 11 4
11 56 4
56 83 4
83 49 4
49 69 4
F5
256
33 50 5
50 57 5
F6
256
24 20 6
20 16 6
16 11 6
11 13 6
13 12 6
F7
256
21 16 7
16 11 7
11 14 7
F8
256
8 35 8
35 55 8
55 41 8
F9
256
33 50 9
50 57 9
F10
256
90 85 10
85 100 10
100 76 10
76 61 10
61 28 10
28 25 10
25 30 10
F11
512
8 35 11
35 55 11
55 41 11
F12
512
33 50 12
50 57 12
F13
512
25 28 13
28 61 13
61 76 13
76 98 13
98 63 13
63 65 13
F14
512
25 28 14
28 61 14
61 76 14
76 98 14
98 63 14
63 65 14
F15
512
100 76 15
76 98 15
98 63 15
F16
512
47 33 16
33 50 16
50 39 16
F17
512
54 31 17
31 41 17
41 8 17
8 35 17
35 56 17
56 58 17
58 16 17
F18
512
10 12 18
12 14 18
14 11 18
11 56 18
56 79 18
79 75 18
F19
512
99 89 19
89 87 19
87 53 19
53 50 19
50 33 19
33 32 19
32 29 19
F20
512
2 1 20
1 6 20
6 8 20
8 35 20
35 55 20
55 67 20
67 62 20
62 64 20
F21
512
4 41 21
41 55 21
55 35 21
35 13 21
F22
512
27 63 22
63 98 22
98 76 22
76 61 22
61 28 22
F23
512
1 6 23
6 8 23
8 35 23
35 56 23
56 44 23
44 60 23
F24
512
43 4 24
4 6 24
6 8 24
8 35 24
35 55 24
F25
512
99 89 25
89 87 25
87 53 25
53 50 25
50 33 25
33 32 25
32 29 25
F26
512
94 97 26
97 86 26
86 68 26
68 76 26
76 82 26
82 74 26
F27
1024
54 31 27
31 41 27
41 8 27
8 35 27
35 56 27
56 58 27
58 16 27
F28
1024
2 1 28
1 6 28
6 8 28
8 35 28
35 55 28
55 67 28
67 62 28
62 64 28
F29
1024
43 4 29
4 6 29
6 8 29
8 35 29
35 55 29
F30
1024
22 21 30
21 16 30
16 11 30
11 58 30
58 44 30
44 60 30
F31
1024
99 89 31
89 87 31
87 53 31
53 50 31
50 33 31
33 32 31
32 29 31
F32
1024
20 58 32
58 11 32
11 13 32
13 9 32
F33
1024
54 31 33
31 41 33
41 8 33
8 35 33
35 56 33
56 58 33
58 16 33
F34
1024
84 73 34
73 53 34
53 50 34
50 39 34
39 36 34
F35
1024
8 35 35
35 55 35
55 41 35
F36
1024
3 4 36
4 41 36
41 8 36
8 35 36
35 83 36
83 49 36
49 66 36
66 59 36
F37
1024
10 12 37
12 14 37
14 11 37
11 56 37
56 79 37
79 75 37
F38
1024
79 56 38
56 35 38
35 55 38
55 67 38
F39
1024
45 37 39
37 32 39
32 39 39
39 50 39
50 72 39
72 68 39
68 86 39
86 97 39
F40
1024
43 4 40
4 6 40
6 8 40
8 35 40
35 55 40
