F1
256
54 31 1
31 41 1
41 8 1
8 35 1
35 56 1
56 58 1
58 16 1
F2
256
92 96 2
96 93 2
93 68 2
68 76 2
76 82 2
82 95 2
F3
256
8 35 3
35 55 3
55 41 3
F4
256
24 20 4
20 16 4
16 11 4
11 13 4
13 12 4
F5
256
3 4 5
4 41 5
41 8 5
8 35 5
35 83 5
83 49 5
49 66 5
66 59 5
F6
256
33 50 6
50 57 6
F7
256
17 14 7
14 11 7
11 56 7
56 79 7
79 88 7
F8
256
72 50 8
50 53 8
53 73 8
F9
256
42 77 9
77 70 9
70 98 9
98 76 9
76 68 9
68 87 9
F10
256
17 14 10
14 11 10
11 56 10
56 79 10
79 88 10
F11
256
66 49 11
49 83 11
83 35 11
35 56 11
F12
256
2 1 12
1 6 12
6 8 12
8 35 12
35 55 12
55 67 12
67 62 12
62 64 12
F13
256
37 32 13
32 39 13
39 50 13
50 28 13
28 23 13
23 40 13
F14
256
42 77 14
77 70 14
70 98 14
98 76 14
76 68 14
68 87 14
F15
256
46 52 15
52 58 15
58 11 15
11 16 15
16 21 15
21 24 15
24 15 15
F16
512
24 20 16
20 16 16
16 11 16
11 13 16
13 12 16
F17
512
20 58 17
58 11 17
11 13 17
13 9 17
F18
512
89 87 18
87 68 18
68 76 18
76 61 18
F19
512
90 85 19
85 100 19
100 76 19
76 61 19
61 28 19
28 25 19
25 30 19
F20
512
72 50 20
50 53 20
53 73 20
F21
512
10 12 21
12 14 21
14 11 21
11 56 21
56 79 21
79 75 21
F22
512
22 18 22
18 14 22
14 11 22
11 58 22
58 52 22
52 71 22
F23
512
10 12 23
12 14 23
14 11 23
11 56 23
56 79 23
79 75 23
F24
512
90 85 24
85 100 24
100 76 24
76 61 24
61 28 24
28 25 24
25 30 24
F25
512
25 28 25
28 61 25
61 76 25
76 98 25
98 63 25
63 65 25
F26
512
25 28 26
28 61 26
61 76 26
76 98 26
98 63 26
63 65 26
F27
512
8 35 27
35 55 27
55 41 27
F28
1024
47 33 28
33 50 28
50 39 28
F29
1024
42 77 29
77 70 29
70 98 29
98 76 29
76 68 29
68 87 29
F30
1024
47 33 30
33 50 30
50 39 30
F31
1024
38 47 31
47 53 31
53 50 31
50 72 31
72 68 31
68 93 31
F32
1024
24 20 32
20 16 32
16 11 32
11 13 32
13 12 32
F33
1024
24 20 33
20 16 33
16 11 33
11 13 33
13 12 33
F34
1024
18 14 34
14 11 34
11 56 34
56 83 34
83 49 34
49 69 34
F35
1024
33 50 35
50 57 35
F36
1024
20 58 36
58 11 36
11 13 36
13 9 36
F37
1024
42 77 37
77 70 37
70 98 37
98 76 37
76 68 37
68 87 37
F38
1024
20 58 38
58 11 38
11 13 38
13 9 38
F39
1024
20 58 39
58 11 39
11 13 39
13 9 39
F40
1024
1 6 40
6 8 40
8 35 40
35 56 40
56 44 40
44 60 40
