F1
256
26 21 1
21 16 1
16 11 1
11 58 1
58 56 1
56 83 1
F2
256
37 32 2
32 39 2
39 50 2
50 28 2
28 23 2
23 40 2
F3
256
38 47 3
47 53 3
53 50 3
50 72 3
72 68 3
68 93 3
F4
256
22 21 4
21 16 4
16 11 4
11 58 4
58 44 4
44 60 4
F5
256
8 35 5
35 55 5
55 41 5
F6
256
22 21 6
21 16 6
16 11 6
11 58 6
58 44 6
44 60 6
F7
256
21 16 7
16 11 7
11 14 7
F8
256
92 96 8
96 93 8
93 68 8
68 76 8
76 82 8
82 95 8
F9
256
8 35 9
35 55 9
55 41 9
F10
256
100 76 10
76 98 10
98 63 10
F11
256
33 50 11
50 57 11
F12
256
80 78 12
78 93 12
93 68 12
68 76 12
76 100 12
100 91 12
F13
256
22 21 13
21 16 13
16 11 13
11 58 13
58 44 13
44 60 13
F14
256
46 52 14
52 58 14
58 11 14
11 16 14
16 21 14
21 24 14
24 15 14
F15
512
10 12 15
12 14 15
14 11 15
11 56 15
56 79 15
79 75 15
F16
512
21 16 16
16 11 16
11 14 16
F17
512
10 12 17
12 14 17
14 11 17
11 56 17
56 79 17
79 75 17
F18
512
79 56 18
56 35 18
35 55 18
55 67 18
F19
512
42 77 19
77 70 19
70 98 19
98 76 19
76 68 19
68 87 19
F20
512
22 18 20
18 14 20
14 11 20
11 58 20
58 52 20
52 71 20
F21
512
72 50 21
50 53 21
53 73 21
F22
512
90 85 22
85 100 22
100 76 22
76 61 22
61 28 22
28 25 22
25 30 22
F23
512
48 34 23
34 33 23
33 50 23
50 53 23
53 73 23
73 51 23
F24
512
3 4 24
4 41 24
41 8 24
8 35 24
35 83 24
83 49 24
49 66 24
66 59 24
F25
512
2 1 25
1 6 25
6 8 25
8 35 25
35 55 25
55 67 25
67 62 25
62 64 25
F26
512
2 1 26
1 6 26
6 8 26
8 35 26
35 55 26
55 67 26
67 62 26
62 64 26
F27
1024
24 20 27
20 16 27
16 11 27
11 13 27
13 12 27
F28
1024
80 78 28
78 93 28
93 68 28
68 76 28
76 100 28
100 91 28
F29
1024
85 91 29
91 100 29
100 76 29
76 82 29
82 74 29
74 81 29
F30
1024
2 1 30
1 6 30
6 8 30
8 35 30
35 55 30
55 67 30
67 62 30
62 64 30
F31
1024
54 31 31
31 41 31
41 8 31
8 35 31
35 56 31
56 58 31
58 16 31
F32
1024
10 12 32
12 14 32
14 11 32
11 56 32
56 79 32
79 75 32
F33
1024
72 50 33
50 53 33
53 73 33
F34
1024
20 58 34
58 11 34
11 13 34
13 9 34
F35
1024
80 78 35
78 93 35
93 68 35
68 76 35
76 100 35
100 91 35
F36
1024
26 21 36
21 16 36
16 11 36
11 58 36
58 56 36
56 83 36
F37
1024
17 14 37
14 11 37
11 56 37
56 79 37
79 88 37
F38
1024
2 1 38
1 6 38
6 8 38
8 35 38
35 55 38
55 67 38
67 62 38
62 64 38
F39
1024
5 7 39
7 9 39
9 13 39
13 11 39
11 16 39
16 21 39
21 26 39
26 19 39
F40
1024
33 50 40
50 57 40
