F1
256
5 7 1
7 9 1
9 13 1
13 11 1
11 16 1
16 21 1
21 26 1
26 19 1
F2
256
2 1 2
1 6 2
6 8 2
8 35 2
35 55 2
55 67 2
67 62 2
62 64 2
F3
256
17 14 3
14 11 3
11 56 3
56 79 3
79 88 3
F4
256
27 63 4
63 98 4
98 76 4
76 61 4
61 28 4
F5
256
1 6 5
6 8 5
8 35 5
35 56 5
56 44 5
44 60 5
F6
256
7 9 6
9 13 6
13 11 6
11 58 6
58 52 6
F7
256
66 49 7
49 83 7
83 35 7
35 56 7
F8
256
2 1 8
1 6 8
6 8 8
8 35 8
35 55 8
55 67 8
67 62 8
62 64 8
F9
256
10 12 9
12 14 9
14 11 9
11 56 9
56 79 9
79 75 9
F10
256
79 56 10
56 35 10
35 55 10
55 67 10
F11
256
22 18 11
18 14 11
14 11 11
11 58 11
58 52 11
52 71 11
F12
256
47 33 12
33 50 12
50 39 12
F13
512
48 34 13
34 33 13
33 50 13
50 53 13
53 73 13
73 51 13
F14
512
26 21 14
21 16 14
16 11 14
11 58 14
58 56 14
56 83 14
F15
512
72 50 15
50 53 15
53 73 15
F16
512
80 78 16
78 93 16
93 68 16
68 76 16
76 100 16
100 91 16
F17
512
22 18 17
18 14 17
14 11 17
11 58 17
58 52 17
52 71 17
F18
512
5 7 18
7 9 18
9 13 18
13 11 18
11 16 18
16 21 18
21 26 18
26 19 18
F19
512
54 31 19
31 41 19
41 8 19
8 35 19
35 56 19
56 58 19
58 16 19
F20
512
92 96 20
96 93 20
93 68 20
68 76 20
76 82 20
82 95 20
F21
512
21 16 21
16 11 21
11 14 21
F22
512
10 12 22
12 14 22
14 11 22
11 56 22
56 79 22
79 75 22
F23
512
7 9 23
9 13 23
13 11 23
11 58 23
58 52 23
F24
512
48 34 24
34 33 24
33 50 24
50 53 24
53 73 24
73 51 24
F25
512
79 56 25
56 35 25
35 55 25
55 67 25
F26
512
48 34 26
34 33 26
33 50 26
50 53 26
53 73 26
73 51 26
F27
1024
20 58 27
58 11 27
11 13 27
13 9 27
F28
1024
3 4 28
4 41 28
41 8 28
8 35 28
35 83 28
83 49 28
49 66 28
66 59 28
F29
1024
22 18 29
18 14 29
14 11 29
11 58 29
58 52 29
52 71 29
F30
1024
100 76 30
76 98 30
98 63 30
F31
1024
46 52 31
52 58 31
58 11 31
11 16 31
16 21 31
21 24 31
24 15 31
F32
1024
18 14 32
14 11 32
11 56 32
56 83 32
83 49 32
49 69 32
F33
1024
2 1 33
1 6 33
6 8 33
8 35 33
35 55 33
55 67 33
67 62 33
62 64 33
F34
1024
45 37 34
37 32 34
32 39 34
39 50 34
50 72 34
72 68 34
68 86 34
86 97 34
F35
1024
54 31 35
31 41 35
41 8 35
8 35 35
35 56 35
56 58 35
58 16 35
F36
1024
17 14 36
14 11 36
11 56 36
56 79 36
79 88 36
F37
1024
46 52 37
52 58 37
58 11 37
11 16 37
16 21 37
21 24 37
24 15 37
F38
1024
3 4 38
4 41 38
41 8 38
8 35 38
35 83 38
83 49 38
49 66 38
66 59 38
F39
1024
17 14 39
14 11 39
11 56 39
56 79 39
79 88 39
F40
1024
79 56 40
56 35 40
35 55 40
55 67 40
