F1
256
18 14 1
14 11 1
11 56 1
56 83 1
83 49 1
49 69 1
F2
256
47 33 2
33 50 2
50 39 2
F3
256
85 91 3
91 100 3
100 76 3
76 82 3
82 74 3
74 81 3
F4
256
89 87 4
87 68 4
68 76 4
76 61 4
F5
256
18 14 5
14 11 5
11 56 5
56 83 5
83 49 5
49 69 5
F6
256
100 76 6
76 98 6
98 63 6
F7
256
72 50 7
50 53 7
53 73 7
F8
256
85 91 8
91 100 8
100 76 8
76 82 8
82 74 8
74 81 8
F9
256
79 56 9
56 35 9
35 55 9
55 67 9
F10
256
46 52 10
52 58 10
58 11 10
11 16 10
16 21 10
21 24 10
24 15 10
F11
256
24 20 11
20 16 11
16 11 11
11 13 11
13 12 11
F12
256
20 58 12
58 11 12
11 13 12
13 9 12
F13
256
17 14 13
14 11 13
11 56 13
56 79 13
79 88 13
F14
256
7 9 14
9 13 14
13 11 14
11 58 14
58 52 14
F15
256
85 91 15
91 100 15
100 76 15
76 82 15
82 74 15
74 81 15
F16
512
2 1 16
1 6 16
6 8 16
8 35 16
35 55 16
55 67 16
67 62 16
62 64 16
F17
512
26 21 17
21 16 17
16 11 17
11 58 17
58 56 17
56 83 17
F18
512
20 58 18
58 11 18
11 13 18
13 9 18
F19
512
21 16 19
16 11 19
11 14 19
F20
512
25 28 20
28 61 20
61 76 20
76 98 20
98 63 20
63 65 20
F21
512
3 4 21
4 41 21
41 8 21
8 35 21
35 83 21
83 49 21
49 66 21
66 59 21
F22
512
10 12 22
12 14 22
14 11 22
11 56 22
56 79 22
79 75 22
F23
512
54 31 23
31 41 23
41 8 23
8 35 23
35 56 23
56 58 23
58 16 23
F24
512
18 14 24
14 11 24
11 56 24
56 83 24
83 49 24
49 69 24
F25
512
10 12 25
12 14 25
14 11 25
11 56 25
56 79 25
79 75 25
F26
512
22 21 26
21 16 26
16 11 26
11 58 26
58 44 26
44 60 26
F27
512
47 33 27
33 50 27
50 39 27
F28
1024
20 58 28
58 11 28
11 13 28
13 9 28
F29
1024
24 20 29
20 16 29
16 11 29
11 13 29
13 12 29
F30
1024
8 35 30
35 55 30
55 41 30
F31
1024
25 28 31
28 61 31
61 76 31
76 98 31
98 63 31
63 65 31
F32
1024
100 76 32
76 98 32
98 63 32
F33
1024
18 14 33
14 11 33
11 56 33
56 83 33
83 49 33
49 69 33
F34
1024
27 63 34
63 98 34
98 76 34
76 61 34
61 28 34
F35
1024
90 85 35
85 100 35
100 76 35
76 61 35
61 28 35
28 25 35
25 30 35
F36
1024
46 52 36
52 58 36
58 11 36
11 16 36
16 21 36
21 24 36
24 15 36
F37
1024
3 4 37
4 41 37
41 8 37
8 35 37
35 83 37
83 49 37
49 66 37
66 59 37
F38
1024
38 47 38
47 53 38
53 50 38
50 72 38
72 68 38
68 93 38
F39
1024
20 58 39
58 11 39
11 13 39
13 9 39
F40
1024
79 56 40
56 35 40
35 55 40
55 67 40
