F1
256
45 37 1
37 32 1
32 39 1
39 50 1
50 72 1
72 68 1
68 86 1
86 97 1
F2
256
66 49 2
49 83 2
83 35 2
35 56 2
F3
256
22 21 3
21 16 3
16 11 3
11 58 3
58 44 3
44 60 3
F4
256
4 41 4
41 55 4
55 35 4
35 13 4
F5
256
99 89 5
89 87 5
87 53 5
53 50 5
50 33 5
33 32 5
32 29 5
F6
256
26 21 6
21 16 6
16 11 6
11 58 6
58 56 6
56 83 6
F7
256
99 89 7
89 87 7
87 53 7
53 50 7
50 33 7
33 32 7
32 29 7
F8
256
4 41 8
41 55 8
55 35 8
35 13 8
F9
256
45 37 9
37 32 9
32 39 9
39 50 9
50 72 9
72 68 9
68 86 9
86 97 9
F10
256
43 4 10
4 6 10
6 8 10
8 35 10
35 55 10
F11
256
2 1 11
1 6 11
6 8 11
8 35 11
35 55 11
55 67 11
67 62 11
62 64 11
F12
256
18 14 12
14 11 12
11 56 12
56 83 12
83 49 12
49 69 12
F13
256
47 33 13
33 50 13
50 39 13
F14
256
4 41 14
41 55 14
55 35 14
35 13 14
F15
256
33 50 15
50 57 15
F16
256
66 49 16
49 83 16
83 35 16
35 56 16
F17
256
90 85 17
85 100 17
100 76 17
76 61 17
61 28 17
28 25 17
25 30 17
F18
256
79 56 18
56 35 18
35 55 18
55 67 18
F19
512
43 4 19
4 6 19
6 8 19
8 35 19
35 55 19
F20
512
37 32 20
32 39 20
39 50 20
50 28 20
28 23 20
23 40 20
F21
512
99 89 21
89 87 21
87 53 21
53 50 21
50 33 21
33 32 21
32 29 21
F22
512
3 4 22
4 41 22
41 8 22
8 35 22
35 83 22
83 49 22
49 66 22
66 59 22
F23
512
46 52 23
52 58 23
58 11 23
11 16 23
16 21 23
21 24 23
24 15 23
F24
512
85 91 24
91 100 24
100 76 24
76 82 24
82 74 24
74 81 24
F25
512
90 85 25
85 100 25
100 76 25
76 61 25
61 28 25
28 25 25
25 30 25
F26
512
20 58 26
58 11 26
11 13 26
13 9 26
F27
512
42 77 27
77 70 27
70 98 27
98 76 27
76 68 27
68 87 27
F28
512
72 50 28
50 53 28
53 73 28
F29
512
1 6 29
6 8 29
8 35 29
35 56 29
56 44 29
44 60 29
F30
1024
2 1 30
1 6 30
6 8 30
8 35 30
35 55 30
55 67 30
67 62 30
62 64 30
F31
1024
43 4 31
4 6 31
6 8 31
8 35 31
35 55 31
F32
1024
8 35 32
35 55 32
55 41 32
F33
1024
26 21 33
21 16 33
16 11 33
11 58 33
58 56 33
56 83 33
F34
1024
2 1 34
1 6 34
6 8 34
8 35 34
35 55 34
55 67 34
67 62 34
62 64 34
F35
1024
5 7 35
7 9 35
9 13 35
13 11 35
11 16 35
16 21 35
21 26 35
26 19 35
F36
1024
26 21 36
21 16 36
16 11 36
11 58 36
58 56 36
56 83 36
F37
1024
7 9 37
9 13 37
13 11 37
11 58 37
58 52 37
F38
1024
3 4 38
4 41 38
41 8 38
8 35 38
35 83 38
83 49 38
49 66 38
66 59 38
F39
1024
22 21 39
21 16 39
16 11 39
11 58 39
58 44 39
44 60 39
F40
1024
7 9 40
9 13 40
13 11 40
11 58 40
58 52 40
