F1
256
38 47 1
47 53 1
53 50 1
50 72 1
72 68 1
68 93 1
F2
256
92 96 2
96 93 2
93 68 2
68 76 2
76 82 2
82 95 2
F3
256
46 52 3
52 58 3
58 11 3
11 16 3
16 21 3
21 24 3
24 15 3
F4
256
3 4 4
4 41 4
41 8 4
8 35 4
35 83 4
83 49 4
49 66 4
66 59 4
F5
256
24 20 5
20 16 5
16 11 5
11 13 5
13 12 5
F6
256
8 35 6
35 55 6
55 41 6
F7
256
47 33 7
33 50 7
50 39 7
F8
256
46 52 8
52 58 8
58 11 8
11 16 8
16 21 8
21 24 8
24 15 8
F9
256
80 78 9
78 93 9
93 68 9
68 76 9
76 100 9
100 91 9
F10
256
72 50 10
50 53 10
53 73 10
F11
256
72 50 11
50 53 11
53 73 11
F12
256
84 73 12
73 53 12
53 50 12
50 39 12
39 36 12
F13
256
18 14 13
14 11 13
11 56 13
56 83 13
83 49 13
49 69 13
F14
256
5 7 14
7 9 14
9 13 14
13 11 14
11 16 14
16 21 14
21 26 14
26 19 14
F15
256
25 28 15
28 61 15
61 76 15
76 98 15
98 63 15
63 65 15
F16
512
22 18 16
18 14 16
14 11 16
11 58 16
58 52 16
52 71 16
F17
512
54 31 17
31 41 17
41 8 17
8 35 17
35 56 17
56 58 17
58 16 17
F18
512
90 85 18
85 100 18
100 76 18
76 61 18
61 28 18
28 25 18
25 30 18
F19
512
21 16 19
16 11 19
11 14 19
F20
512
66 49 20
49 83 20
83 35 20
35 56 20
F21
512
79 56 21
56 35 21
35 55 21
55 67 21
F22
512
90 85 22
85 100 22
100 76 22
76 61 22
61 28 22
28 25 22
25 30 22
F23
512
45 37 23
37 32 23
32 39 23
39 50 23
50 72 23
72 68 23
68 86 23
86 97 23
F24
512
8 35 24
35 55 24
55 41 24
F25
512
48 34 25
34 33 25
33 50 25
50 53 25
53 73 25
73 51 25
F26
512
66 49 26
49 83 26
83 35 26
35 56 26
F27
512
37 32 27
32 39 27
39 50 27
50 28 27
28 23 27
23 40 27
F28
512
2 1 28
1 6 28
6 8 28
8 35 28
35 55 28
55 67 28
67 62 28
62 64 28
F29
512
7 9 29
9 13 29
13 11 29
11 58 29
58 52 29
F30
512
38 47 30
47 53 30
53 50 30
50 72 30
72 68 30
68 93 30
F31
1024
99 89 31
89 87 31
87 53 31
53 50 31
50 33 31
33 32 31
32 29 31
F32
1024
45 37 32
37 32 32
32 39 32
39 50 32
50 72 32
72 68 32
68 86 32
86 97 32
F33
1024
24 20 33
20 16 33
16 11 33
11 13 33
13 12 33
F34
1024
5 7 34
7 9 34
9 13 34
13 11 34
11 16 34
16 21 34
21 26 34
26 19 34
F35
1024
66 49 35
49 83 35
83 35 35
35 56 35
F36
1024
5 7 36
7 9 36
9 13 36
13 11 36
11 16 36
16 21 36
21 26 36
26 19 36
F37
1024
26 21 37
21 16 37
16 11 37
11 58 37
58 56 37
56 83 37
F38
1024
80 78 38
78 93 38
93 68 38
68 76 38
76 100 38
100 91 38
F39
1024
38 47 39
47 53 39
53 50 39
50 72 39
72 68 39
68 93 39
F40
1024
3 4 40
4 41 40
41 8 40
8 35 40
35 83 40
83 49 40
49 66 40
66 59 40
