F1
256
46 52 1
52 58 1
58 11 1
11 16 1
16 21 1
21 24 1
24 15 1
F2
256
100 76 2
76 98 2
98 63 2
F3
256
2 1 3
1 6 3
6 8 3
8 35 3
35 55 3
55 67 3
67 62 3
62 64 3
F4
256
33 50 4
50 57 4
F5
256
54 31 5
31 41 5
41 8 5
8 35 5
35 56 5
56 58 5
58 16 5
F6
256
72 50 6
50 53 6
53 73 6
F7
256
17 14 7
14 11 7
11 56 7
56 79 7
79 88 7
F8
256
45 37 8
37 32 8
32 39 8
39 50 8
50 72 8
72 68 8
68 86 8
86 97 8
F9
256
21 16 9
16 11 9
11 14 9
F10
256
27 63 10
63 98 10
98 76 10
76 61 10
61 28 10
F11
512
7 9 11
9 13 11
13 11 11
11 58 11
58 52 11
F12
512
94 97 12
97 86 12
86 68 12
68 76 12
76 82 12
82 74 12
F13
512
7 9 13
9 13 13
13 11 13
11 58 13
58 52 13
F14
512
25 28 14
28 61 14
61 76 14
76 98 14
98 63 14
63 65 14
F15
512
4 41 15
41 55 15
55 35 15
35 13 15
F16
512
46 52 16
52 58 16
58 11 16
11 16 16
16 21 16
21 24 16
24 15 16
F17
512
80 78 17
78 93 17
93 68 17
68 76 17
76 100 17
100 91 17
F18
512
92 96 18
96 93 18
93 68 18
68 76 18
76 82 18
82 95 18
F19
512
21 16 19
16 11 19
11 14 19
F20
512
94 97 20
97 86 20
86 68 20
68 76 20
76 82 20
82 74 20
F21
512
100 76 21
76 98 21
98 63 21
F22
512
72 50 22
50 53 22
53 73 22
F23
512
99 89 23
89 87 23
87 53 23
53 50 23
50 33 23
33 32 23
32 29 23
F24
1024
99 89 24
89 87 24
87 53 24
53 50 24
50 33 24
33 32 24
32 29 24
F25
1024
38 47 25
47 53 25
53 50 25
50 72 25
72 68 25
68 93 25
F26
1024
22 21 26
21 16 26
16 11 26
11 58 26
58 44 26
44 60 26
F27
1024
38 47 27
47 53 27
53 50 27
50 72 27
72 68 27
68 93 27
F28
1024
20 58 28
58 11 28
11 13 28
13 9 28
F29
1024
48 34 29
34 33 29
33 50 29
50 53 29
53 73 29
73 51 29
F30
1024
17 14 30
14 11 30
11 56 30
56 79 30
79 88 30
F31
1024
7 9 31
9 13 31
13 11 31
11 58 31
58 52 31
F32
1024
42 77 32
77 70 32
70 98 32
98 76 32
76 68 32
68 87 32
F33
1024
43 4 33
4 6 33
6 8 33
8 35 33
35 55 33
F34
1024
24 20 34
20 16 34
16 11 34
11 13 34
13 12 34
F35
1024
66 49 35
49 83 35
83 35 35
35 56 35
F36
1024
100 76 36
76 98 36
98 63 36
F37
1024
94 97 37
97 86 37
86 68 37
68 76 37
76 82 37
82 74 37
F38
1024
18 14 38
14 11 38
11 56 38
56 83 38
83 49 38
49 69 38
F39
1024
10 12 39
12 14 39
14 11 39
11 56 39
56 79 39
79 75 39
F40
1024
25 28 40
28 61 40
61 76 40
76 98 40
98 63 40
63 65 40
