F1
256
1 6 1
6 8 1
8 35 1
35 56 1
56 44 1
44 60 1
F2
256
92 96 2
96 93 2
93 68 2
68 76 2
76 82 2
82 95 2
F3
256
17 14 3
14 11 3
11 56 3
56 79 3
79 88 3
F4
256
26 21 4
21 16 4
16 11 4
11 58 4
58 56 4
56 83 4
F5
256
54 31 5
31 41 5
41 8 5
8 35 5
35 56 5
56 58 5
58 16 5
F6
256
33 50 6
50 57 6
F7
256
79 56 7
56 35 7
35 55 7
55 67 7
F8
256
27 63 8
63 98 8
98 76 8
76 61 8
61 28 8
F9
256
37 32 9
32 39 9
39 50 9
50 28 9
28 23 9
23 40 9
F10
256
26 21 10
21 16 10
16 11 10
11 58 10
58 56 10
56 83 10
F11
256
26 21 11
21 16 11
16 11 11
11 58 11
58 56 11
56 83 11
F12
256
42 77 12
77 70 12
70 98 12
98 76 12
76 68 12
68 87 12
F13
256
3 4 13
4 41 13
41 8 13
8 35 13
35 83 13
83 49 13
49 66 13
66 59 13
F14
512
84 73 14
73 53 14
53 50 14
50 39 14
39 36 14
F15
512
38 47 15
47 53 15
53 50 15
50 72 15
72 68 15
68 93 15
F16
512
4 41 16
41 55 16
55 35 16
35 13 16
F17
512
79 56 17
56 35 17
35 55 17
55 67 17
F18
512
89 87 18
87 68 18
68 76 18
76 61 18
F19
512
99 89 19
89 87 19
87 53 19
53 50 19
50 33 19
33 32 19
32 29 19
F20
512
26 21 20
21 16 20
16 11 20
11 58 20
58 56 20
56 83 20
F21
512
92 96 21
96 93 21
93 68 21
68 76 21
76 82 21
82 95 21
F22
512
42 77 22
77 70 22
70 98 22
98 76 22
76 68 22
68 87 22
F23
512
89 87 23
87 68 23
68 76 23
76 61 23
F24
512
17 14 24
14 11 24
11 56 24
56 79 24
79 88 24
F25
512
38 47 25
47 53 25
53 50 25
50 72 25
72 68 25
68 93 25
F26
512
8 35 26
35 55 26
55 41 26
F27
512
3 4 27
4 41 27
41 8 27
8 35 27
35 83 27
83 49 27
49 66 27
66 59 27
F28
512
92 96 28
96 93 28
93 68 28
68 76 28
76 82 28
82 95 28
F29
512
18 14 29
14 11 29
11 56 29
56 83 29
83 49 29
49 69 29
F30
1024
45 37 30
37 32 30
32 39 30
39 50 30
50 72 30
72 68 30
68 86 30
86 97 30
F31
1024
100 76 31
76 98 31
98 63 31
F32
1024
22 18 32
18 14 32
14 11 32
11 58 32
58 52 32
52 71 32
F33
1024
84 73 33
73 53 33
53 50 33
50 39 33
39 36 33
F34
1024
4 41 34
41 55 34
55 35 34
35 13 34
F35
1024
92 96 35
96 93 35
93 68 35
68 76 35
76 82 35
82 95 35
F36
1024
89 87 36
87 68 36
68 76 36
76 61 36
F37
1024
37 32 37
32 39 37
39 50 37
50 28 37
28 23 37
23 40 37
F38
1024
24 20 38
20 16 38
16 11 38
11 13 38
13 12 38
F39
1024
21 16 39
16 11 39
11 14 39
F40
1024
10 12 40
12 14 40
14 11 40
11 56 40
56 79 40
79 75 40
