F1
256
10 12 1
12 14 1
14 11 1
11 56 1
56 79 1
79 75 1
F2
256
1 6 2
6 8 2
8 35 2
35 56 2
56 44 2
44 60 2
F3
256
2 1 3
1 6 3
6 8 3
8 35 3
35 55 3
55 67 3
67 62 3
62 64 3
F4
256
99 89 4
89 87 4
87 53 4
53 50 4
50 33 4
33 32 4
32 29 4
F5
256
66 49 5
49 83 5
83 35 5
35 56 5
F6
256
89 87 6
87 68 6
68 76 6
76 61 6
F7
256
20 58 7
58 11 7
11 13 7
13 9 7
F8
256
25 28 8
28 61 8
61 76 8
76 98 8
98 63 8
63 65 8
F9
256
79 56 9
56 35 9
35 55 9
55 67 9
F10
256
100 76 10
76 98 10
98 63 10
F11
256
54 31 11
31 41 11
41 8 11
8 35 11
35 56 11
56 58 11
58 16 11
F12
256
94 97 12
97 86 12
86 68 12
68 76 12
76 82 12
82 74 12
F13
256
94 97 13
97 86 13
86 68 13
68 76 13
76 82 13
82 74 13
F14
512
22 21 14
21 16 14
16 11 14
11 58 14
58 44 14
44 60 14
F15
512
37 32 15
32 39 15
39 50 15
50 28 15
28 23 15
23 40 15
F16
512
85 91 16
91 100 16
100 76 16
76 82 16
82 74 16
74 81 16
F17
512
26 21 17
21 16 17
16 11 17
11 58 17
58 56 17
56 83 17
F18
512
43 4 18
4 6 18
6 8 18
8 35 18
35 55 18
F19
512
37 32 19
32 39 19
39 50 19
50 28 19
28 23 19
23 40 19
F20
512
85 91 20
91 100 20
100 76 20
76 82 20
82 74 20
74 81 20
F21
512
48 34 21
34 33 21
33 50 21
50 53 21
53 73 21
73 51 21
F22
512
18 14 22
14 11 22
11 56 22
56 83 22
83 49 22
49 69 22
F23
512
21 16 23
16 11 23
11 14 23
F24
512
33 50 24
50 57 24
F25
512
22 18 25
18 14 25
14 11 25
11 58 25
58 52 25
52 71 25
F26
512
45 37 26
37 32 26
32 39 26
39 50 26
50 72 26
72 68 26
68 86 26
86 97 26
F27
512
2 1 27
1 6 27
6 8 27
8 35 27
35 55 27
55 67 27
67 62 27
62 64 27
F28
512
38 47 28
47 53 28
53 50 28
50 72 28
72 68 28
68 93 28
F29
512
17 14 29
14 11 29
11 56 29
56 79 29
79 88 29
F30
1024
92 96 30
96 93 30
93 68 30
68 76 30
76 82 30
82 95 30
F31
1024
26 21 31
21 16 31
16 11 31
11 58 31
58 56 31
56 83 31
F32
1024
5 7 32
7 9 32
9 13 32
13 11 32
11 16 32
16 21 32
21 26 32
26 19 32
F33
1024
100 76 33
76 98 33
98 63 33
F34
1024
7 9 34
9 13 34
13 11 34
11 58 34
58 52 34
F35
1024
7 9 35
9 13 35
13 11 35
11 58 35
58 52 35
F36
1024
92 96 36
96 93 36
93 68 36
68 76 36
76 82 36
82 95 36
F37
1024
5 7 37
7 9 37
9 13 37
13 11 37
11 16 37
16 21 37
21 26 37
26 19 37
F38
1024
47 33 38
33 50 38
50 39 38
F39
1024
100 76 39
76 98 39
98 63 39
F40
1024
80 78 40
78 93 40
93 68 40
68 76 40
76 100 40
100 91 40
