F1
256
66 49 1
49 83 1
83 35 1
35 56 1
F2
256
54 31 2
31 41 2
41 8 2
8 35 2
35 56 2
56 58 2
58 16 2
F3
256
80 78 3
78 93 3
93 68 3
68 76 3
76 100 3
100 91 3
F4
256
84 73 4
73 53 4
53 50 4
50 39 4
39 36 4
F5
256
43 4 5
4 6 5
6 8 5
8 35 5
35 55 5
F6
256
100 76 6
76 98 6
98 63 6
F7
256
25 28 7
28 61 7
61 76 7
76 98 7
98 63 7
63 65 7
F8
256
90 85 8
85 100 8
100 76 8
76 61 8
61 28 8
28 25 8
25 30 8
F9
256
46 52 9
52 58 9
58 11 9
11 16 9
16 21 9
21 24 9
24 15 9
F10
256
17 14 10
14 11 10
11 56 10
56 79 10
79 88 10
F11
512
26 21 11
21 16 11
16 11 11
11 58 11
58 56 11
56 83 11
F12
512
8 35 12
35 55 12
55 41 12
F13
512
85 91 13
91 100 13
100 76 13
76 82 13
82 74 13
74 81 13
F14
512
1 6 14
6 8 14
8 35 14
35 56 14
56 44 14
44 60 14
F15
512
27 63 15
63 98 15
98 76 15
76 61 15
61 28 15
F16
512
92 96 16
96 93 16
93 68 16
68 76 16
76 82 16
82 95 16
F17
512
90 85 17
85 100 17
100 76 17
76 61 17
61 28 17
28 25 17
25 30 17
F18
512
33 50 18
50 57 18
F19
512
80 78 19
78 93 19
93 68 19
68 76 19
76 100 19
100 91 19
F20
512
46 52 20
52 58 20
58 11 20
11 16 20
16 21 20
21 24 20
24 15 20
F21
512
27 63 21
63 98 21
98 76 21
76 61 21
61 28 21
F22
512
43 4 22
4 6 22
6 8 22
8 35 22
35 55 22
F23
1024
94 97 23
97 86 23
86 68 23
68 76 23
76 82 23
82 74 23
F24
1024
43 4 24
4 6 24
6 8 24
8 35 24
35 55 24
F25
1024
45 37 25
37 32 25
32 39 25
39 50 25
50 72 25
72 68 25
68 86 25
86 97 25
F26
1024
37 32 26
32 39 26
39 50 26
50 28 26
28 23 26
23 40 26
F27
1024
3 4 27
4 41 27
41 8 27
8 35 27
35 83 27
83 49 27
49 66 27
66 59 27
F28
1024
46 52 28
52 58 28
58 11 28
11 16 28
16 21 28
21 24 28
24 15 28
F29
1024
38 47 29
47 53 29
53 50 29
50 72 29
72 68 29
68 93 29
F30
1024
84 73 30
73 53 30
53 50 30
50 39 30
39 36 30
F31
1024
20 58 31
58 11 31
11 13 31
13 9 31
F32
1024
37 32 32
32 39 32
39 50 32
50 28 32
28 23 32
23 40 32
F33
1024
45 37 33
37 32 33
32 39 33
39 50 33
50 72 33
72 68 33
68 86 33
86 97 33
F34
1024
85 91 34
91 100 34
100 76 34
76 82 34
82 74 34
74 81 34
F35
1024
18 14 35
14 11 35
11 56 35
56 83 35
83 49 35
49 69 35
F36
1024
1 6 36
6 8 36
8 35 36
35 56 36
56 44 36
44 60 36
F37
1024
22 18 37
18 14 37
14 11 37
11 58 37
58 52 37
52 71 37
F38
1024
33 50 38
50 57 38
F39
1024
2 1 39
1 6 39
6 8 39
8 35 39
35 55 39
55 67 39
67 62 39
62 64 39
F40
1024
33 50 40
50 57 40
