F1
256
95 70 1
70 58 1
58 86 1
86 43 1
F2
256
66 86 2
86 58 2
F3
256
87 61 3
61 90 3
90 25 3
25 69 3
F4
256
78 71 4
71 86 4
86 43 4
43 72 4
F5
256
31 52 5
52 66 5
66 86 5
86 71 5
F6
256
20 17 6
17 74 6
74 29 6
29 91 6
F7
256
100 8 7
8 96 7
96 75 7
F8
256
68 23 8
23 58 8
58 86 8
86 33 8
F9
256
3 1 9
1 7 9
7 88 9
88 25 9
25 26 9
F10
256
78 71 10
71 86 10
86 43 10
43 72 10
F11
256
19 82 11
82 25 11
25 88 11
88 6 11
6 2 11
F12
256
68 23 12
23 58 12
58 86 12
86 33 12
F13
256
20 17 13
17 74 13
74 29 13
29 91 13
F14
256
81 70 14
70 58 14
58 86 14
86 11 14
F15
256
52 9 15
9 96 15
96 13 15
13 12 15
F16
512
95 70 16
70 58 16
58 86 16
86 43 16
F17
512
8 96 17
96 13 17
13 12 17
12 32 17
F18
512
53 70 18
70 58 18
58 86 18
86 33 18
33 84 18
F19
512
76 16 19
16 35 19
35 74 19
74 22 19
F20
512
7 46 20
46 25 20
25 26 20
26 97 20
F21
512
5 18 21
18 6 21
6 88 21
88 25 21
25 69 21
69 54 21
F22
512
100 8 22
8 96 22
96 75 22
F23
512
14 70 23
70 58 23
58 86 23
86 11 23
11 48 23
F24
512
100 8 24
8 96 24
96 75 24
F25
512
45 39 25
39 74 25
74 35 25
35 16 25
F26
512
5 18 26
18 6 26
6 88 26
88 25 26
25 69 26
69 54 26
F27
512
82 25 27
25 46 27
F28
512
77 17 28
17 74 28
74 35 28
F29
1024
87 61 29
61 90 29
90 25 29
25 69 29
F30
1024
4 3 30
3 1 30
1 46 30
46 25 30
25 26 30
26 34 30
F31
1024
55 63 31
63 74 31
74 22 31
22 67 31
67 28 31
F32
1024
20 17 32
17 74 32
74 29 32
29 91 32
F33
1024
27 25 33
25 88 33
88 6 33
F34
1024
45 39 34
39 74 34
74 35 34
35 16 34
F35
1024
4 3 35
3 1 35
1 46 35
46 25 35
25 26 35
26 34 35
F36
1024
50 39 36
39 74 36
74 63 36
F37
1024
95 70 37
70 58 37
58 86 37
86 43 37
F38
1024
31 52 38
52 66 38
66 86 38
86 71 38
F39
1024
78 71 39
71 86 39
86 43 39
43 72 39
F40
1024
40 29 40
29 74 40
74 39 40
