F1
256
51 2 1
2 7 1
7 46 1
46 25 1
25 69 1
69 54 1
F2
256
82 25 2
25 46 2
F3
256
40 29 3
29 74 3
74 39 3
F4
256
8 96 4
96 13 4
13 12 4
12 32 4
F5
256
82 25 5
25 46 5
F6
256
45 39 6
39 74 6
74 35 6
35 16 6
F7
256
31 52 7
52 66 7
66 86 7
86 71 7
F8
256
8 96 8
96 13 8
13 12 8
12 32 8
F9
256
41 76 9
76 16 9
16 35 9
35 74 9
74 29 9
F10
256
66 86 10
86 58 10
F11
256
4 3 11
3 1 11
1 46 11
46 25 11
25 26 11
26 34 11
F12
256
60 85 12
85 27 12
27 25 12
25 88 12
88 61 12
F13
256
5 18 13
18 6 13
6 88 13
88 25 13
25 69 13
69 54 13
F14
256
50 39 14
39 74 14
74 63 14
F15
256
14 70 15
70 58 15
58 86 15
86 11 15
11 48 15
F16
256
30 36 16
36 20 16
20 96 16
96 13 16
F17
512
19 82 17
82 25 17
25 88 17
88 6 17
6 2 17
F18
512
53 70 18
70 58 18
58 86 18
86 33 18
33 84 18
F19
512
95 70 19
70 58 19
58 86 19
86 43 19
F20
512
76 16 20
16 35 20
35 74 20
74 22 20
F21
512
47 76 21
76 16 21
16 35 21
35 74 21
74 22 21
22 94 21
F22
512
53 70 22
70 58 22
58 86 22
86 33 22
33 84 22
F23
512
50 39 23
39 74 23
74 63 23
F24
512
37 90 24
90 25 24
25 46 24
46 1 24
F25
512
20 17 25
17 74 25
74 29 25
29 91 25
F26
512
14 70 26
70 58 26
58 86 26
86 11 26
11 48 26
F27
512
19 82 27
82 25 27
25 88 27
88 6 27
6 2 27
F28
512
19 82 28
82 25 28
25 88 28
88 6 28
6 2 28
F29
1024
66 86 29
86 58 29
F30
1024
4 3 30
3 1 30
1 46 30
46 25 30
25 26 30
26 34 30
F31
1024
30 36 31
36 20 31
20 96 31
96 13 31
F32
1024
66 86 32
86 58 32
F33
1024
4 3 33
3 1 33
1 46 33
46 25 33
25 26 33
26 34 33
F34
1024
40 29 34
29 74 34
74 39 34
F35
1024
4 3 35
3 1 35
1 46 35
46 25 35
25 26 35
26 34 35
F36
1024
27 25 36
25 88 36
88 6 36
F37
1024
66 86 37
86 58 37
F38
1024
82 25 38
25 46 38
F39
1024
92 16 39
16 35 39
35 74 39
74 22 39
22 67 39
F40
1024
40 29 40
29 74 40
74 39 40
