F1
256
3 1 1
1 7 1
7 88 1
88 25 1
25 26 1
F2
256
30 36 2
36 20 2
20 96 2
96 13 2
F3
256
20 17 3
17 74 3
74 29 3
29 91 3
F4
256
52 9 4
9 96 4
96 13 4
13 12 4
F5
256
5 18 5
18 6 5
6 88 5
88 25 5
25 69 5
69 54 5
F6
256
30 36 6
36 20 6
20 96 6
96 13 6
F7
256
53 70 7
70 58 7
58 86 7
86 33 7
33 84 7
F8
256
41 76 8
76 16 8
16 35 8
35 74 8
74 29 8
F9
256
27 25 9
25 88 9
88 6 9
F10
256
78 71 10
71 86 10
86 43 10
43 72 10
F11
256
82 25 11
25 46 11
F12
512
92 16 12
16 35 12
35 74 12
74 22 12
22 67 12
F13
512
47 76 13
76 16 13
16 35 13
35 74 13
74 22 13
22 94 13
F14
512
51 2 14
2 7 14
7 46 14
46 25 14
25 69 14
69 54 14
F15
512
7 46 15
46 25 15
25 26 15
26 97 15
F16
512
8 96 16
96 13 16
13 12 16
12 32 16
F17
512
92 16 17
16 35 17
35 74 17
74 22 17
22 67 17
F18
512
81 70 18
70 58 18
58 86 18
86 11 18
F19
512
7 46 19
46 25 19
25 26 19
26 97 19
F20
512
30 36 20
36 20 20
20 96 20
96 13 20
F21
512
76 16 21
16 35 21
35 74 21
74 22 21
F22
1024
7 46 22
46 25 22
25 26 22
26 97 22
F23
1024
66 86 23
86 58 23
F24
1024
4 3 24
3 1 24
1 46 24
46 25 24
25 26 24
26 34 24
F25
1024
66 86 25
86 58 25
F26
1024
68 23 26
23 58 26
58 86 26
86 33 26
F27
1024
14 70 27
70 58 27
58 86 27
86 11 27
11 48 27
F28
1024
17 74 28
74 79 28
F29
1024
81 70 29
70 58 29
58 86 29
86 11 29
F30
1024
52 9 30
9 96 30
96 13 30
13 12 30
F31
1024
7 46 31
46 25 31
25 26 31
26 97 31
F32
1024
60 85 32
85 27 32
27 25 32
25 88 32
88 61 32
F33
1024
38 35 33
35 74 33
74 22 33
22 57 33
F34
1024
81 70 34
70 58 34
58 86 34
86 11 34
F35
1024
68 23 35
23 58 35
58 86 35
86 33 35
F36
1024
66 86 36
86 58 36
F37
1024
15 24 37
24 96 37
96 9 37
F38
1024
59 40 38
40 29 38
29 74 38
74 94 38
94 98 38
F39
1024
37 90 39
90 25 39
25 46 39
46 1 39
F40
1024
40 29 40
29 74 40
74 39 40
