F1
256
52 9 1
9 96 1
96 13 1
13 12 1
F2
256
41 76 2
76 16 2
16 35 2
35 74 2
74 29 2
F3
256
88 25 3
25 82 3
82 89 3
F4
256
95 70 4
70 58 4
58 86 4
86 43 4
F5
256
59 40 5
40 29 5
29 74 5
74 94 5
94 98 5
F6
256
10 42 6
42 91 6
91 29 6
29 74 6
74 39 6
39 94 6
94 83 6
F7
256
10 42 7
42 91 7
91 29 7
29 74 7
74 39 7
39 94 7
94 83 7
F8
256
15 24 8
24 96 8
96 9 8
F9
256
60 85 9
85 27 9
27 25 9
25 88 9
88 61 9
F10
256
40 29 10
29 74 10
74 39 10
F11
512
38 35 11
35 74 11
74 22 11
22 57 11
F12
512
45 39 12
39 74 12
74 35 12
35 16 12
F13
512
50 39 13
39 74 13
74 63 13
F14
512
14 70 14
70 58 14
58 86 14
86 11 14
11 48 14
F15
512
5 18 15
18 6 15
6 88 15
88 25 15
25 69 15
69 54 15
F16
512
41 76 16
76 16 16
16 35 16
35 74 16
74 29 16
F17
512
31 52 17
52 66 17
66 86 17
86 71 17
F18
512
40 29 18
29 74 18
74 39 18
F19
512
14 70 19
70 58 19
58 86 19
86 11 19
11 48 19
F20
512
17 74 20
74 79 20
F21
512
81 70 21
70 58 21
58 86 21
86 11 21
F22
512
87 61 22
61 90 22
90 25 22
25 69 22
F23
512
52 9 23
9 96 23
96 13 23
13 12 23
F24
512
17 74 24
74 79 24
F25
512
55 63 25
63 74 25
74 22 25
22 67 25
67 28 25
F26
1024
7 46 26
46 25 26
25 26 26
26 97 26
F27
1024
77 17 27
17 74 27
74 35 27
F28
1024
40 29 28
29 74 28
74 39 28
F29
1024
92 16 29
16 35 29
35 74 29
74 22 29
22 67 29
F30
1024
4 3 30
3 1 30
1 46 30
46 25 30
25 26 30
26 34 30
F31
1024
59 40 31
40 29 31
29 74 31
74 94 31
94 98 31
F32
1024
5 18 32
18 6 32
6 88 32
88 25 32
25 69 32
69 54 32
F33
1024
40 29 33
29 74 33
74 39 33
F34
1024
24 96 34
96 20 34
20 80 34
F35
1024
53 70 35
70 58 35
58 86 35
86 33 35
33 84 35
F36
1024
66 86 36
86 58 36
F37
1024
4 3 37
3 1 37
1 46 37
46 25 37
25 26 37
26 34 37
F38
1024
50 39 38
39 74 38
74 63 38
F39
1024
55 63 39
63 74 39
74 22 39
22 67 39
67 28 39
F40
1024
20 17 40
17 74 40
74 29 40
29 91 40
