F1
256
81 70 1
70 58 1
58 86 1
86 11 1
F2
256
38 35 2
35 74 2
74 22 2
22 57 2
F3
256
78 71 3
71 86 3
86 43 3
43 72 3
F4
256
27 25 4
25 88 4
88 6 4
F5
256
41 76 5
76 16 5
16 35 5
35 74 5
74 29 5
F6
256
95 70 6
70 58 6
58 86 6
86 43 6
F7
256
50 39 7
39 74 7
74 63 7
F8
256
24 96 8
96 20 8
20 80 8
F9
256
45 39 9
39 74 9
74 35 9
35 16 9
F10
256
82 25 10
25 46 10
F11
256
76 16 11
16 35 11
35 74 11
74 22 11
F12
256
78 71 12
71 86 12
86 43 12
43 72 12
F13
256
17 74 13
74 79 13
F14
256
81 70 14
70 58 14
58 86 14
86 11 14
F15
256
8 96 15
96 13 15
13 12 15
12 32 15
F16
512
47 76 16
76 16 16
16 35 16
35 74 16
74 22 16
22 94 16
F17
512
10 42 17
42 91 17
91 29 17
29 74 17
74 39 17
39 94 17
94 83 17
F18
512
15 24 18
24 96 18
96 9 18
F19
512
81 70 19
70 58 19
58 86 19
86 11 19
F20
512
78 71 20
71 86 20
86 43 20
43 72 20
F21
512
31 52 21
52 66 21
66 86 21
86 71 21
F22
512
82 25 22
25 46 22
F23
1024
81 70 23
70 58 23
58 86 23
86 11 23
F24
1024
19 82 24
82 25 24
25 88 24
88 6 24
6 2 24
F25
1024
92 16 25
16 35 25
35 74 25
74 22 25
22 67 25
F26
1024
60 85 26
85 27 26
27 25 26
25 88 26
88 61 26
F27
1024
30 36 27
36 20 27
20 96 27
96 13 27
F28
1024
95 70 28
70 58 28
58 86 28
86 43 28
F29
1024
5 18 29
18 6 29
6 88 29
88 25 29
25 69 29
69 54 29
F30
1024
81 70 30
70 58 30
58 86 30
86 11 30
F31
1024
53 70 31
70 58 31
58 86 31
86 33 31
33 84 31
F32
1024
76 16 32
16 35 32
35 74 32
74 22 32
F33
1024
88 25 33
25 82 33
82 89 33
F34
1024
37 90 34
90 25 34
25 46 34
46 1 34
F35
1024
20 17 35
17 74 35
74 29 35
29 91 35
F36
1024
8 96 36
96 13 36
13 12 36
12 32 36
F37
1024
41 76 37
76 16 37
16 35 37
35 74 37
74 29 37
F38
1024
55 63 38
63 74 38
74 22 38
22 67 38
67 28 38
F39
1024
4 3 39
3 1 39
1 46 39
46 25 39
25 26 39
26 34 39
F40
1024
82 25 40
25 46 40
