F1
256
78 71 1
71 86 1
86 43 1
43 72 1
F2
256
55 63 2
63 74 2
74 22 2
22 67 2
67 28 2
F3
256
66 86 3
86 58 3
F4
256
3 1 4
1 7 4
7 88 4
88 25 4
25 26 4
F5
256
10 42 5
42 91 5
91 29 5
29 74 5
74 39 5
39 94 5
94 83 5
F6
256
81 70 6
70 58 6
58 86 6
86 11 6
F7
256
82 25 7
25 46 7
F8
256
15 24 8
24 96 8
96 9 8
F9
256
87 61 9
61 90 9
90 25 9
25 69 9
F10
256
88 25 10
25 82 10
82 89 10
F11
512
15 24 11
24 96 11
96 9 11
F12
512
52 9 12
9 96 12
96 13 12
13 12 12
F13
512
4 3 13
3 1 13
1 46 13
46 25 13
25 26 13
26 34 13
F14
512
14 70 14
70 58 14
58 86 14
86 11 14
11 48 14
F15
512
88 25 15
25 82 15
82 89 15
F16
512
51 2 16
2 7 16
7 46 16
46 25 16
25 69 16
69 54 16
F17
512
45 39 17
39 74 17
74 35 17
35 16 17
F18
512
17 74 18
74 79 18
F19
512
40 29 19
29 74 19
74 39 19
F20
512
76 16 20
16 35 20
35 74 20
74 22 20
F21
512
8 96 21
96 13 21
13 12 21
12 32 21
F22
512
76 16 22
16 35 22
35 74 22
74 22 22
F23
512
30 36 23
36 20 23
20 96 23
96 13 23
F24
512
87 61 24
61 90 24
90 25 24
25 69 24
F25
1024
51 2 25
2 7 25
7 46 25
46 25 25
25 69 25
69 54 25
F26
1024
4 3 26
3 1 26
1 46 26
46 25 26
25 26 26
26 34 26
F27
1024
95 70 27
70 58 27
58 86 27
86 43 27
F28
1024
3 1 28
1 7 28
7 88 28
88 25 28
25 26 28
F29
1024
78 71 29
71 86 29
86 43 29
43 72 29
F30
1024
87 61 30
61 90 30
90 25 30
25 69 30
F31
1024
68 23 31
23 58 31
58 86 31
86 33 31
F32
1024
47 76 32
76 16 32
16 35 32
35 74 32
74 22 32
22 94 32
F33
1024
27 25 33
25 88 33
88 6 33
F34
1024
53 70 34
70 58 34
58 86 34
86 33 34
33 84 34
F35
1024
30 36 35
36 20 35
20 96 35
96 13 35
F36
1024
7 46 36
46 25 36
25 26 36
26 97 36
F37
1024
100 8 37
8 96 37
96 75 37
F38
1024
47 76 38
76 16 38
16 35 38
35 74 38
74 22 38
22 94 38
F39
1024
31 52 39
52 66 39
66 86 39
86 71 39
F40
1024
17 74 40
74 79 40
