F1
256
45 39 1
39 74 1
74 35 1
35 16 1
F2
256
45 39 2
39 74 2
74 35 2
35 16 2
F3
256
78 71 3
71 86 3
86 43 3
43 72 3
F4
256
59 40 4
40 29 4
29 74 4
74 94 4
94 98 4
F5
256
51 2 5
2 7 5
7 46 5
46 25 5
25 69 5
69 54 5
F6
256
55 63 6
63 74 6
74 22 6
22 67 6
67 28 6
F7
256
78 71 7
71 86 7
86 43 7
43 72 7
F8
256
45 39 8
39 74 8
74 35 8
35 16 8
F9
256
40 29 9
29 74 9
74 39 9
F10
256
52 9 10
9 96 10
96 13 10
13 12 10
F11
256
14 70 11
70 58 11
58 86 11
86 11 11
11 48 11
F12
256
45 39 12
39 74 12
74 35 12
35 16 12
F13
256
81 70 13
70 58 13
58 86 13
86 11 13
F14
512
77 17 14
17 74 14
74 35 14
F15
512
3 1 15
1 7 15
7 88 15
88 25 15
25 26 15
F16
512
81 70 16
70 58 16
58 86 16
86 11 16
F17
512
68 23 17
23 58 17
58 86 17
86 33 17
F18
512
87 61 18
61 90 18
90 25 18
25 69 18
F19
512
20 17 19
17 74 19
74 29 19
29 91 19
F20
512
30 36 20
36 20 20
20 96 20
96 13 20
F21
512
14 70 21
70 58 21
58 86 21
86 11 21
11 48 21
F22
512
47 76 22
76 16 22
16 35 22
35 74 22
74 22 22
22 94 22
F23
512
53 70 23
70 58 23
58 86 23
86 33 23
33 84 23
F24
512
20 17 24
17 74 24
74 29 24
29 91 24
F25
512
5 18 25
18 6 25
6 88 25
88 25 25
25 69 25
69 54 25
F26
1024
51 2 26
2 7 26
7 46 26
46 25 26
25 69 26
69 54 26
F27
1024
82 25 27
25 46 27
F28
1024
81 70 28
70 58 28
58 86 28
86 11 28
F29
1024
7 46 29
46 25 29
25 26 29
26 97 29
F30
1024
17 74 30
74 79 30
F31
1024
19 82 31
82 25 31
25 88 31
88 6 31
6 2 31
F32
1024
14 70 32
70 58 32
58 86 32
86 11 32
11 48 32
F33
1024
53 70 33
70 58 33
58 86 33
86 33 33
33 84 33
F34
1024
24 96 34
96 20 34
20 80 34
F35
1024
81 70 35
70 58 35
58 86 35
86 11 35
F36
1024
55 63 36
63 74 36
74 22 36
22 67 36
67 28 36
F37
1024
14 70 37
70 58 37
58 86 37
86 11 37
11 48 37
F38
1024
38 35 38
35 74 38
74 22 38
22 57 38
F39
1024
14 70 39
70 58 39
58 86 39
86 11 39
11 48 39
F40
1024
40 29 40
29 74 40
74 39 40
