F1
256
24 96 1
96 20 1
20 80 1
F2
256
20 17 2
17 74 2
74 29 2
29 91 2
F3
256
7 46 3
46 25 3
25 26 3
26 97 3
F4
256
95 70 4
70 58 4
58 86 4
86 43 4
F5
256
14 70 5
70 58 5
58 86 5
86 11 5
11 48 5
F6
256
88 25 6
25 82 6
82 89 6
F7
256
78 71 7
71 86 7
86 43 7
43 72 7
F8
256
38 35 8
35 74 8
74 22 8
22 57 8
F9
256
31 52 9
52 66 9
66 86 9
86 71 9
F10
256
51 2 10
2 7 10
7 46 10
46 25 10
25 69 10
69 54 10
F11
256
78 71 11
71 86 11
86 43 11
43 72 11
F12
256
5 18 12
18 6 12
6 88 12
88 25 12
25 69 12
69 54 12
F13
256
19 82 13
82 25 13
25 88 13
88 6 13
6 2 13
F14
256
5 18 14
18 6 14
6 88 14
88 25 14
25 69 14
69 54 14
F15
512
24 96 15
96 20 15
20 80 15
F16
512
24 96 16
96 20 16
20 80 16
F17
512
68 23 17
23 58 17
58 86 17
86 33 17
F18
512
53 70 18
70 58 18
58 86 18
86 33 18
33 84 18
F19
512
81 70 19
70 58 19
58 86 19
86 11 19
F20
512
68 23 20
23 58 20
58 86 20
86 33 20
F21
512
76 16 21
16 35 21
35 74 21
74 22 21
F22
512
41 76 22
76 16 22
16 35 22
35 74 22
74 29 22
F23
512
30 36 23
36 20 23
20 96 23
96 13 23
F24
512
45 39 24
39 74 24
74 35 24
35 16 24
F25
512
52 9 25
9 96 25
96 13 25
13 12 25
F26
512
5 18 26
18 6 26
6 88 26
88 25 26
25 69 26
69 54 26
F27
1024
53 70 27
70 58 27
58 86 27
86 33 27
33 84 27
F28
1024
60 85 28
85 27 28
27 25 28
25 88 28
88 61 28
F29
1024
50 39 29
39 74 29
74 63 29
F30
1024
3 1 30
1 7 30
7 88 30
88 25 30
25 26 30
F31
1024
66 86 31
86 58 31
F32
1024
38 35 32
35 74 32
74 22 32
22 57 32
F33
1024
4 3 33
3 1 33
1 46 33
46 25 33
25 26 33
26 34 33
F34
1024
76 16 34
16 35 34
35 74 34
74 22 34
F35
1024
20 17 35
17 74 35
74 29 35
29 91 35
F36
1024
41 76 36
76 16 36
16 35 36
35 74 36
74 29 36
F37
1024
30 36 37
36 20 37
20 96 37
96 13 37
F38
1024
3 1 38
1 7 38
7 88 38
88 25 38
25 26 38
F39
1024
17 74 39
74 79 39
F40
1024
100 8 40
8 96 40
96 75 40
