F1
256
66 86 1
86 58 1
F2
256
50 39 2
39 74 2
74 63 2
F3
256
82 25 3
25 46 3
F4
256
5 18 4
18 6 4
6 88 4
88 25 4
25 69 4
69 54 4
F5
256
88 25 5
25 82 5
82 89 5
F6
256
40 29 6
29 74 6
74 39 6
F7
256
41 76 7
76 16 7
16 35 7
35 74 7
74 29 7
F8
256
95 70 8
70 58 8
58 86 8
86 43 8
F9
256
55 63 9
63 74 9
74 22 9
22 67 9
67 28 9
F10
256
5 18 10
18 6 10
6 88 10
88 25 10
25 69 10
69 54 10
F11
256
59 40 11
40 29 11
29 74 11
74 94 11
94 98 11
F12
256
76 16 12
16 35 12
35 74 12
74 22 12
F13
256
24 96 13
96 20 13
20 80 13
F14
256
45 39 14
39 74 14
74 35 14
35 16 14
F15
512
88 25 15
25 82 15
82 89 15
F16
512
77 17 16
17 74 16
74 35 16
F17
512
45 39 17
39 74 17
74 35 17
35 16 17
F18
512
92 16 18
16 35 18
35 74 18
74 22 18
22 67 18
F19
512
78 71 19
71 86 19
86 43 19
43 72 19
F20
512
5 18 20
18 6 20
6 88 20
88 25 20
25 69 20
69 54 20
F21
512
31 52 21
52 66 21
66 86 21
86 71 21
F22
512
37 90 22
90 25 22
25 46 22
46 1 22
F23
512
7 46 23
46 25 23
25 26 23
26 97 23
F24
512
78 71 24
71 86 24
86 43 24
43 72 24
F25
512
77 17 25
17 74 25
74 35 25
F26
512
92 16 26
16 35 26
35 74 26
74 22 26
22 67 26
F27
512
92 16 27
16 35 27
35 74 27
74 22 27
22 67 27
F28
512
77 17 28
17 74 28
74 35 28
F29
512
51 2 29
2 7 29
7 46 29
46 25 29
25 69 29
69 54 29
F30
512
92 16 30
16 35 30
35 74 30
74 22 30
22 67 30
F31
1024
68 23 31
23 58 31
58 86 31
86 33 31
F32
1024
82 25 32
25 46 32
F33
1024
45 39 33
39 74 33
74 35 33
35 16 33
F34
1024
37 90 34
90 25 34
25 46 34
46 1 34
F35
1024
87 61 35
61 90 35
90 25 35
25 69 35
F36
1024
68 23 36
23 58 36
58 86 36
86 33 36
F37
1024
100 8 37
8 96 37
96 75 37
F38
1024
100 8 38
8 96 38
96 75 38
F39
1024
17 74 39
74 79 39
F40
1024
10 42 40
42 91 40
91 29 40
29 74 40
74 39 40
39 94 40
94 83 40
