F1
256
77 17 1
17 74 1
74 35 1
F2
256
24 96 2
96 20 2
20 80 2
F3
256
41 76 3
76 16 3
16 35 3
35 74 3
74 29 3
F4
256
82 25 4
25 46 4
F5
256
59 40 5
40 29 5
29 74 5
74 94 5
94 98 5
F6
256
68 23 6
23 58 6
58 86 6
86 33 6
F7
256
3 1 7
1 7 7
7 88 7
88 25 7
25 26 7
F8
256
37 90 8
90 25 8
25 46 8
46 1 8
F9
256
40 29 9
29 74 9
74 39 9
F10
256
37 90 10
90 25 10
25 46 10
46 1 10
F11
256
15 24 11
24 96 11
96 9 11
F12
256
47 76 12
76 16 12
16 35 12
35 74 12
74 22 12
22 94 12
F13
256
55 63 13
63 74 13
74 22 13
22 67 13
67 28 13
F14
256
19 82 14
82 25 14
25 88 14
88 6 14
6 2 14
F15
256
10 42 15
42 91 15
91 29 15
29 74 15
74 39 15
39 94 15
94 83 15
F16
512
31 52 16
52 66 16
66 86 16
86 71 16
F17
512
40 29 17
29 74 17
74 39 17
F18
512
81 70 18
70 58 18
58 86 18
86 11 18
F19
512
24 96 19
96 20 19
20 80 19
F20
512
100 8 20
8 96 20
96 75 20
F21
512
77 17 21
17 74 21
74 35 21
F22
512
5 18 22
18 6 22
6 88 22
88 25 22
25 69 22
69 54 22
F23
512
55 63 23
63 74 23
74 22 23
22 67 23
67 28 23
F24
512
76 16 24
16 35 24
35 74 24
74 22 24
F25
512
88 25 25
25 82 25
82 89 25
F26
1024
30 36 26
36 20 26
20 96 26
96 13 26
F27
1024
37 90 27
90 25 27
25 46 27
46 1 27
F28
1024
66 86 28
86 58 28
F29
1024
81 70 29
70 58 29
58 86 29
86 11 29
F30
1024
17 74 30
74 79 30
F31
1024
45 39 31
39 74 31
74 35 31
35 16 31
F32
1024
50 39 32
39 74 32
74 63 32
F33
1024
95 70 33
70 58 33
58 86 33
86 43 33
F34
1024
87 61 34
61 90 34
90 25 34
25 69 34
F35
1024
100 8 35
8 96 35
96 75 35
F36
1024
19 82 36
82 25 36
25 88 36
88 6 36
6 2 36
F37
1024
76 16 37
16 35 37
35 74 37
74 22 37
F38
1024
27 25 38
25 88 38
88 6 38
F39
1024
76 16 39
16 35 39
35 74 39
74 22 39
F40
1024
59 40 40
40 29 40
29 74 40
74 94 40
94 98 40
