F1
256
10 42 1
42 91 1
91 29 1
29 74 1
74 39 1
39 94 1
94 83 1
F2
256
77 17 2
17 74 2
74 35 2
F3
256
92 16 3
16 35 3
35 74 3
74 22 3
22 67 3
F4
256
45 39 4
39 74 4
74 35 4
35 16 4
F5
256
59 40 5
40 29 5
29 74 5
74 94 5
94 98 5
F6
256
60 85 6
85 27 6
27 25 6
25 88 6
88 61 6
F7
256
52 9 7
9 96 7
96 13 7
13 12 7
F8
256
8 96 8
96 13 8
13 12 8
12 32 8
F9
256
47 76 9
76 16 9
16 35 9
35 74 9
74 22 9
22 94 9
F10
256
41 76 10
76 16 10
16 35 10
35 74 10
74 29 10
F11
256
31 52 11
52 66 11
66 86 11
86 71 11
F12
256
31 52 12
52 66 12
66 86 12
86 71 12
F13
256
7 46 13
46 25 13
25 26 13
26 97 13
F14
512
37 90 14
90 25 14
25 46 14
46 1 14
F15
512
10 42 15
42 91 15
91 29 15
29 74 15
74 39 15
39 94 15
94 83 15
F16
512
17 74 16
74 79 16
F17
512
81 70 17
70 58 17
58 86 17
86 11 17
F18
512
3 1 18
1 7 18
7 88 18
88 25 18
25 26 18
F19
512
52 9 19
9 96 19
96 13 19
13 12 19
F20
512
77 17 20
17 74 20
74 35 20
F21
512
38 35 21
35 74 21
74 22 21
22 57 21
F22
512
17 74 22
74 79 22
F23
512
40 29 23
29 74 23
74 39 23
F24
512
87 61 24
61 90 24
90 25 24
25 69 24
F25
512
51 2 25
2 7 25
7 46 25
46 25 25
25 69 25
69 54 25
F26
512
30 36 26
36 20 26
20 96 26
96 13 26
F27
512
30 36 27
36 20 27
20 96 27
96 13 27
F28
512
15 24 28
24 96 28
96 9 28
F29
512
88 25 29
25 82 29
82 89 29
F30
1024
51 2 30
2 7 30
7 46 30
46 25 30
25 69 30
69 54 30
F31
1024
37 90 31
90 25 31
25 46 31
46 1 31
F32
1024
52 9 32
9 96 32
96 13 32
13 12 32
F33
1024
7 46 33
46 25 33
25 26 33
26 97 33
F34
1024
27 25 34
25 88 34
88 6 34
F35
1024
37 90 35
90 25 35
25 46 35
46 1 35
F36
1024
7 46 36
46 25 36
25 26 36
26 97 36
F37
1024
78 71 37
71 86 37
86 43 37
43 72 37
F38
1024
20 17 38
17 74 38
74 29 38
29 91 38
F39
1024
37 90 39
90 25 39
25 46 39
46 1 39
F40
1024
40 29 40
29 74 40
74 39 40
