F1
256
7 46 1
46 25 1
25 26 1
26 97 1
F2
256
59 40 2
40 29 2
29 74 2
74 94 2
94 98 2
F3
256
45 39 3
39 74 3
74 35 3
35 16 3
F4
256
50 39 4
39 74 4
74 63 4
F5
256
31 52 5
52 66 5
66 86 5
86 71 5
F6
256
17 74 6
74 79 6
F7
256
81 70 7
70 58 7
58 86 7
86 11 7
F8
256
14 70 8
70 58 8
58 86 8
86 11 8
11 48 8
F9
256
27 25 9
25 88 9
88 6 9
F10
256
68 23 10
23 58 10
58 86 10
86 33 10
F11
512
5 18 11
18 6 11
6 88 11
88 25 11
25 69 11
69 54 11
F12
512
87 61 12
61 90 12
90 25 12
25 69 12
F13
512
24 96 13
96 20 13
20 80 13
F14
512
95 70 14
70 58 14
58 86 14
86 43 14
F15
512
60 85 15
85 27 15
27 25 15
25 88 15
88 61 15
F16
512
19 82 16
82 25 16
25 88 16
88 6 16
6 2 16
F17
512
20 17 17
17 74 17
74 29 17
29 91 17
F18
512
87 61 18
61 90 18
90 25 18
25 69 18
F19
512
50 39 19
39 74 19
74 63 19
F20
512
76 16 20
16 35 20
35 74 20
74 22 20
F21
512
4 3 21
3 1 21
1 46 21
46 25 21
25 26 21
26 34 21
F22
512
66 86 22
86 58 22
F23
512
78 71 23
71 86 23
86 43 23
43 72 23
F24
512
19 82 24
82 25 24
25 88 24
88 6 24
6 2 24
F25
512
14 70 25
70 58 25
58 86 25
86 11 25
11 48 25
F26
1024
87 61 26
61 90 26
90 25 26
25 69 26
F27
1024
81 70 27
70 58 27
58 86 27
86 11 27
F28
1024
3 1 28
1 7 28
7 88 28
88 25 28
25 26 28
F29
1024
3 1 29
1 7 29
7 88 29
88 25 29
25 26 29
F30
1024
52 9 30
9 96 30
96 13 30
13 12 30
F31
1024
27 25 31
25 88 31
88 6 31
F32
1024
19 82 32
82 25 32
25 88 32
88 6 32
6 2 32
F33
1024
3 1 33
1 7 33
7 88 33
88 25 33
25 26 33
F34
1024
82 25 34
25 46 34
F35
1024
50 39 35
39 74 35
74 63 35
F36
1024
55 63 36
63 74 36
74 22 36
22 67 36
67 28 36
F37
1024
3 1 37
1 7 37
7 88 37
88 25 37
25 26 37
F38
1024
50 39 38
39 74 38
74 63 38
F39
1024
4 3 39
3 1 39
1 46 39
46 25 39
25 26 39
26 34 39
F40
1024
3 1 40
1 7 40
7 88 40
88 25 40
25 26 40
