F1
256
8 96 1
96 13 1
13 12 1
12 32 1
F2
256
82 25 2
25 46 2
F3
256
37 90 3
90 25 3
25 46 3
46 1 3
F4
256
60 85 4
85 27 4
27 25 4
25 88 4
88 61 4
F5
256
40 29 5
29 74 5
74 39 5
F6
256
27 25 6
25 88 6
88 6 6
F7
256
55 63 7
63 74 7
74 22 7
22 67 7
67 28 7
F8
256
66 86 8
86 58 8
F9
256
47 76 9
76 16 9
16 35 9
35 74 9
74 22 9
22 94 9
F10
256
55 63 10
63 74 10
74 22 10
22 67 10
67 28 10
F11
256
81 70 11
70 58 11
58 86 11
86 11 11
F12
256
60 85 12
85 27 12
27 25 12
25 88 12
88 61 12
F13
256
19 82 13
82 25 13
25 88 13
88 6 13
6 2 13
F14
256
55 63 14
63 74 14
74 22 14
22 67 14
67 28 14
F15
256
15 24 15
24 96 15
96 9 15
F16
512
40 29 16
29 74 16
74 39 16
F17
512
50 39 17
39 74 17
74 63 17
F18
512
45 39 18
39 74 18
74 35 18
35 16 18
F19
512
5 18 19
18 6 19
6 88 19
88 25 19
25 69 19
69 54 19
F20
512
19 82 20
82 25 20
25 88 20
88 6 20
6 2 20
F21
512
55 63 21
63 74 21
74 22 21
22 67 21
67 28 21
F22
512
30 36 22
36 20 22
20 96 22
96 13 22
F23
512
38 35 23
35 74 23
74 22 23
22 57 23
F24
512
24 96 24
96 20 24
20 80 24
F25
512
59 40 25
40 29 25
29 74 25
74 94 25
94 98 25
F26
512
8 96 26
96 13 26
13 12 26
12 32 26
F27
512
17 74 27
74 79 27
F28
1024
95 70 28
70 58 28
58 86 28
86 43 28
F29
1024
14 70 29
70 58 29
58 86 29
86 11 29
11 48 29
F30
1024
8 96 30
96 13 30
13 12 30
12 32 30
F31
1024
76 16 31
16 35 31
35 74 31
74 22 31
F32
1024
53 70 32
70 58 32
58 86 32
86 33 32
33 84 32
F33
1024
45 39 33
39 74 33
74 35 33
35 16 33
F34
1024
20 17 34
17 74 34
74 29 34
29 91 34
F35
1024
30 36 35
36 20 35
20 96 35
96 13 35
F36
1024
68 23 36
23 58 36
58 86 36
86 33 36
F37
1024
78 71 37
71 86 37
86 43 37
43 72 37
F38
1024
55 63 38
63 74 38
74 22 38
22 67 38
67 28 38
F39
1024
15 24 39
24 96 39
96 9 39
F40
1024
17 74 40
74 79 40
