F1
256
47 76 1
76 16 1
16 35 1
35 74 1
74 22 1
22 94 1
F2
256
53 70 2
70 58 2
58 86 2
86 33 2
33 84 2
F3
256
47 76 3
76 16 3
16 35 3
35 74 3
74 22 3
22 94 3
F4
256
81 70 4
70 58 4
58 86 4
86 11 4
F5
256
88 25 5
25 82 5
82 89 5
F6
256
19 82 6
82 25 6
25 88 6
88 6 6
6 2 6
F7
256
4 3 7
3 1 7
1 46 7
46 25 7
25 26 7
26 34 7
F8
256
100 8 8
8 96 8
96 75 8
F9
256
37 90 9
90 25 9
25 46 9
46 1 9
F10
256
77 17 10
17 74 10
74 35 10
F11
256
7 46 11
46 25 11
25 26 11
26 97 11
F12
256
51 2 12
2 7 12
7 46 12
46 25 12
25 69 12
69 54 12
F13
256
37 90 13
90 25 13
25 46 13
46 1 13
F14
256
88 25 14
25 82 14
82 89 14
F15
256
15 24 15
24 96 15
96 9 15
F16
512
31 52 16
52 66 16
66 86 16
86 71 16
F17
512
77 17 17
17 74 17
74 35 17
F18
512
87 61 18
61 90 18
90 25 18
25 69 18
F19
512
100 8 19
8 96 19
96 75 19
F20
512
40 29 20
29 74 20
74 39 20
F21
512
17 74 21
74 79 21
F22
512
88 25 22
25 82 22
82 89 22
F23
512
87 61 23
61 90 23
90 25 23
25 69 23
F24
512
27 25 24
25 88 24
88 6 24
F25
512
27 25 25
25 88 25
88 6 25
F26
512
3 1 26
1 7 26
7 88 26
88 25 26
25 26 26
F27
512
30 36 27
36 20 27
20 96 27
96 13 27
F28
1024
30 36 28
36 20 28
20 96 28
96 13 28
F29
1024
82 25 29
25 46 29
F30
1024
50 39 30
39 74 30
74 63 30
F31
1024
92 16 31
16 35 31
35 74 31
74 22 31
22 67 31
F32
1024
10 42 32
42 91 32
91 29 32
29 74 32
74 39 32
39 94 32
94 83 32
F33
1024
50 39 33
39 74 33
74 63 33
F34
1024
31 52 34
52 66 34
66 86 34
86 71 34
F35
1024
15 24 35
24 96 35
96 9 35
F36
1024
4 3 36
3 1 36
1 46 36
46 25 36
25 26 36
26 34 36
F37
1024
24 96 37
96 20 37
20 80 37
F38
1024
87 61 38
61 90 38
90 25 38
25 69 38
F39
1024
8 96 39
96 13 39
13 12 39
12 32 39
F40
1024
87 61 40
61 90 40
90 25 40
25 69 40
