F1
256
66 86 1
86 58 1
F2
256
78 71 2
71 86 2
86 43 2
43 72 2
F3
256
37 90 3
90 25 3
25 46 3
46 1 3
F4
256
95 70 4
70 58 4
58 86 4
86 43 4
F5
256
47 76 5
76 16 5
16 35 5
35 74 5
74 22 5
22 94 5
F6
256
20 17 6
17 74 6
74 29 6
29 91 6
F7
256
66 86 7
86 58 7
F8
256
14 70 8
70 58 8
58 86 8
86 11 8
11 48 8
F9
256
14 70 9
70 58 9
58 86 9
86 11 9
11 48 9
F10
256
53 70 10
70 58 10
58 86 10
86 33 10
33 84 10
F11
256
53 70 11
70 58 11
58 86 11
86 33 11
33 84 11
F12
256
30 36 12
36 20 12
20 96 12
96 13 12
F13
256
95 70 13
70 58 13
58 86 13
86 43 13
F14
256
24 96 14
96 20 14
20 80 14
F15
256
68 23 15
23 58 15
58 86 15
86 33 15
F16
256
92 16 16
16 35 16
35 74 16
74 22 16
22 67 16
F17
256
55 63 17
63 74 17
74 22 17
22 67 17
67 28 17
F18
256
5 18 18
18 6 18
6 88 18
88 25 18
25 69 18
69 54 18
F19
512
95 70 19
70 58 19
58 86 19
86 43 19
F20
512
76 16 20
16 35 20
35 74 20
74 22 20
F21
512
30 36 21
36 20 21
20 96 21
96 13 21
F22
512
82 25 22
25 46 22
F23
512
60 85 23
85 27 23
27 25 23
25 88 23
88 61 23
F24
512
31 52 24
52 66 24
66 86 24
86 71 24
F25
512
19 82 25
82 25 25
25 88 25
88 6 25
6 2 25
F26
512
88 25 26
25 82 26
82 89 26
F27
512
59 40 27
40 29 27
29 74 27
74 94 27
94 98 27
F28
512
52 9 28
9 96 28
96 13 28
13 12 28
F29
512
7 46 29
46 25 29
25 26 29
26 97 29
F30
1024
78 71 30
71 86 30
86 43 30
43 72 30
F31
1024
51 2 31
2 7 31
7 46 31
46 25 31
25 69 31
69 54 31
F32
1024
53 70 32
70 58 32
58 86 32
86 33 32
33 84 32
F33
1024
3 1 33
1 7 33
7 88 33
88 25 33
25 26 33
F34
1024
59 40 34
40 29 34
29 74 34
74 94 34
94 98 34
F35
1024
59 40 35
40 29 35
29 74 35
74 94 35
94 98 35
F36
1024
55 63 36
63 74 36
74 22 36
22 67 36
67 28 36
F37
1024
82 25 37
25 46 37
F38
1024
100 8 38
8 96 38
96 75 38
F39
1024
8 96 39
96 13 39
13 12 39
12 32 39
F40
1024
51 2 40
2 7 40
7 46 40
46 25 40
25 69 40
69 54 40
