F1
256
92 16 1
16 35 1
35 74 1
74 22 1
22 67 1
F2
256
59 40 2
40 29 2
29 74 2
74 94 2
94 98 2
F3
256
95 70 3
70 58 3
58 86 3
86 43 3
F4
256
100 8 4
8 96 4
96 75 4
F5
256
60 85 5
85 27 5
27 25 5
25 88 5
88 61 5
F6
256
24 96 6
96 20 6
20 80 6
F7
256
17 74 7
74 79 7
F8
256
19 82 8
82 25 8
25 88 8
88 6 8
6 2 8
F9
256
100 8 9
8 96 9
96 75 9
F10
256
55 63 10
63 74 10
74 22 10
22 67 10
67 28 10
F11
256
60 85 11
85 27 11
27 25 11
25 88 11
88 61 11
F12
256
81 70 12
70 58 12
58 86 12
86 11 12
F13
256
38 35 13
35 74 13
74 22 13
22 57 13
F14
512
78 71 14
71 86 14
86 43 14
43 72 14
F15
512
45 39 15
39 74 15
74 35 15
35 16 15
F16
512
51 2 16
2 7 16
7 46 16
46 25 16
25 69 16
69 54 16
F17
512
55 63 17
63 74 17
74 22 17
22 67 17
67 28 17
F18
512
14 70 18
70 58 18
58 86 18
86 11 18
11 48 18
F19
512
14 70 19
70 58 19
58 86 19
86 11 19
11 48 19
F20
512
95 70 20
70 58 20
58 86 20
86 43 20
F21
512
20 17 21
17 74 21
74 29 21
29 91 21
F22
512
15 24 22
24 96 22
96 9 22
F23
512
14 70 23
70 58 23
58 86 23
86 11 23
11 48 23
F24
512
95 70 24
70 58 24
58 86 24
86 43 24
F25
512
38 35 25
35 74 25
74 22 25
22 57 25
F26
512
41 76 26
76 16 26
16 35 26
35 74 26
74 29 26
F27
1024
47 76 27
76 16 27
16 35 27
35 74 27
74 22 27
22 94 27
F28
1024
87 61 28
61 90 28
90 25 28
25 69 28
F29
1024
19 82 29
82 25 29
25 88 29
88 6 29
6 2 29
F30
1024
88 25 30
25 82 30
82 89 30
F31
1024
8 96 31
96 13 31
13 12 31
12 32 31
F32
1024
92 16 32
16 35 32
35 74 32
74 22 32
22 67 32
F33
1024
87 61 33
61 90 33
90 25 33
25 69 33
F34
1024
66 86 34
86 58 34
F35
1024
66 86 35
86 58 35
F36
1024
88 25 36
25 82 36
82 89 36
F37
1024
88 25 37
25 82 37
82 89 37
F38
1024
68 23 38
23 58 38
58 86 38
86 33 38
F39
1024
40 29 39
29 74 39
74 39 39
F40
1024
87 61 40
61 90 40
90 25 40
25 69 40
