F1
256
17 74 1
74 79 1
F2
256
24 96 2
96 20 2
20 80 2
F3
256
24 96 3
96 20 3
20 80 3
F4
256
66 86 4
86 58 4
F5
256
20 17 5
17 74 5
74 29 5
29 91 5
F6
256
19 82 6
82 25 6
25 88 6
88 6 6
6 2 6
F7
256
27 25 7
25 88 7
88 6 7
F8
256
20 17 8
17 74 8
74 29 8
29 91 8
F9
512
3 1 9
1 7 9
7 88 9
88 25 9
25 26 9
F10
512
47 76 10
76 16 10
16 35 10
35 74 10
74 22 10
22 94 10
F11
512
40 29 11
29 74 11
74 39 11
F12
512
47 76 12
76 16 12
16 35 12
35 74 12
74 22 12
22 94 12
F13
512
4 3 13
3 1 13
1 46 13
46 25 13
25 26 13
26 34 13
F14
512
38 35 14
35 74 14
74 22 14
22 57 14
F15
512
40 29 15
29 74 15
74 39 15
F16
512
3 1 16
1 7 16
7 88 16
88 25 16
25 26 16
F17
512
76 16 17
16 35 17
35 74 17
74 22 17
F18
512
24 96 18
96 20 18
20 80 18
F19
512
52 9 19
9 96 19
96 13 19
13 12 19
F20
512
7 46 20
46 25 20
25 26 20
26 97 20
F21
512
3 1 21
1 7 21
7 88 21
88 25 21
25 26 21
F22
512
40 29 22
29 74 22
74 39 22
F23
512
30 36 23
36 20 23
20 96 23
96 13 23
F24
1024
38 35 24
35 74 24
74 22 24
22 57 24
F25
1024
50 39 25
39 74 25
74 63 25
F26
1024
55 63 26
63 74 26
74 22 26
22 67 26
67 28 26
F27
1024
17 74 27
74 79 27
F28
1024
82 25 28
25 46 28
F29
1024
5 18 29
18 6 29
6 88 29
88 25 29
25 69 29
69 54 29
F30
1024
41 76 30
76 16 30
16 35 30
35 74 30
74 29 30
F31
1024
82 25 31
25 46 31
F32
1024
10 42 32
42 91 32
91 29 32
29 74 32
74 39 32
39 94 32
94 83 32
F33
1024
81 70 33
70 58 33
58 86 33
86 11 33
F34
1024
76 16 34
16 35 34
35 74 34
74 22 34
F35
1024
5 18 35
18 6 35
6 88 35
88 25 35
25 69 35
69 54 35
F36
1024
30 36 36
36 20 36
20 96 36
96 13 36
F37
1024
30 36 37
36 20 37
20 96 37
96 13 37
F38
1024
87 61 38
61 90 38
90 25 38
25 69 38
F39
1024
50 39 39
39 74 39
74 63 39
F40
1024
60 85 40
85 27 40
27 25 40
25 88 40
88 61 40
