F1
256
27 25 1
25 88 1
88 6 1
F2
256
15 24 2
24 96 2
96 9 2
F3
256
20 17 3
17 74 3
74 29 3
29 91 3
F4
256
15 24 4
24 96 4
96 9 4
F5
256
27 25 5
25 88 5
88 6 5
F6
256
20 17 6
17 74 6
74 29 6
29 91 6
F7
256
60 85 7
85 27 7
27 25 7
25 88 7
88 61 7
F8
256
68 23 8
23 58 8
58 86 8
86 33 8
F9
256
51 2 9
2 7 9
7 46 9
46 25 9
25 69 9
69 54 9
F10
256
45 39 10
39 74 10
74 35 10
35 16 10
F11
256
37 90 11
90 25 11
25 46 11
46 1 11
F12
256
59 40 12
40 29 12
29 74 12
74 94 12
94 98 12
F13
512
50 39 13
39 74 13
74 63 13
F14
512
37 90 14
90 25 14
25 46 14
46 1 14
F15
512
52 9 15
9 96 15
96 13 15
13 12 15
F16
512
77 17 16
17 74 16
74 35 16
F17
512
14 70 17
70 58 17
58 86 17
86 11 17
11 48 17
F18
512
45 39 18
39 74 18
74 35 18
35 16 18
F19
512
14 70 19
70 58 19
58 86 19
86 11 19
11 48 19
F20
512
82 25 20
25 46 20
F21
512
87 61 21
61 90 21
90 25 21
25 69 21
F22
512
59 40 22
40 29 22
29 74 22
74 94 22
94 98 22
F23
512
82 25 23
25 46 23
F24
512
14 70 24
70 58 24
58 86 24
86 11 24
11 48 24
F25
512
31 52 25
52 66 25
66 86 25
86 71 25
F26
1024
3 1 26
1 7 26
7 88 26
88 25 26
25 26 26
F27
1024
19 82 27
82 25 27
25 88 27
88 6 27
6 2 27
F28
1024
45 39 28
39 74 28
74 35 28
35 16 28
F29
1024
5 18 29
18 6 29
6 88 29
88 25 29
25 69 29
69 54 29
F30
1024
27 25 30
25 88 30
88 6 30
F31
1024
24 96 31
96 20 31
20 80 31
F32
1024
19 82 32
82 25 32
25 88 32
88 6 32
6 2 32
F33
1024
87 61 33
61 90 33
90 25 33
25 69 33
F34
1024
59 40 34
40 29 34
29 74 34
74 94 34
94 98 34
F35
1024
4 3 35
3 1 35
1 46 35
46 25 35
25 26 35
26 34 35
F36
1024
100 8 36
8 96 36
96 75 36
F37
1024
81 70 37
70 58 37
58 86 37
86 11 37
F38
1024
5 18 38
18 6 38
6 88 38
88 25 38
25 69 38
69 54 38
F39
1024
95 70 39
70 58 39
58 86 39
86 43 39
F40
1024
45 39 40
39 74 40
74 35 40
35 16 40
