F1
256
19 82 1
82 25 1
25 88 1
88 6 1
6 2 1
F2
256
76 16 2
16 35 2
35 74 2
74 22 2
F3
256
10 42 3
42 91 3
91 29 3
29 74 3
74 39 3
39 94 3
94 83 3
F4
256
100 8 4
8 96 4
96 75 4
F5
256
51 2 5
2 7 5
7 46 5
46 25 5
25 69 5
69 54 5
F6
256
15 24 6
24 96 6
96 9 6
F7
256
76 16 7
16 35 7
35 74 7
74 22 7
F8
256
20 17 8
17 74 8
74 29 8
29 91 8
F9
256
27 25 9
25 88 9
88 6 9
F10
512
30 36 10
36 20 10
20 96 10
96 13 10
F11
512
92 16 11
16 35 11
35 74 11
74 22 11
22 67 11
F12
512
87 61 12
61 90 12
90 25 12
25 69 12
F13
512
17 74 13
74 79 13
F14
512
92 16 14
16 35 14
35 74 14
74 22 14
22 67 14
F15
512
14 70 15
70 58 15
58 86 15
86 11 15
11 48 15
F16
512
15 24 16
24 96 16
96 9 16
F17
512
41 76 17
76 16 17
16 35 17
35 74 17
74 29 17
F18
512
88 25 18
25 82 18
82 89 18
F19
512
52 9 19
9 96 19
96 13 19
13 12 19
F20
512
92 16 20
16 35 20
35 74 20
74 22 20
22 67 20
F21
512
19 82 21
82 25 21
25 88 21
88 6 21
6 2 21
F22
1024
51 2 22
2 7 22
7 46 22
46 25 22
25 69 22
69 54 22
F23
1024
87 61 23
61 90 23
90 25 23
25 69 23
F24
1024
55 63 24
63 74 24
74 22 24
22 67 24
67 28 24
F25
1024
20 17 25
17 74 25
74 29 25
29 91 25
F26
1024
38 35 26
35 74 26
74 22 26
22 57 26
F27
1024
68 23 27
23 58 27
58 86 27
86 33 27
F28
1024
17 74 28
74 79 28
F29
1024
47 76 29
76 16 29
16 35 29
35 74 29
74 22 29
22 94 29
F30
1024
66 86 30
86 58 30
F31
1024
78 71 31
71 86 31
86 43 31
43 72 31
F32
1024
68 23 32
23 58 32
58 86 32
86 33 32
F33
1024
60 85 33
85 27 33
27 25 33
25 88 33
88 61 33
F34
1024
66 86 34
86 58 34
F35
1024
5 18 35
18 6 35
6 88 35
88 25 35
25 69 35
69 54 35
F36
1024
52 9 36
9 96 36
96 13 36
13 12 36
F37
1024
55 63 37
63 74 37
74 22 37
22 67 37
67 28 37
F38
1024
20 17 38
17 74 38
74 29 38
29 91 38
F39
1024
38 35 39
35 74 39
74 22 39
22 57 39
F40
1024
66 86 40
86 58 40
