F1
256
100 8 1
8 96 1
96 75 1
F2
256
92 16 2
16 35 2
35 74 2
74 22 2
22 67 2
F3
256
50 39 3
39 74 3
74 63 3
F4
256
45 39 4
39 74 4
74 35 4
35 16 4
F5
256
82 25 5
25 46 5
F6
256
19 82 6
82 25 6
25 88 6
88 6 6
6 2 6
F7
256
19 82 7
82 25 7
25 88 7
88 6 7
6 2 7
F8
256
40 29 8
29 74 8
74 39 8
F9
256
95 70 9
70 58 9
58 86 9
86 43 9
F10
256
66 86 10
86 58 10
F11
256
38 35 11
35 74 11
74 22 11
22 57 11
F12
512
66 86 12
86 58 12
F13
512
10 42 13
42 91 13
91 29 13
29 74 13
74 39 13
39 94 13
94 83 13
F14
512
41 76 14
76 16 14
16 35 14
35 74 14
74 29 14
F15
512
45 39 15
39 74 15
74 35 15
35 16 15
F16
512
82 25 16
25 46 16
F17
512
41 76 17
76 16 17
16 35 17
35 74 17
74 29 17
F18
512
37 90 18
90 25 18
25 46 18
46 1 18
F19
512
40 29 19
29 74 19
74 39 19
F20
512
50 39 20
39 74 20
74 63 20
F21
512
50 39 21
39 74 21
74 63 21
F22
512
3 1 22
1 7 22
7 88 22
88 25 22
25 26 22
F23
512
53 70 23
70 58 23
58 86 23
86 33 23
33 84 23
F24
512
66 86 24
86 58 24
F25
512
19 82 25
82 25 25
25 88 25
88 6 25
6 2 25
F26
512
17 74 26
74 79 26
F27
1024
88 25 27
25 82 27
82 89 27
F28
1024
4 3 28
3 1 28
1 46 28
46 25 28
25 26 28
26 34 28
F29
1024
3 1 29
1 7 29
7 88 29
88 25 29
25 26 29
F30
1024
50 39 30
39 74 30
74 63 30
F31
1024
76 16 31
16 35 31
35 74 31
74 22 31
F32
1024
60 85 32
85 27 32
27 25 32
25 88 32
88 61 32
F33
1024
47 76 33
76 16 33
16 35 33
35 74 33
74 22 33
22 94 33
F34
1024
100 8 34
8 96 34
96 75 34
F35
1024
55 63 35
63 74 35
74 22 35
22 67 35
67 28 35
F36
1024
53 70 36
70 58 36
58 86 36
86 33 36
33 84 36
F37
1024
59 40 37
40 29 37
29 74 37
74 94 37
94 98 37
F38
1024
52 9 38
9 96 38
96 13 38
13 12 38
F39
1024
14 70 39
70 58 39
58 86 39
86 11 39
11 48 39
F40
1024
5 18 40
18 6 40
6 88 40
88 25 40
25 69 40
69 54 40
