F1
256
81 70 1
70 58 1
58 86 1
86 11 1
F2
256
95 70 2
70 58 2
58 86 2
86 43 2
F3
256
87 61 3
61 90 3
90 25 3
25 69 3
F4
256
95 70 4
70 58 4
58 86 4
86 43 4
F5
256
14 70 5
70 58 5
58 86 5
86 11 5
11 48 5
F6
256
66 86 6
86 58 6
F7
256
10 42 7
42 91 7
91 29 7
29 74 7
74 39 7
39 94 7
94 83 7
F8
256
30 36 8
36 20 8
20 96 8
96 13 8
F9
256
45 39 9
39 74 9
74 35 9
35 16 9
F10
256
27 25 10
25 88 10
88 6 10
F11
512
82 25 11
25 46 11
F12
512
31 52 12
52 66 12
66 86 12
86 71 12
F13
512
14 70 13
70 58 13
58 86 13
86 11 13
11 48 13
F14
512
15 24 14
24 96 14
96 9 14
F15
512
37 90 15
90 25 15
25 46 15
46 1 15
F16
512
47 76 16
76 16 16
16 35 16
35 74 16
74 22 16
22 94 16
F17
512
19 82 17
82 25 17
25 88 17
88 6 17
6 2 17
F18
512
53 70 18
70 58 18
58 86 18
86 33 18
33 84 18
F19
512
92 16 19
16 35 19
35 74 19
74 22 19
22 67 19
F20
512
17 74 20
74 79 20
F21
512
55 63 21
63 74 21
74 22 21
22 67 21
67 28 21
F22
512
38 35 22
35 74 22
74 22 22
22 57 22
F23
512
52 9 23
9 96 23
96 13 23
13 12 23
F24
512
78 71 24
71 86 24
86 43 24
43 72 24
F25
512
30 36 25
36 20 25
20 96 25
96 13 25
F26
512
19 82 26
82 25 26
25 88 26
88 6 26
6 2 26
F27
512
10 42 27
42 91 27
91 29 27
29 74 27
74 39 27
39 94 27
94 83 27
F28
512
20 17 28
17 74 28
74 29 28
29 91 28
F29
512
82 25 29
25 46 29
F30
512
5 18 30
18 6 30
6 88 30
88 25 30
25 69 30
69 54 30
F31
512
41 76 31
76 16 31
16 35 31
35 74 31
74 29 31
F32
512
37 90 32
90 25 32
25 46 32
46 1 32
F33
512
53 70 33
70 58 33
58 86 33
86 33 33
33 84 33
F34
512
14 70 34
70 58 34
58 86 34
86 11 34
11 48 34
F35
1024
87 61 35
61 90 35
90 25 35
25 69 35
F36
1024
77 17 36
17 74 36
74 35 36
F37
1024
100 8 37
8 96 37
96 75 37
F38
1024
31 52 38
52 66 38
66 86 38
86 71 38
F39
1024
38 35 39
35 74 39
74 22 39
22 57 39
F40
1024
38 35 40
35 74 40
74 22 40
22 57 40
