F1
256
60 85 1
85 27 1
27 25 1
25 88 1
88 61 1
F2
256
7 46 2
46 25 2
25 26 2
26 97 2
F3
256
92 16 3
16 35 3
35 74 3
74 22 3
22 67 3
F4
256
52 9 4
9 96 4
96 13 4
13 12 4
F5
256
37 90 5
90 25 5
25 46 5
46 1 5
F6
256
60 85 6
85 27 6
27 25 6
25 88 6
88 61 6
F7
256
4 3 7
3 1 7
1 46 7
46 25 7
25 26 7
26 34 7
F8
256
14 70 8
70 58 8
58 86 8
86 11 8
11 48 8
F9
256
95 70 9
70 58 9
58 86 9
86 43 9
F10
256
95 70 10
70 58 10
58 86 10
86 43 10
F11
256
59 40 11
40 29 11
29 74 11
74 94 11
94 98 11
F12
512
40 29 12
29 74 12
74 39 12
F13
512
50 39 13
39 74 13
74 63 13
F14
512
8 96 14
96 13 14
13 12 14
12 32 14
F15
512
88 25 15
25 82 15
82 89 15
F16
512
77 17 16
17 74 16
74 35 16
F17
512
82 25 17
25 46 17
F18
512
87 61 18
61 90 18
90 25 18
25 69 18
F19
512
20 17 19
17 74 19
74 29 19
29 91 19
F20
512
55 63 20
63 74 20
74 22 20
22 67 20
67 28 20
F21
512
19 82 21
82 25 21
25 88 21
88 6 21
6 2 21
F22
512
81 70 22
70 58 22
58 86 22
86 11 22
F23
512
15 24 23
24 96 23
96 9 23
F24
512
55 63 24
63 74 24
74 22 24
22 67 24
67 28 24
F25
1024
95 70 25
70 58 25
58 86 25
86 43 25
F26
1024
81 70 26
70 58 26
58 86 26
86 11 26
F27
1024
8 96 27
96 13 27
13 12 27
12 32 27
F28
1024
27 25 28
25 88 28
88 6 28
F29
1024
55 63 29
63 74 29
74 22 29
22 67 29
67 28 29
F30
1024
24 96 30
96 20 30
20 80 30
F31
1024
15 24 31
24 96 31
96 9 31
F32
1024
55 63 32
63 74 32
74 22 32
22 67 32
67 28 32
F33
1024
100 8 33
8 96 33
96 75 33
F34
1024
19 82 34
82 25 34
25 88 34
88 6 34
6 2 34
F35
1024
92 16 35
16 35 35
35 74 35
74 22 35
22 67 35
F36
1024
81 70 36
70 58 36
58 86 36
86 11 36
F37
1024
3 1 37
1 7 37
7 88 37
88 25 37
25 26 37
F38
1024
100 8 38
8 96 38
96 75 38
F39
1024
17 74 39
74 79 39
F40
1024
100 8 40
8 96 40
96 75 40
