F1
256
38 35 1
35 74 1
74 22 1
22 57 1
F2
256
100 8 2
8 96 2
96 75 2
F3
256
52 9 3
9 96 3
96 13 3
13 12 3
F4
256
47 76 4
76 16 4
16 35 4
35 74 4
74 22 4
22 94 4
F5
256
76 16 5
16 35 5
35 74 5
74 22 5
F6
256
92 16 6
16 35 6
35 74 6
74 22 6
22 67 6
F7
256
82 25 7
25 46 7
F8
256
3 1 8
1 7 8
7 88 8
88 25 8
25 26 8
F9
256
95 70 9
70 58 9
58 86 9
86 43 9
F10
256
19 82 10
82 25 10
25 88 10
88 6 10
6 2 10
F11
256
53 70 11
70 58 11
58 86 11
86 33 11
33 84 11
F12
256
8 96 12
96 13 12
13 12 12
12 32 12
F13
256
77 17 13
17 74 13
74 35 13
F14
256
81 70 14
70 58 14
58 86 14
86 11 14
F15
256
15 24 15
24 96 15
96 9 15
F16
256
24 96 16
96 20 16
20 80 16
F17
512
51 2 17
2 7 17
7 46 17
46 25 17
25 69 17
69 54 17
F18
512
7 46 18
46 25 18
25 26 18
26 97 18
F19
512
14 70 19
70 58 19
58 86 19
86 11 19
11 48 19
F20
512
15 24 20
24 96 20
96 9 20
F21
512
5 18 21
18 6 21
6 88 21
88 25 21
25 69 21
69 54 21
F22
512
78 71 22
71 86 22
86 43 22
43 72 22
F23
512
60 85 23
85 27 23
27 25 23
25 88 23
88 61 23
F24
512
40 29 24
29 74 24
74 39 24
F25
512
53 70 25
70 58 25
58 86 25
86 33 25
33 84 25
F26
1024
38 35 26
35 74 26
74 22 26
22 57 26
F27
1024
81 70 27
70 58 27
58 86 27
86 11 27
F28
1024
45 39 28
39 74 28
74 35 28
35 16 28
F29
1024
5 18 29
18 6 29
6 88 29
88 25 29
25 69 29
69 54 29
F30
1024
100 8 30
8 96 30
96 75 30
F31
1024
55 63 31
63 74 31
74 22 31
22 67 31
67 28 31
F32
1024
100 8 32
8 96 32
96 75 32
F33
1024
15 24 33
24 96 33
96 9 33
F34
1024
51 2 34
2 7 34
7 46 34
46 25 34
25 69 34
69 54 34
F35
1024
19 82 35
82 25 35
25 88 35
88 6 35
6 2 35
F36
1024
52 9 36
9 96 36
96 13 36
13 12 36
F37
1024
14 70 37
70 58 37
58 86 37
86 11 37
11 48 37
F38
1024
77 17 38
17 74 38
74 35 38
F39
1024
24 96 39
96 20 39
20 80 39
F40
1024
30 36 40
36 20 40
20 96 40
96 13 40
