F1
256
20 17 1
17 74 1
74 29 1
29 91 1
F2
256
88 25 2
25 82 2
82 89 2
F3
256
31 52 3
52 66 3
66 86 3
86 71 3
F4
256
3 1 4
1 7 4
7 88 4
88 25 4
25 26 4
F5
256
87 61 5
61 90 5
90 25 5
25 69 5
F6
256
81 70 6
70 58 6
58 86 6
86 11 6
F7
256
40 29 7
29 74 7
74 39 7
F8
256
51 2 8
2 7 8
7 46 8
46 25 8
25 69 8
69 54 8
F9
256
7 46 9
46 25 9
25 26 9
26 97 9
F10
256
24 96 10
96 20 10
20 80 10
F11
256
10 42 11
42 91 11
91 29 11
29 74 11
74 39 11
39 94 11
94 83 11
F12
256
27 25 12
25 88 12
88 6 12
F13
256
81 70 13
70 58 13
58 86 13
86 11 13
F14
256
31 52 14
52 66 14
66 86 14
86 71 14
F15
256
20 17 15
17 74 15
74 29 15
29 91 15
F16
256
30 36 16
36 20 16
20 96 16
96 13 16
F17
256
50 39 17
39 74 17
74 63 17
F18
512
92 16 18
16 35 18
35 74 18
74 22 18
22 67 18
F19
512
52 9 19
9 96 19
96 13 19
13 12 19
F20
512
87 61 20
61 90 20
90 25 20
25 69 20
F21
512
60 85 21
85 27 21
27 25 21
25 88 21
88 61 21
F22
512
60 85 22
85 27 22
27 25 22
25 88 22
88 61 22
F23
512
10 42 23
42 91 23
91 29 23
29 74 23
74 39 23
39 94 23
94 83 23
F24
512
60 85 24
85 27 24
27 25 24
25 88 24
88 61 24
F25
512
78 71 25
71 86 25
86 43 25
43 72 25
F26
512
82 25 26
25 46 26
F27
512
17 74 27
74 79 27
F28
1024
4 3 28
3 1 28
1 46 28
46 25 28
25 26 28
26 34 28
F29
1024
51 2 29
2 7 29
7 46 29
46 25 29
25 69 29
69 54 29
F30
1024
17 74 30
74 79 30
F31
1024
38 35 31
35 74 31
74 22 31
22 57 31
F32
1024
40 29 32
29 74 32
74 39 32
F33
1024
24 96 33
96 20 33
20 80 33
F34
1024
45 39 34
39 74 34
74 35 34
35 16 34
F35
1024
100 8 35
8 96 35
96 75 35
F36
1024
81 70 36
70 58 36
58 86 36
86 11 36
F37
1024
20 17 37
17 74 37
74 29 37
29 91 37
F38
1024
76 16 38
16 35 38
35 74 38
74 22 38
F39
1024
30 36 39
36 20 39
20 96 39
96 13 39
F40
1024
100 8 40
8 96 40
96 75 40
