F1
256
68 23 1
23 58 1
58 86 1
86 33 1
F2
256
66 86 2
86 58 2
F3
256
51 2 3
2 7 3
7 46 3
46 25 3
25 69 3
69 54 3
F4
256
8 96 4
96 13 4
13 12 4
12 32 4
F5
256
15 24 5
24 96 5
96 9 5
F6
256
41 76 6
76 16 6
16 35 6
35 74 6
74 29 6
F7
256
8 96 7
96 13 7
13 12 7
12 32 7
F8
256
47 76 8
76 16 8
16 35 8
35 74 8
74 22 8
22 94 8
F9
256
55 63 9
63 74 9
74 22 9
22 67 9
67 28 9
F10
512
7 46 10
46 25 10
25 26 10
26 97 10
F11
512
30 36 11
36 20 11
20 96 11
96 13 11
F12
512
50 39 12
39 74 12
74 63 12
F13
512
53 70 13
70 58 13
58 86 13
86 33 13
33 84 13
F14
512
15 24 14
24 96 14
96 9 14
F15
512
82 25 15
25 46 15
F16
512
27 25 16
25 88 16
88 6 16
F17
512
37 90 17
90 25 17
25 46 17
46 1 17
F18
512
87 61 18
61 90 18
90 25 18
25 69 18
F19
512
82 25 19
25 46 19
F20
512
41 76 20
76 16 20
16 35 20
35 74 20
74 29 20
F21
512
38 35 21
35 74 21
74 22 21
22 57 21
F22
512
92 16 22
16 35 22
35 74 22
74 22 22
22 67 22
F23
512
52 9 23
9 96 23
96 13 23
13 12 23
F24
512
27 25 24
25 88 24
88 6 24
F25
512
15 24 25
24 96 25
96 9 25
F26
512
95 70 26
70 58 26
58 86 26
86 43 26
F27
512
31 52 27
52 66 27
66 86 27
86 71 27
F28
512
20 17 28
17 74 28
74 29 28
29 91 28
F29
1024
3 1 29
1 7 29
7 88 29
88 25 29
25 26 29
F30
1024
40 29 30
29 74 30
74 39 30
F31
1024
17 74 31
74 79 31
F32
1024
59 40 32
40 29 32
29 74 32
74 94 32
94 98 32
F33
1024
19 82 33
82 25 33
25 88 33
88 6 33
6 2 33
F34
1024
92 16 34
16 35 34
35 74 34
74 22 34
22 67 34
F35
1024
40 29 35
29 74 35
74 39 35
F36
1024
20 17 36
17 74 36
74 29 36
29 91 36
F37
1024
5 18 37
18 6 37
6 88 37
88 25 37
25 69 37
69 54 37
F38
1024
8 96 38
96 13 38
13 12 38
12 32 38
F39
1024
37 90 39
90 25 39
25 46 39
46 1 39
F40
1024
8 96 40
96 13 40
13 12 40
12 32 40
