F1
256
59 40 1
40 29 1
29 74 1
74 94 1
94 98 1
F2
256
30 36 2
36 20 2
20 96 2
96 13 2
F3
256
19 82 3
82 25 3
25 88 3
88 6 3
6 2 3
F4
256
38 35 4
35 74 4
74 22 4
22 57 4
F5
256
59 40 5
40 29 5
29 74 5
74 94 5
94 98 5
F6
256
50 39 6
39 74 6
74 63 6
F7
256
66 86 7
86 58 7
F8
256
30 36 8
36 20 8
20 96 8
96 13 8
F9
256
77 17 9
17 74 9
74 35 9
F10
256
53 70 10
70 58 10
58 86 10
86 33 10
33 84 10
F11
256
92 16 11
16 35 11
35 74 11
74 22 11
22 67 11
F12
256
19 82 12
82 25 12
25 88 12
88 6 12
6 2 12
F13
256
10 42 13
42 91 13
91 29 13
29 74 13
74 39 13
39 94 13
94 83 13
F14
256
53 70 14
70 58 14
58 86 14
86 33 14
33 84 14
F15
256
53 70 15
70 58 15
58 86 15
86 33 15
33 84 15
F16
512
45 39 16
39 74 16
74 35 16
35 16 16
F17
512
55 63 17
63 74 17
74 22 17
22 67 17
67 28 17
F18
512
24 96 18
96 20 18
20 80 18
F19
512
38 35 19
35 74 19
74 22 19
22 57 19
F20
512
41 76 20
76 16 20
16 35 20
35 74 20
74 29 20
F21
512
7 46 21
46 25 21
25 26 21
26 97 21
F22
512
51 2 22
2 7 22
7 46 22
46 25 22
25 69 22
69 54 22
F23
512
88 25 23
25 82 23
82 89 23
F24
512
100 8 24
8 96 24
96 75 24
F25
512
55 63 25
63 74 25
74 22 25
22 67 25
67 28 25
F26
1024
3 1 26
1 7 26
7 88 26
88 25 26
25 26 26
F27
1024
5 18 27
18 6 27
6 88 27
88 25 27
25 69 27
69 54 27
F28
1024
88 25 28
25 82 28
82 89 28
F29
1024
51 2 29
2 7 29
7 46 29
46 25 29
25 69 29
69 54 29
F30
1024
77 17 30
17 74 30
74 35 30
F31
1024
47 76 31
76 16 31
16 35 31
35 74 31
74 22 31
22 94 31
F32
1024
20 17 32
17 74 32
74 29 32
29 91 32
F33
1024
4 3 33
3 1 33
1 46 33
46 25 33
25 26 33
26 34 33
F34
1024
37 90 34
90 25 34
25 46 34
46 1 34
F35
1024
78 71 35
71 86 35
86 43 35
43 72 35
F36
1024
3 1 36
1 7 36
7 88 36
88 25 36
25 26 36
F37
1024
41 76 37
76 16 37
16 35 37
35 74 37
74 29 37
F38
1024
20 17 38
17 74 38
74 29 38
29 91 38
F39
1024
82 25 39
25 46 39
F40
1024
10 42 40
42 91 40
91 29 40
29 74 40
74 39 40
39 94 40
94 83 40
