F1
256
23 20 1
20 17 1
17 14 1
14 11 1
11 12 1
12 16 1
F2
256
45 42 2
42 39 2
39 40 2
40 36 2
36 37 2
37 33 2
33 98 2
F3
256
2 15 3
15 14 3
14 11 3
11 12 3
12 47 3
47 61 3
61 75 3
F4
256
2 15 4
15 14 4
14 11 4
11 12 4
12 47 4
47 61 4
61 75 4
F5
256
43 38 5
38 40 5
40 36 5
36 32 5
32 29 5
29 27 5
27 26 5
F6
256
84 83 6
83 82 6
82 81 6
81 90 6
F7
256
19 15 7
15 13 7
13 11 7
11 12 7
12 10 7
F8
256
57 56 8
56 55 8
55 35 8
35 36 8
36 32 8
32 29 8
29 30 8
F9
256
52 51 9
51 50 9
50 49 9
49 63 9
63 64 9
64 65 9
F10
512
93 78 10
78 64 10
64 63 10
63 49 10
49 18 10
18 16 10
16 12 10
F11
512
44 19 11
19 15 11
15 14 11
14 11 11
11 12 11
12 47 11
47 48 11
48 49 11
F12
512
83 82 12
82 68 12
68 54 12
54 34 12
F13
512
86 87 13
87 88 13
88 83 13
83 82 13
82 81 13
81 80 13
80 79 13
79 92 13
F14
512
85 84 14
84 83 14
83 82 14
82 81 14
81 80 14
80 91 14
F15
512
88 83 15
83 69 15
69 55 15
55 54 15
54 53 15
F16
1024
86 87 16
87 88 16
88 83 16
83 82 16
82 81 16
81 80 16
80 79 16
79 92 16
F17
1024
69 68 17
68 82 17
82 81 17
81 80 17
F18
1024
83 82 18
82 68 18
68 54 18
54 34 18
F19
1024
21 19 19
19 17 19
17 14 19
14 11 19
11 8 19
8 5 19
F20
1024
96 95 20
95 76 20
75 77 20
77 63 20
63 49 20
49 18 20
18 17 20
17 20 20
