F1
256
50 64 1
64 63 1
63 77 1
77 76 1
F2
256
41 40 2
40 36 2
36 37 2
37 73 2
F3
256
69 68 3
68 82 3
82 81 3
81 80 3
F4
256
74 75 4
75 76 4
76 77 4
77 63 4
63 64 4
64 78 4
78 77 4
77 94 4
F5
512
97 76 5
76 77 5
77 63 5
63 49 5
49 48 5
48 16 5
16 14 5
F6
512
41 40 6
40 36 6
36 37 6
37 73 6
F7
512
22 50 7
50 49 7
49 63 7
63 62 7
62 61 7
F8
512
41 40 8
40 36 8
36 37 8
37 73 8
F9
512
72 20 9
20 17 9
17 14 9
14 11 9
11 8 9
8 9 9
9 6 9
F10
512
86 87 10
87 88 10
88 83 10
83 82 10
82 81 10
81 80 10
80 79 10
79 92 10
F11
512
95 76 11
76 77 11
77 63 11
63 49 11
49 50 11
50 22 11
22 18 11
F12
512
3 6 12
6 9 12
9 13 12
13 11 12
11 14 12
14 16 12
16 48 12
48 62 12
F13
512
74 75 13
75 76 13
76 77 13
77 63 13
63 64 13
64 78 13
78 77 13
77 94 13
F14
512
69 68 14
68 82 14
82 81 14
81 80 14
F15
512
43 38 15
38 40 15
40 36 15
36 32 15
32 29 15
29 27 15
27 26 15
F16
1024
66 80 16
80 81 16
81 82 16
82 68 16
F17
1024
50 64 17
64 63 17
63 77 17
77 76 17
F18
1024
72 20 18
20 17 18
17 14 18
14 11 18
11 8 18
8 9 18
9 6 18
F19
1024
21 19 19
19 17 19
17 14 19
14 11 19
11 8 19
8 5 19
F20
1024
88 83 20
83 69 20
69 55 20
55 54 20
54 53 20
