F1
256
4 9 1
9 8 1
8 11 1
11 12 1
12 47 1
47 46 1
F2
256
27 29 2
29 32 2
32 36 2
36 35 2
35 55 2
F3
256
56 55 3
55 54 3
54 68 3
68 82 3
82 81 3
81 67 3
F4
256
45 42 4
42 39 4
39 40 4
40 36 4
36 37 4
37 33 4
33 98 4
F5
256
50 64 5
64 63 5
63 77 5
77 76 5
F6
256
85 84 6
84 83 6
83 82 6
82 81 6
81 80 6
80 91 6
F7
256
27 29 7
29 32 7
32 36 7
36 35 7
35 55 7
F8
512
85 84 8
84 83 8
83 82 8
82 81 8
81 80 8
80 91 8
F9
512
74 75 9
75 76 9
76 77 9
77 63 9
63 64 9
64 78 9
78 77 9
77 94 9
F10
512
56 55 10
55 54 10
54 68 10
68 82 10
82 81 10
81 67 10
F11
512
87 84 11
84 83 11
83 82 11
82 89 11
F12
512
54 68 12
68 82 12
82 81 12
81 80 12
80 79 12
F13
512
96 95 13
95 76 13
75 77 13
77 63 13
63 49 13
49 18 13
18 17 13
17 20 13
F14
512
17 18 14
18 49 14
49 63 14
63 77 14
F15
512
43 38 15
38 40 15
40 36 15
36 32 15
32 29 15
29 27 15
27 26 15
F16
512
42 41 16
41 40 16
40 36 16
36 37 16
37 73 16
73 98 16
98 100 16
F17
1024
22 50 17
50 49 17
49 63 17
63 62 17
62 61 17
F18
1024
84 83 18
83 82 18
82 81 18
81 90 18
F19
1024
95 76 19
76 77 19
77 63 19
63 49 19
49 50 19
50 22 19
22 18 19
F20
1024
71 56 20
56 38 20
38 40 20
40 36 20
36 32 20
32 34 20
34 31 20
31 28 20
