F1
256
96 95 1
95 76 1
75 77 1
77 63 1
63 49 1
49 18 1
18 17 1
17 20 1
F2
256
72 20 2
20 17 2
17 14 2
14 11 2
11 8 2
8 9 2
9 6 2
F3
256
50 64 3
64 63 3
63 77 3
77 76 3
F4
256
27 29 4
29 32 4
32 36 4
36 35 4
35 55 4
F5
256
87 84 5
84 83 5
83 82 5
82 89 5
F6
256
57 56 6
56 55 6
55 35 6
35 36 6
36 32 6
32 29 6
29 30 6
F7
256
4 9 7
9 8 7
8 11 7
11 12 7
12 47 7
47 46 7
F8
256
51 50 8
50 49 8
49 63 8
63 64 8
F9
512
50 64 9
64 63 9
63 77 9
77 76 9
F10
512
93 78 10
78 64 10
64 63 10
63 49 10
49 18 10
18 16 10
16 12 10
F11
512
1 13 11
13 11 11
11 12 11
12 47 11
47 61 11
61 60 11
F12
512
42 41 12
41 40 12
40 36 12
36 37 12
37 73 12
73 98 12
98 100 12
F13
512
45 42 13
42 39 13
39 40 13
40 36 13
36 37 13
37 33 13
33 98 13
F14
512
93 78 14
78 64 14
64 63 14
63 49 14
49 18 14
18 16 14
16 12 14
F15
512
56 55 15
55 54 15
54 68 15
68 82 15
82 81 15
81 67 15
F16
512
72 20 16
20 17 16
17 14 16
14 11 16
11 8 16
8 9 16
9 6 16
F17
1024
9 8 17
8 11 17
11 14 17
14 15 17
F18
1024
97 76 18
76 77 18
77 63 18
63 49 18
49 48 18
48 16 18
16 14 18
F19
1024
17 18 19
18 49 19
49 63 19
63 77 19
F20
1024
93 78 20
78 64 20
64 63 20
63 49 20
49 18 20
18 16 20
16 12 20
