F1
256
22 50 1
50 49 1
49 63 1
63 62 1
62 61 1
F2
256
96 95 2
95 76 2
75 77 2
77 63 2
63 49 2
49 18 2
18 17 2
17 20 2
F3
256
21 19 3
19 17 3
17 14 3
14 11 3
11 8 3
8 5 3
F4
256
41 40 4
40 36 4
36 37 4
37 73 4
F5
256
19 15 5
15 13 5
13 11 5
11 12 5
12 10 5
F6
256
44 19 6
19 15 6
15 14 6
14 11 6
11 12 6
12 47 6
47 48 6
48 49 6
F7
256
22 50 7
50 49 7
49 63 7
63 62 7
62 61 7
F8
256
86 87 8
87 88 8
88 83 8
83 82 8
82 81 8
81 80 8
80 79 8
79 92 8
F9
256
21 19 9
19 17 9
17 14 9
14 11 9
11 8 9
8 5 9
F10
512
21 19 10
19 17 10
17 14 10
14 11 10
11 8 10
8 5 10
F11
512
69 68 11
68 82 11
82 81 11
81 80 11
F12
512
96 95 12
95 76 12
75 77 12
77 63 12
63 49 12
49 18 12
18 17 12
17 20 12
F13
512
3 6 13
6 9 13
9 13 13
13 11 13
11 14 13
14 16 13
16 48 13
48 62 13
F14
512
54 68 14
68 82 14
82 81 14
81 80 14
80 79 14
F15
512
56 55 15
55 54 15
54 68 15
68 82 15
82 81 15
81 67 15
F16
512
88 83 16
83 69 16
69 55 16
55 54 16
54 53 16
F17
512
72 20 17
20 17 17
17 14 17
14 11 17
11 8 17
8 9 17
9 6 17
F18
512
84 83 18
83 82 18
82 81 18
81 90 18
F19
1024
72 20 19
20 17 19
17 14 19
14 11 19
11 8 19
8 9 19
9 6 19
F20
1024
45 42 20
42 39 20
39 40 20
40 36 20
36 37 20
37 33 20
33 98 20
