F1
256
93 78 1
78 64 1
64 63 1
63 49 1
49 18 1
18 16 1
16 12 1
F2
256
52 51 2
51 50 2
50 49 2
49 63 2
63 64 2
64 65 2
F3
256
27 29 3
29 32 3
32 36 3
36 35 3
35 55 3
F4
256
69 68 4
68 82 4
82 81 4
81 80 4
F5
256
21 19 5
19 17 5
17 14 5
14 11 5
11 8 5
8 5 5
F6
256
45 42 6
42 39 6
39 40 6
40 36 6
36 37 6
37 33 6
33 98 6
F7
256
96 95 7
95 76 7
75 77 7
77 63 7
63 49 7
49 18 7
18 17 7
17 20 7
F8
512
3 6 8
6 9 8
9 13 8
13 11 8
11 14 8
14 16 8
16 48 8
48 62 8
F9
512
97 76 9
76 77 9
77 63 9
63 49 9
49 48 9
48 16 9
16 14 9
F10
512
17 18 10
18 49 10
49 63 10
63 77 10
F11
512
85 84 11
84 83 11
83 82 11
82 81 11
81 80 11
80 91 11
F12
512
56 55 12
55 54 12
54 68 12
68 82 12
82 81 12
81 67 12
F13
1024
86 87 13
87 88 13
88 83 13
83 82 13
82 81 13
81 80 13
80 79 13
79 92 13
F14
1024
45 42 14
42 39 14
39 40 14
40 36 14
36 37 14
37 33 14
33 98 14
F15
1024
72 20 15
20 17 15
17 14 15
14 11 15
11 8 15
8 9 15
9 6 15
F16
1024
23 20 16
20 17 16
17 14 16
14 11 16
11 12 16
12 16 16
F17
1024
19 15 17
15 13 17
13 11 17
11 12 17
12 10 17
F18
1024
51 50 18
50 49 18
49 63 18
63 64 18
F19
1024
56 55 19
55 54 19
54 68 19
68 82 19
82 81 19
81 67 19
F20
1024
59 39 20
39 40 20
40 36 20
36 37 20
37 33 20
33 98 20
