F1
256
59 39 1
39 40 1
40 36 1
36 37 1
37 33 1
33 98 1
F2
256
85 84 2
84 83 2
83 82 2
82 81 2
81 80 2
80 91 2
F3
256
3 6 3
6 9 3
9 13 3
13 11 3
11 14 3
14 16 3
16 48 3
48 62 3
F4
256
44 19 4
19 15 4
15 14 4
14 11 4
11 12 4
12 47 4
47 48 4
48 49 4
F5
256
66 80 5
80 81 5
81 82 5
82 68 5
F6
512
42 41 6
41 40 6
40 36 6
36 37 6
37 73 6
73 98 6
98 100 6
F7
512
56 55 7
55 54 7
54 68 7
68 82 7
82 81 7
81 67 7
F8
512
69 68 8
68 82 8
82 81 8
81 80 8
F9
512
59 39 9
39 40 9
40 36 9
36 37 9
37 33 9
33 98 9
F10
512
41 40 10
40 36 10
36 37 10
37 73 10
F11
1024
86 87 11
87 88 11
88 83 11
83 82 11
82 81 11
81 80 11
80 79 11
79 92 11
F12
1024
56 55 12
55 54 12
54 68 12
68 82 12
82 81 12
81 67 12
F13
1024
66 80 13
80 81 13
81 82 13
82 68 13
F14
1024
9 8 14
8 11 14
11 14 14
14 15 14
F15
1024
1 13 15
13 11 15
11 12 15
12 47 15
47 61 15
61 60 15
F16
1024
66 80 16
80 81 16
81 82 16
82 68 16
F17
1024
97 76 17
76 77 17
77 63 17
63 49 17
49 48 17
48 16 17
16 14 17
F18
1024
54 68 18
68 82 18
82 81 18
81 80 18
80 79 18
F19
1024
56 55 19
55 54 19
54 68 19
68 82 19
82 81 19
81 67 19
F20
1024
66 80 20
80 81 20
81 82 20
82 68 20
