F1
256
45 42 1
42 39 1
39 40 1
40 36 1
36 37 1
37 33 1
33 98 1
F2
256
86 87 2
87 88 2
88 83 2
83 82 2
82 81 2
81 80 2
80 79 2
79 92 2
F3
256
74 75 3
75 76 3
76 77 3
77 63 3
63 64 3
64 78 3
78 77 3
77 94 3
F4
256
97 76 4
76 77 4
77 63 4
63 49 4
49 48 4
48 16 4
16 14 4
F5
256
21 19 5
19 17 5
17 14 5
14 11 5
11 8 5
8 5 5
F6
256
88 83 6
83 69 6
69 55 6
55 54 6
54 53 6
F7
256
19 15 7
15 13 7
13 11 7
11 12 7
12 10 7
F8
256
23 20 8
20 17 8
17 14 8
14 11 8
11 12 8
12 16 8
F9
512
59 39 9
39 40 9
40 36 9
36 37 9
37 33 9
33 98 9
F10
512
86 87 10
87 88 10
88 83 10
83 82 10
82 81 10
81 80 10
80 79 10
79 92 10
F11
512
9 8 11
8 11 11
11 14 11
14 15 11
F12
512
96 95 12
95 76 12
75 77 12
77 63 12
63 49 12
49 18 12
18 17 12
17 20 12
F13
512
56 55 13
55 54 13
54 68 13
68 82 13
82 81 13
81 67 13
F14
512
59 39 14
39 40 14
40 36 14
36 37 14
37 33 14
33 98 14
F15
1024
95 76 15
76 77 15
77 63 15
63 49 15
49 50 15
50 22 15
22 18 15
F16
1024
71 56 16
56 38 16
38 40 16
40 36 16
36 32 16
32 34 16
34 31 16
31 28 16
F17
1024
72 20 17
20 17 17
17 14 17
14 11 17
11 8 17
8 9 17
9 6 17
F18
1024
21 19 18
19 17 18
17 14 18
14 11 18
11 8 18
8 5 18
F19
1024
96 95 19
95 76 19
75 77 19
77 63 19
63 49 19
49 18 19
18 17 19
17 20 19
F20
1024
56 55 20
55 54 20
54 68 20
68 82 20
82 81 20
81 67 20
