F1
256
27 29 1
29 32 1
32 36 1
36 35 1
35 55 1
F2
256
17 18 2
18 49 2
49 63 2
63 77 2
F3
256
41 40 3
40 36 3
36 37 3
37 73 3
F4
256
22 50 4
50 49 4
49 63 4
63 62 4
62 61 4
F5
256
54 68 5
68 82 5
82 81 5
81 80 5
80 79 5
F6
256
45 42 6
42 39 6
39 40 6
40 36 6
36 37 6
37 33 6
33 98 6
F7
512
50 64 7
64 63 7
63 77 7
77 76 7
F8
512
69 68 8
68 82 8
82 81 8
81 80 8
F9
512
87 84 9
84 83 9
83 82 9
82 89 9
F10
512
85 84 10
84 83 10
83 82 10
82 81 10
81 80 10
80 91 10
F11
512
57 56 11
56 55 11
55 35 11
35 36 11
36 32 11
32 29 11
29 30 11
F12
512
41 40 12
40 36 12
36 37 12
37 73 12
F13
512
4 9 13
9 8 13
8 11 13
11 12 13
12 47 13
47 46 13
F14
512
87 84 14
84 83 14
83 82 14
82 89 14
F15
512
93 78 15
78 64 15
64 63 15
63 49 15
49 18 15
18 16 15
16 12 15
F16
1024
69 68 16
68 82 16
82 81 16
81 80 16
F17
1024
74 75 17
75 76 17
76 77 17
77 63 17
63 64 17
64 78 17
78 77 17
77 94 17
F18
1024
54 68 18
68 82 18
82 81 18
81 80 18
80 79 18
F19
1024
9 8 19
8 11 19
11 14 19
14 15 19
F20
1024
52 51 20
51 50 20
50 49 20
49 63 20
63 64 20
64 65 20
