F1
256
42 41 1
41 40 1
40 36 1
36 37 1
37 73 1
73 98 1
98 100 1
F2
256
84 83 2
83 82 2
82 81 2
81 90 2
F3
256
95 76 3
76 77 3
77 63 3
63 49 3
49 50 3
50 22 3
22 18 3
F4
256
51 50 4
50 49 4
49 63 4
63 64 4
F5
256
41 40 5
40 36 5
36 37 5
37 73 5
F6
512
43 38 6
38 40 6
40 36 6
36 32 6
32 29 6
29 27 6
27 26 6
F7
512
56 55 7
55 54 7
54 68 7
68 82 7
82 81 7
81 67 7
F8
512
96 95 8
95 76 8
75 77 8
77 63 8
63 49 8
49 18 8
18 17 8
17 20 8
F9
512
45 42 9
42 39 9
39 40 9
40 36 9
36 37 9
37 33 9
33 98 9
F10
512
70 69 10
69 68 10
68 82 10
82 81 10
F11
512
21 19 11
19 17 11
17 14 11
14 11 11
11 8 11
8 5 11
F12
512
23 20 12
20 17 12
17 14 12
14 11 12
11 12 12
12 16 12
F13
512
87 84 13
84 83 13
83 82 13
82 89 13
F14
1024
1 13 14
13 11 14
11 12 14
12 47 14
47 61 14
61 60 14
F15
1024
45 42 15
42 39 15
39 40 15
40 36 15
36 37 15
37 33 15
33 98 15
F16
1024
66 80 16
80 81 16
81 82 16
82 68 16
F17
1024
52 51 17
51 50 17
50 49 17
49 63 17
63 64 17
64 65 17
F18
1024
43 38 18
38 40 18
40 36 18
36 32 18
32 29 18
29 27 18
27 26 18
F19
1024
3 6 19
6 9 19
9 13 19
13 11 19
11 14 19
14 16 19
16 48 19
48 62 19
F20
1024
45 42 20
42 39 20
39 40 20
40 36 20
36 37 20
37 33 20
33 98 20
