F1
256
87 84 1
84 83 1
83 82 1
82 89 1
F2
256
44 19 2
19 15 2
15 14 2
14 11 2
11 12 2
12 47 2
47 48 2
48 49 2
F3
256
27 29 3
29 32 3
32 36 3
36 35 3
35 55 3
F4
256
23 20 4
20 17 4
17 14 4
14 11 4
11 12 4
12 16 4
F5
256
59 39 5
39 40 5
40 36 5
36 37 5
37 33 5
33 98 5
F6
256
50 64 6
64 63 6
63 77 6
77 76 6
F7
256
85 84 7
84 83 7
83 82 7
82 81 7
81 80 7
80 91 7
F8
256
17 18 8
18 49 8
49 63 8
63 77 8
F9
256
87 84 9
84 83 9
83 82 9
82 89 9
F10
256
83 82 10
82 68 10
68 54 10
54 34 10
F11
256
2 15 11
15 14 11
14 11 11
11 12 11
12 47 11
47 61 11
61 75 11
F12
512
51 50 12
50 49 12
49 63 12
63 64 12
F13
512
72 20 13
20 17 13
17 14 13
14 11 13
11 8 13
8 9 13
9 6 13
F14
512
51 50 14
50 49 14
49 63 14
63 64 14
F15
1024
2 15 15
15 14 15
14 11 15
11 12 15
12 47 15
47 61 15
61 75 15
F16
1024
4 9 16
9 8 16
8 11 16
11 12 16
12 47 16
47 46 16
F17
1024
56 55 17
55 54 17
54 68 17
68 82 17
82 81 17
81 67 17
F18
1024
95 76 18
76 77 18
77 63 18
63 49 18
49 50 18
50 22 18
22 18 18
F19
1024
43 38 19
38 40 19
40 36 19
36 32 19
32 29 19
29 27 19
27 26 19
F20
1024
54 68 20
68 82 20
82 81 20
81 80 20
80 79 20
