F1
256
86 87 1
87 88 1
88 83 1
83 82 1
82 81 1
81 80 1
80 79 1
79 92 1
F2
256
86 87 2
87 88 2
88 83 2
83 82 2
82 81 2
81 80 2
80 79 2
79 92 2
F3
256
19 15 3
15 13 3
13 11 3
11 12 3
12 10 3
F4
256
95 76 4
76 77 4
77 63 4
63 49 4
49 50 4
50 22 4
22 18 4
F5
256
22 50 5
50 49 5
49 63 5
63 62 5
62 61 5
F6
256
22 50 6
50 49 6
49 63 6
63 62 6
62 61 6
F7
256
97 76 7
76 77 7
77 63 7
63 49 7
49 48 7
48 16 7
16 14 7
F8
256
21 19 8
19 17 8
17 14 8
14 11 8
11 8 8
8 5 8
F9
256
56 55 9
55 54 9
54 68 9
68 82 9
82 81 9
81 67 9
F10
512
27 29 10
29 32 10
32 36 10
36 35 10
35 55 10
F11
512
96 95 11
95 76 11
75 77 11
77 63 11
63 49 11
49 18 11
18 17 11
17 20 11
F12
512
51 50 12
50 49 12
49 63 12
63 64 12
F13
512
27 29 13
29 32 13
32 36 13
36 35 13
35 55 13
F14
512
72 20 14
20 17 14
17 14 14
14 11 14
11 8 14
8 9 14
9 6 14
F15
512
21 19 15
19 17 15
17 14 15
14 11 15
11 8 15
8 5 15
F16
1024
88 83 16
83 69 16
69 55 16
55 54 16
54 53 16
F17
1024
84 83 17
83 82 17
82 81 17
81 90 17
F18
1024
2 15 18
15 14 18
14 11 18
11 12 18
12 47 18
47 61 18
61 75 18
F19
1024
41 40 19
40 36 19
36 37 19
37 73 19
F20
1024
9 8 20
8 11 20
11 14 20
14 15 20
