F1
256
17 18 1
18 49 1
49 63 1
63 77 1
F2
256
83 82 2
82 68 2
68 54 2
54 34 2
F3
256
42 41 3
41 40 3
40 36 3
36 37 3
37 73 3
73 98 3
98 100 3
F4
512
3 6 4
6 9 4
9 13 4
13 11 4
11 14 4
14 16 4
16 48 4
48 62 4
F5
512
88 83 5
83 69 5
69 55 5
55 54 5
54 53 5
F6
512
96 95 6
95 76 6
75 77 6
77 63 6
63 49 6
49 18 6
18 17 6
17 20 6
F7
512
97 76 7
76 77 7
77 63 7
63 49 7
49 48 7
48 16 7
16 14 7
F8
512
58 19 8
19 15 8
15 13 8
13 11 8
11 8 8
8 10 8
10 7 8
F9
512
4 9 9
9 8 9
8 11 9
11 12 9
12 47 9
47 46 9
F10
512
19 15 10
15 13 10
13 11 10
11 12 10
12 10 10
F11
1024
41 40 11
40 36 11
36 37 11
37 73 11
F12
1024
70 69 12
69 68 12
68 82 12
82 81 12
F13
1024
70 69 13
69 68 13
68 82 13
82 81 13
F14
1024
86 87 14
87 88 14
88 83 14
83 82 14
82 81 14
81 80 14
80 79 14
79 92 14
F15
1024
23 20 15
20 17 15
17 14 15
14 11 15
11 12 15
12 16 15
F16
1024
87 84 16
84 83 16
83 82 16
82 89 16
F17
1024
59 39 17
39 40 17
40 36 17
36 37 17
37 33 17
33 98 17
F18
1024
72 20 18
20 17 18
17 14 18
14 11 18
11 8 18
8 9 18
9 6 18
F19
1024
96 95 19
95 76 19
75 77 19
77 63 19
63 49 19
49 18 19
18 17 19
17 20 19
F20
1024
4 9 20
9 8 20
8 11 20
11 12 20
12 47 20
47 46 20
