F1
256
71 56 1
56 38 1
38 40 1
40 36 1
36 32 1
32 34 1
34 31 1
31 28 1
F2
256
93 78 2
78 64 2
64 63 2
63 49 2
49 18 2
18 16 2
16 12 2
F3
256
22 50 3
50 49 3
49 63 3
63 62 3
62 61 3
F4
256
44 19 4
19 15 4
15 14 4
14 11 4
11 12 4
12 47 4
47 48 4
48 49 4
F5
256
45 42 5
42 39 5
39 40 5
40 36 5
36 37 5
37 33 5
33 98 5
F6
256
59 39 6
39 40 6
40 36 6
36 37 6
37 33 6
33 98 6
F7
512
59 39 7
39 40 7
40 36 7
36 37 7
37 33 7
33 98 7
F8
512
95 76 8
76 77 8
77 63 8
63 49 8
49 50 8
50 22 8
22 18 8
F9
512
97 76 9
76 77 9
77 63 9
63 49 9
49 48 9
48 16 9
16 14 9
F10
512
50 64 10
64 63 10
63 77 10
77 76 10
F11
512
43 38 11
38 40 11
40 36 11
36 32 11
32 29 11
29 27 11
27 26 11
F12
512
88 83 12
83 69 12
69 55 12
55 54 12
54 53 12
F13
512
3 6 13
6 9 13
9 13 13
13 11 13
11 14 13
14 16 13
16 48 13
48 62 13
F14
1024
57 56 14
56 55 14
55 35 14
35 36 14
36 32 14
32 29 14
29 30 14
F15
1024
1 13 15
13 11 15
11 12 15
12 47 15
47 61 15
61 60 15
F16
1024
72 20 16
20 17 16
17 14 16
14 11 16
11 8 16
8 9 16
9 6 16
F17
1024
1 13 17
13 11 17
11 12 17
12 47 17
47 61 17
61 60 17
F18
1024
4 9 18
9 8 18
8 11 18
11 12 18
12 47 18
47 46 18
F19
1024
54 68 19
68 82 19
82 81 19
81 80 19
80 79 19
F20
1024
71 56 20
56 38 20
38 40 20
40 36 20
36 32 20
32 34 20
34 31 20
31 28 20
