F1
256
95 76 1
76 77 1
77 63 1
63 49 1
49 50 1
50 22 1
22 18 1
F2
256
93 78 2
78 64 2
64 63 2
63 49 2
49 18 2
18 16 2
16 12 2
F3
256
41 40 3
40 36 3
36 37 3
37 73 3
F4
256
22 50 4
50 49 4
49 63 4
63 62 4
62 61 4
F5
256
2 15 5
15 14 5
14 11 5
11 12 5
12 47 5
47 61 5
61 75 5
F6
256
4 9 6
9 8 6
8 11 6
11 12 6
12 47 6
47 46 6
F7
256
84 83 7
83 82 7
82 81 7
81 90 7
F8
512
41 40 8
40 36 8
36 37 8
37 73 8
F9
512
27 29 9
29 32 9
32 36 9
36 35 9
35 55 9
F10
512
83 82 10
82 68 10
68 54 10
54 34 10
F11
512
88 83 11
83 69 11
69 55 11
55 54 11
54 53 11
F12
512
27 29 12
29 32 12
32 36 12
36 35 12
35 55 12
F13
512
59 39 13
39 40 13
40 36 13
36 37 13
37 33 13
33 98 13
F14
512
83 82 14
82 68 14
68 54 14
54 34 14
F15
512
17 18 15
18 49 15
49 63 15
63 77 15
F16
512
51 50 16
50 49 16
49 63 16
63 64 16
F17
512
54 68 17
68 82 17
82 81 17
81 80 17
80 79 17
F18
1024
1 13 18
13 11 18
11 12 18
12 47 18
47 61 18
61 60 18
F19
1024
9 8 19
8 11 19
11 14 19
14 15 19
F20
1024
9 8 20
8 11 20
11 14 20
14 15 20
