F1
256
2 15 1
15 14 1
14 11 1
11 12 1
12 47 1
47 61 1
61 75 1
F2
256
19 15 2
15 13 2
13 11 2
11 12 2
12 10 2
F3
256
58 19 3
19 15 3
15 13 3
13 11 3
11 8 3
8 10 3
10 7 3
F4
256
43 38 4
38 40 4
40 36 4
36 32 4
32 29 4
29 27 4
27 26 4
F5
256
57 56 5
56 55 5
55 35 5
35 36 5
36 32 5
32 29 5
29 30 5
F6
256
41 40 6
40 36 6
36 37 6
37 73 6
F7
256
86 87 7
87 88 7
88 83 7
83 82 7
82 81 7
81 80 7
80 79 7
79 92 7
F8
512
56 55 8
55 54 8
54 68 8
68 82 8
82 81 8
81 67 8
F9
512
57 56 9
56 55 9
55 35 9
35 36 9
36 32 9
32 29 9
29 30 9
F10
512
87 84 10
84 83 10
83 82 10
82 89 10
F11
512
17 18 11
18 49 11
49 63 11
63 77 11
F12
512
95 76 12
76 77 12
77 63 12
63 49 12
49 50 12
50 22 12
22 18 12
F13
512
83 82 13
82 68 13
68 54 13
54 34 13
F14
512
9 8 14
8 11 14
11 14 14
14 15 14
F15
512
66 80 15
80 81 15
81 82 15
82 68 15
F16
1024
2 15 16
15 14 16
14 11 16
11 12 16
12 47 16
47 61 16
61 75 16
F17
1024
57 56 17
56 55 17
55 35 17
35 36 17
36 32 17
32 29 17
29 30 17
F18
1024
27 29 18
29 32 18
32 36 18
36 35 18
35 55 18
F19
1024
50 64 19
64 63 19
63 77 19
77 76 19
F20
1024
19 15 20
15 13 20
13 11 20
11 12 20
12 10 20
