F1
256
23 20 1
20 17 1
17 14 1
14 11 1
11 12 1
12 16 1
F2
256
59 39 2
39 40 2
40 36 2
36 37 2
37 33 2
33 98 2
F3
256
59 39 3
39 40 3
40 36 3
36 37 3
37 33 3
33 98 3
F4
256
52 51 4
51 50 4
50 49 4
49 63 4
63 64 4
64 65 4
F5
256
23 20 5
20 17 5
17 14 5
14 11 5
11 12 5
12 16 5
F6
512
42 41 6
41 40 6
40 36 6
36 37 6
37 73 6
73 98 6
98 100 6
F7
512
22 50 7
50 49 7
49 63 7
63 62 7
62 61 7
F8
512
43 38 8
38 40 8
40 36 8
36 32 8
32 29 8
29 27 8
27 26 8
F9
512
57 56 9
56 55 9
55 35 9
35 36 9
36 32 9
32 29 9
29 30 9
F10
512
87 84 10
84 83 10
83 82 10
82 89 10
F11
512
83 82 11
82 68 11
68 54 11
54 34 11
F12
512
27 29 12
29 32 12
32 36 12
36 35 12
35 55 12
F13
512
95 76 13
76 77 13
77 63 13
63 49 13
49 50 13
50 22 13
22 18 13
F14
1024
2 15 14
15 14 14
14 11 14
11 12 14
12 47 14
47 61 14
61 75 14
F15
1024
72 20 15
20 17 15
17 14 15
14 11 15
11 8 15
8 9 15
9 6 15
F16
1024
21 19 16
19 17 16
17 14 16
14 11 16
11 8 16
8 5 16
F17
1024
58 19 17
19 15 17
15 13 17
13 11 17
11 8 17
8 10 17
10 7 17
F18
1024
93 78 18
78 64 18
64 63 18
63 49 18
49 18 18
18 16 18
16 12 18
F19
1024
4 9 19
9 8 19
8 11 19
11 12 19
12 47 19
47 46 19
F20
1024
42 41 20
41 40 20
40 36 20
36 37 20
37 73 20
73 98 20
98 100 20
