F1
256
95 76 1
76 77 1
77 63 1
63 49 1
49 50 1
50 22 1
22 18 1
F2
256
19 15 2
15 13 2
13 11 2
11 12 2
12 10 2
F3
256
3 6 3
6 9 3
9 13 3
13 11 3
11 14 3
14 16 3
16 48 3
48 62 3
F4
256
21 19 4
19 17 4
17 14 4
14 11 4
11 8 4
8 5 4
F5
256
57 56 5
56 55 5
55 35 5
35 36 5
36 32 5
32 29 5
29 30 5
F6
256
56 55 6
55 54 6
54 68 6
68 82 6
82 81 6
81 67 6
F7
512
93 78 7
78 64 7
64 63 7
63 49 7
49 18 7
18 16 7
16 12 7
F8
512
70 69 8
69 68 8
68 82 8
82 81 8
F9
512
71 56 9
56 38 9
38 40 9
40 36 9
36 32 9
32 34 9
34 31 9
31 28 9
F10
512
93 78 10
78 64 10
64 63 10
63 49 10
49 18 10
18 16 10
16 12 10
F11
512
17 18 11
18 49 11
49 63 11
63 77 11
F12
512
95 76 12
76 77 12
77 63 12
63 49 12
49 50 12
50 22 12
22 18 12
F13
512
19 15 13
15 13 13
13 11 13
11 12 13
12 10 13
F14
512
22 50 14
50 49 14
49 63 14
63 62 14
62 61 14
F15
1024
56 55 15
55 54 15
54 68 15
68 82 15
82 81 15
81 67 15
F16
1024
44 19 16
19 15 16
15 14 16
14 11 16
11 12 16
12 47 16
47 48 16
48 49 16
F17
1024
1 13 17
13 11 17
11 12 17
12 47 17
47 61 17
61 60 17
F18
1024
87 84 18
84 83 18
83 82 18
82 89 18
F19
1024
21 19 19
19 17 19
17 14 19
14 11 19
11 8 19
8 5 19
F20
1024
51 50 20
50 49 20
49 63 20
63 64 20
