F1
256
84 83 1
83 82 1
82 81 1
81 90 1
F2
256
54 68 2
68 82 2
82 81 2
81 80 2
80 79 2
F3
256
97 76 3
76 77 3
77 63 3
63 49 3
49 48 3
48 16 3
16 14 3
F4
512
50 64 4
64 63 4
63 77 4
77 76 4
F5
512
1 13 5
13 11 5
11 12 5
12 47 5
47 61 5
61 60 5
F6
512
93 78 6
78 64 6
64 63 6
63 49 6
49 18 6
18 16 6
16 12 6
F7
512
17 18 7
18 49 7
49 63 7
63 77 7
F8
512
83 82 8
82 68 8
68 54 8
54 34 8
F9
512
69 68 9
68 82 9
82 81 9
81 80 9
F10
512
42 41 10
41 40 10
40 36 10
36 37 10
37 73 10
73 98 10
98 100 10
F11
512
21 19 11
19 17 11
17 14 11
14 11 11
11 8 11
8 5 11
F12
512
83 82 12
82 68 12
68 54 12
54 34 12
F13
512
54 68 13
68 82 13
82 81 13
81 80 13
80 79 13
F14
1024
95 76 14
76 77 14
77 63 14
63 49 14
49 50 14
50 22 14
22 18 14
F15
1024
27 29 15
29 32 15
32 36 15
36 35 15
35 55 15
F16
1024
9 8 16
8 11 16
11 14 16
14 15 16
F17
1024
56 55 17
55 54 17
54 68 17
68 82 17
82 81 17
81 67 17
F18
1024
21 19 18
19 17 18
17 14 18
14 11 18
11 8 18
8 5 18
F19
1024
58 19 19
19 15 19
15 13 19
13 11 19
11 8 19
8 10 19
10 7 19
F20
1024
19 15 20
15 13 20
13 11 20
11 12 20
12 10 20
