F1
256
86 87 1
87 88 1
88 83 1
83 82 1
82 81 1
81 80 1
80 79 1
79 92 1
F2
256
23 20 2
20 17 2
17 14 2
14 11 2
11 12 2
12 16 2
F3
256
70 69 3
69 68 3
68 82 3
82 81 3
F4
256
3 6 4
6 9 4
9 13 4
13 11 4
11 14 4
14 16 4
16 48 4
48 62 4
F5
512
74 75 5
75 76 5
76 77 5
77 63 5
63 64 5
64 78 5
78 77 5
77 94 5
F6
512
85 84 6
84 83 6
83 82 6
82 81 6
81 80 6
80 91 6
F7
512
74 75 7
75 76 7
76 77 7
77 63 7
63 64 7
64 78 7
78 77 7
77 94 7
F8
512
9 8 8
8 11 8
11 14 8
14 15 8
F9
512
66 80 9
80 81 9
81 82 9
82 68 9
F10
512
42 41 10
41 40 10
40 36 10
36 37 10
37 73 10
73 98 10
98 100 10
F11
512
88 83 11
83 69 11
69 55 11
55 54 11
54 53 11
F12
512
21 19 12
19 17 12
17 14 12
14 11 12
11 8 12
8 5 12
F13
512
56 55 13
55 54 13
54 68 13
68 82 13
82 81 13
81 67 13
F14
512
56 55 14
55 54 14
54 68 14
68 82 14
82 81 14
81 67 14
F15
512
57 56 15
56 55 15
55 35 15
35 36 15
36 32 15
32 29 15
29 30 15
F16
1024
95 76 16
76 77 16
77 63 16
63 49 16
49 50 16
50 22 16
22 18 16
F17
1024
66 80 17
80 81 17
81 82 17
82 68 17
F18
1024
72 20 18
20 17 18
17 14 18
14 11 18
11 8 18
8 9 18
9 6 18
F19
1024
87 84 19
84 83 19
83 82 19
82 89 19
F20
1024
51 50 20
50 49 20
49 63 20
63 64 20
