F1
256
52 51 1
51 50 1
50 49 1
49 63 1
63 64 1
64 65 1
F2
256
87 84 2
84 83 2
83 82 2
82 89 2
F3
256
43 38 3
38 40 3
40 36 3
36 32 3
32 29 3
29 27 3
27 26 3
F4
256
88 83 4
83 69 4
69 55 4
55 54 4
54 53 4
F5
256
83 82 5
82 68 5
68 54 5
54 34 5
F6
256
41 40 6
40 36 6
36 37 6
37 73 6
F7
512
45 42 7
42 39 7
39 40 7
40 36 7
36 37 7
37 33 7
33 98 7
F8
512
54 68 8
68 82 8
82 81 8
81 80 8
80 79 8
F9
512
43 38 9
38 40 9
40 36 9
36 32 9
32 29 9
29 27 9
27 26 9
F10
512
22 50 10
50 49 10
49 63 10
63 62 10
62 61 10
F11
512
27 29 11
29 32 11
32 36 11
36 35 11
35 55 11
F12
512
86 87 12
87 88 12
88 83 12
83 82 12
82 81 12
81 80 12
80 79 12
79 92 12
F13
512
74 75 13
75 76 13
76 77 13
77 63 13
63 64 13
64 78 13
78 77 13
77 94 13
F14
1024
1 13 14
13 11 14
11 12 14
12 47 14
47 61 14
61 60 14
F15
1024
2 15 15
15 14 15
14 11 15
11 12 15
12 47 15
47 61 15
61 75 15
F16
1024
44 19 16
19 15 16
15 14 16
14 11 16
11 12 16
12 47 16
47 48 16
48 49 16
F17
1024
69 68 17
68 82 17
82 81 17
81 80 17
F18
1024
84 83 18
83 82 18
82 81 18
81 90 18
F19
1024
17 18 19
18 49 19
49 63 19
63 77 19
F20
1024
93 78 20
78 64 20
64 63 20
63 49 20
49 18 20
18 16 20
16 12 20
