F1
256
17 18 1
18 49 1
49 63 1
63 77 1
F2
256
50 64 2
64 63 2
63 77 2
77 76 2
F3
256
87 84 3
84 83 3
83 82 3
82 89 3
F4
256
87 84 4
84 83 4
83 82 4
82 89 4
F5
256
43 38 5
38 40 5
40 36 5
36 32 5
32 29 5
29 27 5
27 26 5
F6
256
84 83 6
83 82 6
82 81 6
81 90 6
F7
256
19 15 7
15 13 7
13 11 7
11 12 7
12 10 7
F8
256
1 13 8
13 11 8
11 12 8
12 47 8
47 61 8
61 60 8
F9
512
56 55 9
55 54 9
54 68 9
68 82 9
82 81 9
81 67 9
F10
512
86 87 10
87 88 10
88 83 10
83 82 10
82 81 10
81 80 10
80 79 10
79 92 10
F11
512
3 6 11
6 9 11
9 13 11
13 11 11
11 14 11
14 16 11
16 48 11
48 62 11
F12
512
43 38 12
38 40 12
40 36 12
36 32 12
32 29 12
29 27 12
27 26 12
F13
512
59 39 13
39 40 13
40 36 13
36 37 13
37 33 13
33 98 13
F14
512
74 75 14
75 76 14
76 77 14
77 63 14
63 64 14
64 78 14
78 77 14
77 94 14
F15
1024
1 13 15
13 11 15
11 12 15
12 47 15
47 61 15
61 60 15
F16
1024
74 75 16
75 76 16
76 77 16
77 63 16
63 64 16
64 78 16
78 77 16
77 94 16
F17
1024
27 29 17
29 32 17
32 36 17
36 35 17
35 55 17
F18
1024
45 42 18
42 39 18
39 40 18
40 36 18
36 37 18
37 33 18
33 98 18
F19
1024
2 15 19
15 14 19
14 11 19
11 12 19
12 47 19
47 61 19
61 75 19
F20
1024
54 68 20
68 82 20
82 81 20
81 80 20
80 79 20
