F1
256
1 13 1
13 11 1
11 12 1
12 47 1
47 61 1
61 60 1
F2
256
4 9 2
9 8 2
8 11 2
11 12 2
12 47 2
47 46 2
F3
256
51 50 3
50 49 3
49 63 3
63 64 3
F4
256
58 19 4
19 15 4
15 13 4
13 11 4
11 8 4
8 10 4
10 7 4
F5
256
70 69 5
69 68 5
68 82 5
82 81 5
F6
512
50 64 6
64 63 6
63 77 6
77 76 6
F7
512
69 68 7
68 82 7
82 81 7
81 80 7
F8
512
21 19 8
19 17 8
17 14 8
14 11 8
11 8 8
8 5 8
F9
512
3 6 9
6 9 9
9 13 9
13 11 9
11 14 9
14 16 9
16 48 9
48 62 9
F10
512
45 42 10
42 39 10
39 40 10
40 36 10
36 37 10
37 33 10
33 98 10
F11
512
41 40 11
40 36 11
36 37 11
37 73 11
F12
1024
9 8 12
8 11 12
11 14 12
14 15 12
F13
1024
2 15 13
15 14 13
14 11 13
11 12 13
12 47 13
47 61 13
61 75 13
F14
1024
70 69 14
69 68 14
68 82 14
82 81 14
F15
1024
88 83 15
83 69 15
69 55 15
55 54 15
54 53 15
F16
1024
22 50 16
50 49 16
49 63 16
63 62 16
62 61 16
F17
1024
97 76 17
76 77 17
77 63 17
63 49 17
49 48 17
48 16 17
16 14 17
F18
1024
22 50 18
50 49 18
49 63 18
63 62 18
62 61 18
F19
1024
9 8 19
8 11 19
11 14 19
14 15 19
F20
1024
42 41 20
41 40 20
40 36 20
36 37 20
37 73 20
73 98 20
98 100 20
