F1
256
100 8 1
8 96 1
96 75 1
F2
256
88 25 2
25 82 2
82 89 2
F3
256
8 96 3
96 13 3
13 12 3
12 32 3
F4
256
53 70 4
70 58 4
58 86 4
86 33 4
33 84 4
F5
256
14 70 5
70 58 5
58 86 5
86 11 5
11 48 5
F6
256
7 46 6
46 25 6
25 26 6
26 97 6
F7
256
68 23 7
23 58 7
58 86 7
86 33 7
F8
256
40 29 8
29 74 8
74 39 8
F9
256
30 36 9
36 20 9
20 96 9
96 13 9
F10
256
59 40 10
40 29 10
29 74 10
74 94 10
94 98 10
F11
256
55 63 11
63 74 11
74 22 11
22 67 11
67 28 11
F12
512
4 3 12
3 1 12
1 46 12
46 25 12
25 26 12
26 34 12
F13
512
30 36 13
36 20 13
20 96 13
96 13 13
F14
512
88 25 14
25 82 14
82 89 14
F15
512
40 29 15
29 74 15
74 39 15
F16
512
27 25 16
25 88 16
88 6 16
F17
512
7 46 17
46 25 17
25 26 17
26 97 17
F18
512
37 90 18
90 25 18
25 46 18
46 1 18
F19
512
51 2 19
2 7 19
7 46 19
46 25 19
25 69 19
69 54 19
F20
512
10 42 20
42 91 20
91 29 20
29 74 20
74 39 20
39 94 20
94 83 20
F21
512
95 70 21
70 58 21
58 86 21
86 43 21
F22
512
10 42 22
42 91 22
91 29 22
29 74 22
74 39 22
39 94 22
94 83 22
F23
512
87 61 23
61 90 23
90 25 23
25 69 23
F24
512
100 8 24
8 96 24
96 75 24
F25
512
45 39 25
39 74 25
74 35 25
35 16 25
F26
512
66 86 26
86 58 26
F27
1024
19 82 27
82 25 27
25 88 27
88 6 27
6 2 27
F28
1024
66 86 28
86 58 28
F29
1024
27 25 29
25 88 29
88 6 29
F30
1024
53 70 30
70 58 30
58 86 30
86 33 30
33 84 30
F31
1024
8 96 31
96 13 31
13 12 31
12 32 31
F32
1024
87 61 32
61 90 32
90 25 32
25 69 32
F33
1024
82 25 33
25 46 33
F34
1024
87 61 34
61 90 34
90 25 34
25 69 34
F35
1024
88 25 35
25 82 35
82 89 35
F36
1024
59 40 36
40 29 36
29 74 36
74 94 36
94 98 36
F37
1024
38 35 37
35 74 37
74 22 37
22 57 37
F38
1024
40 29 38
29 74 38
74 39 38
F39
1024
47 76 39
76 16 39
16 35 39
35 74 39
74 22 39
22 94 39
F40
1024
78 71 40
71 86 40
86 43 40
43 72 40
