F1
256
51 2 1
2 7 1
7 46 1
46 25 1
25 69 1
69 54 1
F2
256
51 2 2
2 7 2
7 46 2
46 25 2
25 69 2
69 54 2
F3
256
77 17 3
17 74 3
74 35 3
F4
256
55 63 4
63 74 4
74 22 4
22 67 4
67 28 4
F5
256
31 52 5
52 66 5
66 86 5
86 71 5
F6
256
41 76 6
76 16 6
16 35 6
35 74 6
74 29 6
F7
256
78 71 7
71 86 7
86 43 7
43 72 7
F8
256
55 63 8
63 74 8
74 22 8
22 67 8
67 28 8
F9
256
59 40 9
40 29 9
29 74 9
74 94 9
94 98 9
F10
256
3 1 10
1 7 10
7 88 10
88 25 10
25 26 10
F11
512
50 39 11
39 74 11
74 63 11
F12
512
51 2 12
2 7 12
7 46 12
46 25 12
25 69 12
69 54 12
F13
512
7 46 13
46 25 13
25 26 13
26 97 13
F14
512
37 90 14
90 25 14
25 46 14
46 1 14
F15
512
30 36 15
36 20 15
20 96 15
96 13 15
F16
512
82 25 16
25 46 16
F17
512
59 40 17
40 29 17
29 74 17
74 94 17
94 98 17
F18
512
51 2 18
2 7 18
7 46 18
46 25 18
25 69 18
69 54 18
F19
512
30 36 19
36 20 19
20 96 19
96 13 19
F20
512
47 76 20
76 16 20
16 35 20
35 74 20
74 22 20
22 94 20
F21
512
50 39 21
39 74 21
74 63 21
F22
512
60 85 22
85 27 22
27 25 22
25 88 22
88 61 22
F23
1024
30 36 23
36 20 23
20 96 23
96 13 23
F24
1024
30 36 24
36 20 24
20 96 24
96 13 24
F25
1024
76 16 25
16 35 25
35 74 25
74 22 25
F26
1024
88 25 26
25 82 26
82 89 26
F27
1024
55 63 27
63 74 27
74 22 27
22 67 27
67 28 27
F28
1024
27 25 28
25 88 28
88 6 28
F29
1024
47 76 29
76 16 29
16 35 29
35 74 29
74 22 29
22 94 29
F30
1024
3 1 30
1 7 30
7 88 30
88 25 30
25 26 30
F31
1024
47 76 31
76 16 31
16 35 31
35 74 31
74 22 31
22 94 31
F32
1024
60 85 32
85 27 32
27 25 32
25 88 32
88 61 32
F33
1024
87 61 33
61 90 33
90 25 33
25 69 33
F34
1024
92 16 34
16 35 34
35 74 34
74 22 34
22 67 34
F35
1024
82 25 35
25 46 35
F36
1024
10 42 36
42 91 36
91 29 36
29 74 36
74 39 36
39 94 36
94 83 36
F37
1024
95 70 37
70 58 37
58 86 37
86 43 37
F38
1024
60 85 38
85 27 38
27 25 38
25 88 38
88 61 38
F39
1024
76 16 39
16 35 39
35 74 39
74 22 39
F40
1024
87 61 40
61 90 40
90 25 40
25 69 40
