F1
256
77 17 1
17 74 1
74 35 1
F2
256
78 71 2
71 86 2
86 43 2
43 72 2
F3
256
19 82 3
82 25 3
25 88 3
88 6 3
6 2 3
F4
256
92 16 4
16 35 4
35 74 4
74 22 4
22 67 4
F5
256
78 71 5
71 86 5
86 43 5
43 72 5
F6
256
68 23 6
23 58 6
58 86 6
86 33 6
F7
256
41 76 7
76 16 7
16 35 7
35 74 7
74 29 7
F8
256
4 3 8
3 1 8
1 46 8
46 25 8
25 26 8
26 34 8
F9
256
95 70 9
70 58 9
58 86 9
86 43 9
F10
256
82 25 10
25 46 10
F11
256
15 24 11
24 96 11
96 9 11
F12
256
8 96 12
96 13 12
13 12 12
12 32 12
F13
256
87 61 13
61 90 13
90 25 13
25 69 13
F14
256
31 52 14
52 66 14
66 86 14
86 71 14
F15
256
47 76 15
76 16 15
16 35 15
35 74 15
74 22 15
22 94 15
F16
512
40 29 16
29 74 16
74 39 16
F17
512
30 36 17
36 20 17
20 96 17
96 13 17
F18
512
7 46 18
46 25 18
25 26 18
26 97 18
F19
512
81 70 19
70 58 19
58 86 19
86 11 19
F20
512
92 16 20
16 35 20
35 74 20
74 22 20
22 67 20
F21
512
41 76 21
76 16 21
16 35 21
35 74 21
74 29 21
F22
512
15 24 22
24 96 22
96 9 22
F23
512
4 3 23
3 1 23
1 46 23
46 25 23
25 26 23
26 34 23
F24
512
30 36 24
36 20 24
20 96 24
96 13 24
F25
512
88 25 25
25 82 25
82 89 25
F26
512
77 17 26
17 74 26
74 35 26
F27
1024
81 70 27
70 58 27
58 86 27
86 11 27
F28
1024
66 86 28
86 58 28
F29
1024
40 29 29
29 74 29
74 39 29
F30
1024
66 86 30
86 58 30
F31
1024
88 25 31
25 82 31
82 89 31
F32
1024
20 17 32
17 74 32
74 29 32
29 91 32
F33
1024
45 39 33
39 74 33
74 35 33
35 16 33
F34
1024
7 46 34
46 25 34
25 26 34
26 97 34
F35
1024
38 35 35
35 74 35
74 22 35
22 57 35
F36
1024
52 9 36
9 96 36
96 13 36
13 12 36
F37
1024
24 96 37
96 20 37
20 80 37
F38
1024
40 29 38
29 74 38
74 39 38
F39
1024
95 70 39
70 58 39
58 86 39
86 43 39
F40
1024
78 71 40
71 86 40
86 43 40
43 72 40
