F1
256
14 70 1
70 58 1
58 86 1
86 11 1
11 48 1
F2
256
81 70 2
70 58 2
58 86 2
86 11 2
F3
256
66 86 3
86 58 3
F4
256
82 25 4
25 46 4
F5
256
20 17 5
17 74 5
74 29 5
29 91 5
F6
256
68 23 6
23 58 6
58 86 6
86 33 6
F7
256
20 17 7
17 74 7
74 29 7
29 91 7
F8
256
78 71 8
71 86 8
86 43 8
43 72 8
F9
256
81 70 9
70 58 9
58 86 9
86 11 9
F10
256
14 70 10
70 58 10
58 86 10
86 11 10
11 48 10
F11
256
30 36 11
36 20 11
20 96 11
96 13 11
F12
256
7 46 12
46 25 12
25 26 12
26 97 12
F13
256
55 63 13
63 74 13
74 22 13
22 67 13
67 28 13
F14
512
52 9 14
9 96 14
96 13 14
13 12 14
F15
512
14 70 15
70 58 15
58 86 15
86 11 15
11 48 15
F16
512
52 9 16
9 96 16
96 13 16
13 12 16
F17
512
15 24 17
24 96 17
96 9 17
F18
512
14 70 18
70 58 18
58 86 18
86 11 18
11 48 18
F19
512
92 16 19
16 35 19
35 74 19
74 22 19
22 67 19
F20
512
47 76 20
76 16 20
16 35 20
35 74 20
74 22 20
22 94 20
F21
512
45 39 21
39 74 21
74 35 21
35 16 21
F22
512
24 96 22
96 20 22
20 80 22
F23
512
53 70 23
70 58 23
58 86 23
86 33 23
33 84 23
F24
1024
95 70 24
70 58 24
58 86 24
86 43 24
F25
1024
50 39 25
39 74 25
74 63 25
F26
1024
4 3 26
3 1 26
1 46 26
46 25 26
25 26 26
26 34 26
F27
1024
60 85 27
85 27 27
27 25 27
25 88 27
88 61 27
F28
1024
37 90 28
90 25 28
25 46 28
46 1 28
F29
1024
68 23 29
23 58 29
58 86 29
86 33 29
F30
1024
87 61 30
61 90 30
90 25 30
25 69 30
F31
1024
87 61 31
61 90 31
90 25 31
25 69 31
F32
1024
10 42 32
42 91 32
91 29 32
29 74 32
74 39 32
39 94 32
94 83 32
F33
1024
47 76 33
76 16 33
16 35 33
35 74 33
74 22 33
22 94 33
F34
1024
45 39 34
39 74 34
74 35 34
35 16 34
F35
1024
47 76 35
76 16 35
16 35 35
35 74 35
74 22 35
22 94 35
F36
1024
31 52 36
52 66 36
66 86 36
86 71 36
F37
1024
30 36 37
36 20 37
20 96 37
96 13 37
F38
1024
77 17 38
17 74 38
74 35 38
F39
1024
52 9 39
9 96 39
96 13 39
13 12 39
F40
1024
17 74 40
74 79 40
