F1
256
55 63 1
63 74 1
74 22 1
22 67 1
67 28 1
F2
256
66 86 2
86 58 2
F3
256
10 42 3
42 91 3
91 29 3
29 74 3
74 39 3
39 94 3
94 83 3
F4
256
19 82 4
82 25 4
25 88 4
88 6 4
6 2 4
F5
256
47 76 5
76 16 5
16 35 5
35 74 5
74 22 5
22 94 5
F6
256
45 39 6
39 74 6
74 35 6
35 16 6
F7
256
81 70 7
70 58 7
58 86 7
86 11 7
F8
256
30 36 8
36 20 8
20 96 8
96 13 8
F9
256
88 25 9
25 82 9
82 89 9
F10
256
15 24 10
24 96 10
96 9 10
F11
256
14 70 11
70 58 11
58 86 11
86 11 11
11 48 11
F12
256
3 1 12
1 7 12
7 88 12
88 25 12
25 26 12
F13
256
60 85 13
85 27 13
27 25 13
25 88 13
88 61 13
F14
256
24 96 14
96 20 14
20 80 14
F15
256
60 85 15
85 27 15
27 25 15
25 88 15
88 61 15
F16
256
55 63 16
63 74 16
74 22 16
22 67 16
67 28 16
F17
256
38 35 17
35 74 17
74 22 17
22 57 17
F18
256
68 23 18
23 58 18
58 86 18
86 33 18
F19
512
87 61 19
61 90 19
90 25 19
25 69 19
F20
512
87 61 20
61 90 20
90 25 20
25 69 20
F21
512
77 17 21
17 74 21
74 35 21
F22
512
15 24 22
24 96 22
96 9 22
F23
512
45 39 23
39 74 23
74 35 23
35 16 23
F24
512
66 86 24
86 58 24
F25
512
51 2 25
2 7 25
7 46 25
46 25 25
25 69 25
69 54 25
F26
512
8 96 26
96 13 26
13 12 26
12 32 26
F27
512
14 70 27
70 58 27
58 86 27
86 11 27
11 48 27
F28
512
53 70 28
70 58 28
58 86 28
86 33 28
33 84 28
F29
1024
68 23 29
23 58 29
58 86 29
86 33 29
F30
1024
60 85 30
85 27 30
27 25 30
25 88 30
88 61 30
F31
1024
77 17 31
17 74 31
74 35 31
F32
1024
14 70 32
70 58 32
58 86 32
86 11 32
11 48 32
F33
1024
31 52 33
52 66 33
66 86 33
86 71 33
F34
1024
95 70 34
70 58 34
58 86 34
86 43 34
F35
1024
31 52 35
52 66 35
66 86 35
86 71 35
F36
1024
51 2 36
2 7 36
7 46 36
46 25 36
25 69 36
69 54 36
F37
1024
92 16 37
16 35 37
35 74 37
74 22 37
22 67 37
F38
1024
66 86 38
86 58 38
F39
1024
53 70 39
70 58 39
58 86 39
86 33 39
33 84 39
F40
1024
27 25 40
25 88 40
88 6 40
