F1
256
19 82 1
82 25 1
25 88 1
88 6 1
6 2 1
F2
256
76 16 2
16 35 2
35 74 2
74 22 2
F3
256
38 35 3
35 74 3
74 22 3
22 57 3
F4
256
19 82 4
82 25 4
25 88 4
88 6 4
6 2 4
F5
256
20 17 5
17 74 5
74 29 5
29 91 5
F6
256
37 90 6
90 25 6
25 46 6
46 1 6
F7
256
100 8 7
8 96 7
96 75 7
F8
256
20 17 8
17 74 8
74 29 8
29 91 8
F9
256
88 25 9
25 82 9
82 89 9
F10
256
81 70 10
70 58 10
58 86 10
86 11 10
F11
256
5 18 11
18 6 11
6 88 11
88 25 11
25 69 11
69 54 11
F12
256
20 17 12
17 74 12
74 29 12
29 91 12
F13
512
77 17 13
17 74 13
74 35 13
F14
512
14 70 14
70 58 14
58 86 14
86 11 14
11 48 14
F15
512
87 61 15
61 90 15
90 25 15
25 69 15
F16
512
45 39 16
39 74 16
74 35 16
35 16 16
F17
512
15 24 17
24 96 17
96 9 17
F18
512
40 29 18
29 74 18
74 39 18
F19
512
76 16 19
16 35 19
35 74 19
74 22 19
F20
512
95 70 20
70 58 20
58 86 20
86 43 20
F21
512
50 39 21
39 74 21
74 63 21
F22
512
52 9 22
9 96 22
96 13 22
13 12 22
F23
512
81 70 23
70 58 23
58 86 23
86 11 23
F24
512
31 52 24
52 66 24
66 86 24
86 71 24
F25
512
76 16 25
16 35 25
35 74 25
74 22 25
F26
512
50 39 26
39 74 26
74 63 26
F27
512
7 46 27
46 25 27
25 26 27
26 97 27
F28
1024
10 42 28
42 91 28
91 29 28
29 74 28
74 39 28
39 94 28
94 83 28
F29
1024
7 46 29
46 25 29
25 26 29
26 97 29
F30
1024
7 46 30
46 25 30
25 26 30
26 97 30
F31
1024
82 25 31
25 46 31
F32
1024
30 36 32
36 20 32
20 96 32
96 13 32
F33
1024
77 17 33
17 74 33
74 35 33
F34
1024
55 63 34
63 74 34
74 22 34
22 67 34
67 28 34
F35
1024
77 17 35
17 74 35
74 35 35
F36
1024
3 1 36
1 7 36
7 88 36
88 25 36
25 26 36
F37
1024
55 63 37
63 74 37
74 22 37
22 67 37
67 28 37
F38
1024
15 24 38
24 96 38
96 9 38
F39
1024
59 40 39
40 29 39
29 74 39
74 94 39
94 98 39
F40
1024
51 2 40
2 7 40
7 46 40
46 25 40
25 69 40
69 54 40
