F1
256
53 70 1
70 58 1
58 86 1
86 33 1
33 84 1
F2
256
77 17 2
17 74 2
74 35 2
F3
256
30 36 3
36 20 3
20 96 3
96 13 3
F4
256
30 36 4
36 20 4
20 96 4
96 13 4
F5
256
87 61 5
61 90 5
90 25 5
25 69 5
F6
256
52 9 6
9 96 6
96 13 6
13 12 6
F7
256
41 76 7
76 16 7
16 35 7
35 74 7
74 29 7
F8
256
53 70 8
70 58 8
58 86 8
86 33 8
33 84 8
F9
256
92 16 9
16 35 9
35 74 9
74 22 9
22 67 9
F10
256
50 39 10
39 74 10
74 63 10
F11
256
17 74 11
74 79 11
F12
256
30 36 12
36 20 12
20 96 12
96 13 12
F13
256
37 90 13
90 25 13
25 46 13
46 1 13
F14
512
15 24 14
24 96 14
96 9 14
F15
512
59 40 15
40 29 15
29 74 15
74 94 15
94 98 15
F16
512
15 24 16
24 96 16
96 9 16
F17
512
30 36 17
36 20 17
20 96 17
96 13 17
F18
512
37 90 18
90 25 18
25 46 18
46 1 18
F19
512
55 63 19
63 74 19
74 22 19
22 67 19
67 28 19
F20
512
5 18 20
18 6 20
6 88 20
88 25 20
25 69 20
69 54 20
F21
512
3 1 21
1 7 21
7 88 21
88 25 21
25 26 21
F22
512
47 76 22
76 16 22
16 35 22
35 74 22
74 22 22
22 94 22
F23
512
51 2 23
2 7 23
7 46 23
46 25 23
25 69 23
69 54 23
F24
512
87 61 24
61 90 24
90 25 24
25 69 24
F25
512
78 71 25
71 86 25
86 43 25
43 72 25
F26
512
50 39 26
39 74 26
74 63 26
F27
512
88 25 27
25 82 27
82 89 27
F28
512
66 86 28
86 58 28
F29
512
92 16 29
16 35 29
35 74 29
74 22 29
22 67 29
F30
1024
60 85 30
85 27 30
27 25 30
25 88 30
88 61 30
F31
1024
19 82 31
82 25 31
25 88 31
88 6 31
6 2 31
F32
1024
76 16 32
16 35 32
35 74 32
74 22 32
F33
1024
24 96 33
96 20 33
20 80 33
F34
1024
87 61 34
61 90 34
90 25 34
25 69 34
F35
1024
10 42 35
42 91 35
91 29 35
29 74 35
74 39 35
39 94 35
94 83 35
F36
1024
5 18 36
18 6 36
6 88 36
88 25 36
25 69 36
69 54 36
F37
1024
87 61 37
61 90 37
90 25 37
25 69 37
F38
1024
4 3 38
3 1 38
1 46 38
46 25 38
25 26 38
26 34 38
F39
1024
82 25 39
25 46 39
F40
1024
76 16 40
16 35 40
35 74 40
74 22 40
