F1
256
76 16 1
16 35 1
35 74 1
74 22 1
F2
256
50 39 2
39 74 2
74 63 2
F3
256
24 96 3
96 20 3
20 80 3
F4
256
82 25 4
25 46 4
F5
256
88 25 5
25 82 5
82 89 5
F6
256
10 42 6
42 91 6
91 29 6
29 74 6
74 39 6
39 94 6
94 83 6
F7
256
88 25 7
25 82 7
82 89 7
F8
256
51 2 8
2 7 8
7 46 8
46 25 8
25 69 8
69 54 8
F9
256
68 23 9
23 58 9
58 86 9
86 33 9
F10
256
50 39 10
39 74 10
74 63 10
F11
256
87 61 11
61 90 11
90 25 11
25 69 11
F12
256
76 16 12
16 35 12
35 74 12
74 22 12
F13
512
15 24 13
24 96 13
96 9 13
F14
512
15 24 14
24 96 14
96 9 14
F15
512
45 39 15
39 74 15
74 35 15
35 16 15
F16
512
59 40 16
40 29 16
29 74 16
74 94 16
94 98 16
F17
512
7 46 17
46 25 17
25 26 17
26 97 17
F18
512
95 70 18
70 58 18
58 86 18
86 43 18
F19
512
92 16 19
16 35 19
35 74 19
74 22 19
22 67 19
F20
512
4 3 20
3 1 20
1 46 20
46 25 20
25 26 20
26 34 20
F21
512
87 61 21
61 90 21
90 25 21
25 69 21
F22
512
82 25 22
25 46 22
F23
512
20 17 23
17 74 23
74 29 23
29 91 23
F24
512
17 74 24
74 79 24
F25
1024
45 39 25
39 74 25
74 35 25
35 16 25
F26
1024
81 70 26
70 58 26
58 86 26
86 11 26
F27
1024
20 17 27
17 74 27
74 29 27
29 91 27
F28
1024
19 82 28
82 25 28
25 88 28
88 6 28
6 2 28
F29
1024
24 96 29
96 20 29
20 80 29
F30
1024
60 85 30
85 27 30
27 25 30
25 88 30
88 61 30
F31
1024
4 3 31
3 1 31
1 46 31
46 25 31
25 26 31
26 34 31
F32
1024
37 90 32
90 25 32
25 46 32
46 1 32
F33
1024
87 61 33
61 90 33
90 25 33
25 69 33
F34
1024
5 18 34
18 6 34
6 88 34
88 25 34
25 69 34
69 54 34
F35
1024
59 40 35
40 29 35
29 74 35
74 94 35
94 98 35
F36
1024
24 96 36
96 20 36
20 80 36
F37
1024
8 96 37
96 13 37
13 12 37
12 32 37
F38
1024
17 74 38
74 79 38
F39
1024
10 42 39
42 91 39
91 29 39
29 74 39
74 39 39
39 94 39
94 83 39
F40
1024
95 70 40
70 58 40
58 86 40
86 43 40
