F1
256
17 74 1
74 79 1
F2
256
14 70 2
70 58 2
58 86 2
86 11 2
11 48 2
F3
256
100 8 3
8 96 3
96 75 3
F4
256
55 63 4
63 74 4
74 22 4
22 67 4
67 28 4
F5
256
82 25 5
25 46 5
F6
256
68 23 6
23 58 6
58 86 6
86 33 6
F7
256
10 42 7
42 91 7
91 29 7
29 74 7
74 39 7
39 94 7
94 83 7
F8
256
87 61 8
61 90 8
90 25 8
25 69 8
F9
256
30 36 9
36 20 9
20 96 9
96 13 9
F10
256
38 35 10
35 74 10
74 22 10
22 57 10
F11
256
14 70 11
70 58 11
58 86 11
86 11 11
11 48 11
F12
256
66 86 12
86 58 12
F13
256
100 8 13
8 96 13
96 75 13
F14
256
82 25 14
25 46 14
F15
256
81 70 15
70 58 15
58 86 15
86 11 15
F16
256
51 2 16
2 7 16
7 46 16
46 25 16
25 69 16
69 54 16
F17
256
15 24 17
24 96 17
96 9 17
F18
256
76 16 18
16 35 18
35 74 18
74 22 18
F19
512
92 16 19
16 35 19
35 74 19
74 22 19
22 67 19
F20
512
66 86 20
86 58 20
F21
512
87 61 21
61 90 21
90 25 21
25 69 21
F22
512
17 74 22
74 79 22
F23
512
20 17 23
17 74 23
74 29 23
29 91 23
F24
512
27 25 24
25 88 24
88 6 24
F25
512
20 17 25
17 74 25
74 29 25
29 91 25
F26
512
82 25 26
25 46 26
F27
512
82 25 27
25 46 27
F28
512
82 25 28
25 46 28
F29
512
31 52 29
52 66 29
66 86 29
86 71 29
F30
1024
30 36 30
36 20 30
20 96 30
96 13 30
F31
1024
87 61 31
61 90 31
90 25 31
25 69 31
F32
1024
37 90 32
90 25 32
25 46 32
46 1 32
F33
1024
53 70 33
70 58 33
58 86 33
86 33 33
33 84 33
F34
1024
15 24 34
24 96 34
96 9 34
F35
1024
27 25 35
25 88 35
88 6 35
F36
1024
60 85 36
85 27 36
27 25 36
25 88 36
88 61 36
F37
1024
59 40 37
40 29 37
29 74 37
74 94 37
94 98 37
F38
1024
51 2 38
2 7 38
7 46 38
46 25 38
25 69 38
69 54 38
F39
1024
19 82 39
82 25 39
25 88 39
88 6 39
6 2 39
F40
1024
27 25 40
25 88 40
88 6 40
