F1
256
52 9 1
9 96 1
96 13 1
13 12 1
F2
256
66 86 2
86 58 2
F3
256
8 96 3
96 13 3
13 12 3
12 32 3
F4
256
3 1 4
1 7 4
7 88 4
88 25 4
25 26 4
F5
256
45 39 5
39 74 5
74 35 5
35 16 5
F6
256
47 76 6
76 16 6
16 35 6
35 74 6
74 22 6
22 94 6
F7
256
78 71 7
71 86 7
86 43 7
43 72 7
F8
256
27 25 8
25 88 8
88 6 8
F9
256
77 17 9
17 74 9
74 35 9
F10
256
77 17 10
17 74 10
74 35 10
F11
512
76 16 11
16 35 11
35 74 11
74 22 11
F12
512
4 3 12
3 1 12
1 46 12
46 25 12
25 26 12
26 34 12
F13
512
19 82 13
82 25 13
25 88 13
88 6 13
6 2 13
F14
512
3 1 14
1 7 14
7 88 14
88 25 14
25 26 14
F15
512
40 29 15
29 74 15
74 39 15
F16
512
38 35 16
35 74 16
74 22 16
22 57 16
F17
512
95 70 17
70 58 17
58 86 17
86 43 17
F18
512
4 3 18
3 1 18
1 46 18
46 25 18
25 26 18
26 34 18
F19
512
37 90 19
90 25 19
25 46 19
46 1 19
F20
512
45 39 20
39 74 20
74 35 20
35 16 20
F21
512
8 96 21
96 13 21
13 12 21
12 32 21
F22
512
37 90 22
90 25 22
25 46 22
46 1 22
F23
512
81 70 23
70 58 23
58 86 23
86 11 23
F24
512
10 42 24
42 91 24
91 29 24
29 74 24
74 39 24
39 94 24
94 83 24
F25
1024
5 18 25
18 6 25
6 88 25
88 25 25
25 69 25
69 54 25
F26
1024
30 36 26
36 20 26
20 96 26
96 13 26
F27
1024
10 42 27
42 91 27
91 29 27
29 74 27
74 39 27
39 94 27
94 83 27
F28
1024
81 70 28
70 58 28
58 86 28
86 11 28
F29
1024
41 76 29
76 16 29
16 35 29
35 74 29
74 29 29
F30
1024
27 25 30
25 88 30
88 6 30
F31
1024
59 40 31
40 29 31
29 74 31
74 94 31
94 98 31
F32
1024
47 76 32
76 16 32
16 35 32
35 74 32
74 22 32
22 94 32
F33
1024
19 82 33
82 25 33
25 88 33
88 6 33
6 2 33
F34
1024
53 70 34
70 58 34
58 86 34
86 33 34
33 84 34
F35
1024
41 76 35
76 16 35
16 35 35
35 74 35
74 29 35
F36
1024
82 25 36
25 46 36
F37
1024
14 70 37
70 58 37
58 86 37
86 11 37
11 48 37
F38
1024
3 1 38
1 7 38
7 88 38
88 25 38
25 26 38
F39
1024
15 24 39
24 96 39
96 9 39
F40
1024
82 25 40
25 46 40
