F1
256
37 90 1
90 25 1
25 46 1
46 1 1
F2
256
81 70 2
70 58 2
58 86 2
86 11 2
F3
256
68 23 3
23 58 3
58 86 3
86 33 3
F4
256
88 25 4
25 82 4
82 89 4
F5
256
7 46 5
46 25 5
25 26 5
26 97 5
F6
256
92 16 6
16 35 6
35 74 6
74 22 6
22 67 6
F7
256
31 52 7
52 66 7
66 86 7
86 71 7
F8
256
30 36 8
36 20 8
20 96 8
96 13 8
F9
256
53 70 9
70 58 9
58 86 9
86 33 9
33 84 9
F10
256
53 70 10
70 58 10
58 86 10
86 33 10
33 84 10
F11
256
19 82 11
82 25 11
25 88 11
88 6 11
6 2 11
F12
256
45 39 12
39 74 12
74 35 12
35 16 12
F13
256
53 70 13
70 58 13
58 86 13
86 33 13
33 84 13
F14
512
20 17 14
17 74 14
74 29 14
29 91 14
F15
512
27 25 15
25 88 15
88 6 15
F16
512
14 70 16
70 58 16
58 86 16
86 11 16
11 48 16
F17
512
30 36 17
36 20 17
20 96 17
96 13 17
F18
512
45 39 18
39 74 18
74 35 18
35 16 18
F19
512
100 8 19
8 96 19
96 75 19
F20
512
45 39 20
39 74 20
74 35 20
35 16 20
F21
512
45 39 21
39 74 21
74 35 21
35 16 21
F22
512
87 61 22
61 90 22
90 25 22
25 69 22
F23
512
60 85 23
85 27 23
27 25 23
25 88 23
88 61 23
F24
512
5 18 24
18 6 24
6 88 24
88 25 24
25 69 24
69 54 24
F25
512
92 16 25
16 35 25
35 74 25
74 22 25
22 67 25
F26
512
30 36 26
36 20 26
20 96 26
96 13 26
F27
1024
31 52 27
52 66 27
66 86 27
86 71 27
F28
1024
7 46 28
46 25 28
25 26 28
26 97 28
F29
1024
17 74 29
74 79 29
F30
1024
40 29 30
29 74 30
74 39 30
F31
1024
51 2 31
2 7 31
7 46 31
46 25 31
25 69 31
69 54 31
F32
1024
77 17 32
17 74 32
74 35 32
F33
1024
100 8 33
8 96 33
96 75 33
F34
1024
52 9 34
9 96 34
96 13 34
13 12 34
F35
1024
82 25 35
25 46 35
F36
1024
30 36 36
36 20 36
20 96 36
96 13 36
F37
1024
40 29 37
29 74 37
74 39 37
F38
1024
37 90 38
90 25 38
25 46 38
46 1 38
F39
1024
87 61 39
61 90 39
90 25 39
25 69 39
F40
1024
20 17 40
17 74 40
74 29 40
29 91 40
