F1
256
30 36 1
36 20 1
20 96 1
96 13 1
F2
256
38 35 2
35 74 2
74 22 2
22 57 2
F3
256
52 9 3
9 96 3
96 13 3
13 12 3
F4
256
88 25 4
25 82 4
82 89 4
F5
256
95 70 5
70 58 5
58 86 5
86 43 5
F6
256
81 70 6
70 58 6
58 86 6
86 11 6
F7
256
50 39 7
39 74 7
74 63 7
F8
256
76 16 8
16 35 8
35 74 8
74 22 8
F9
256
82 25 9
25 46 9
F10
256
78 71 10
71 86 10
86 43 10
43 72 10
F11
256
45 39 11
39 74 11
74 35 11
35 16 11
F12
256
51 2 12
2 7 12
7 46 12
46 25 12
25 69 12
69 54 12
F13
256
95 70 13
70 58 13
58 86 13
86 43 13
F14
256
10 42 14
42 91 14
91 29 14
29 74 14
74 39 14
39 94 14
94 83 14
F15
512
24 96 15
96 20 15
20 80 15
F16
512
10 42 16
42 91 16
91 29 16
29 74 16
74 39 16
39 94 16
94 83 16
F17
512
15 24 17
24 96 17
96 9 17
F18
512
24 96 18
96 20 18
20 80 18
F19
512
95 70 19
70 58 19
58 86 19
86 43 19
F20
512
77 17 20
17 74 20
74 35 20
F21
512
31 52 21
52 66 21
66 86 21
86 71 21
F22
512
87 61 22
61 90 22
90 25 22
25 69 22
F23
512
76 16 23
16 35 23
35 74 23
74 22 23
F24
512
14 70 24
70 58 24
58 86 24
86 11 24
11 48 24
F25
512
24 96 25
96 20 25
20 80 25
F26
512
30 36 26
36 20 26
20 96 26
96 13 26
F27
512
24 96 27
96 20 27
20 80 27
F28
512
7 46 28
46 25 28
25 26 28
26 97 28
F29
512
40 29 29
29 74 29
74 39 29
F30
1024
27 25 30
25 88 30
88 6 30
F31
1024
40 29 31
29 74 31
74 39 31
F32
1024
19 82 32
82 25 32
25 88 32
88 6 32
6 2 32
F33
1024
78 71 33
71 86 33
86 43 33
43 72 33
F34
1024
27 25 34
25 88 34
88 6 34
F35
1024
27 25 35
25 88 35
88 6 35
F36
1024
5 18 36
18 6 36
6 88 36
88 25 36
25 69 36
69 54 36
F37
1024
81 70 37
70 58 37
58 86 37
86 11 37
F38
1024
15 24 38
24 96 38
96 9 38
F39
1024
30 36 39
36 20 39
20 96 39
96 13 39
F40
1024
30 36 40
36 20 40
20 96 40
96 13 40
