F1
256
76 16 1
16 35 1
35 74 1
74 22 1
F2
256
40 29 2
29 74 2
74 39 2
F3
256
4 3 3
3 1 3
1 46 3
46 25 3
25 26 3
26 34 3
F4
256
7 46 4
46 25 4
25 26 4
26 97 4
F5
256
20 17 5
17 74 5
74 29 5
29 91 5
F6
256
7 46 6
46 25 6
25 26 6
26 97 6
F7
256
10 42 7
42 91 7
91 29 7
29 74 7
74 39 7
39 94 7
94 83 7
F8
256
82 25 8
25 46 8
F9
256
66 86 9
86 58 9
F10
256
76 16 10
16 35 10
35 74 10
74 22 10
F11
256
8 96 11
96 13 11
13 12 11
12 32 11
F12
256
60 85 12
85 27 12
27 25 12
25 88 12
88 61 12
F13
256
47 76 13
76 16 13
16 35 13
35 74 13
74 22 13
22 94 13
F14
256
45 39 14
39 74 14
74 35 14
35 16 14
F15
512
40 29 15
29 74 15
74 39 15
F16
512
15 24 16
24 96 16
96 9 16
F17
512
100 8 17
8 96 17
96 75 17
F18
512
30 36 18
36 20 18
20 96 18
96 13 18
F19
512
4 3 19
3 1 19
1 46 19
46 25 19
25 26 19
26 34 19
F20
512
27 25 20
25 88 20
88 6 20
F21
512
66 86 21
86 58 21
F22
512
5 18 22
18 6 22
6 88 22
88 25 22
25 69 22
69 54 22
F23
512
81 70 23
70 58 23
58 86 23
86 11 23
F24
512
60 85 24
85 27 24
27 25 24
25 88 24
88 61 24
F25
1024
87 61 25
61 90 25
90 25 25
25 69 25
F26
1024
8 96 26
96 13 26
13 12 26
12 32 26
F27
1024
66 86 27
86 58 27
F28
1024
47 76 28
76 16 28
16 35 28
35 74 28
74 22 28
22 94 28
F29
1024
45 39 29
39 74 29
74 35 29
35 16 29
F30
1024
68 23 30
23 58 30
58 86 30
86 33 30
F31
1024
55 63 31
63 74 31
74 22 31
22 67 31
67 28 31
F32
1024
52 9 32
9 96 32
96 13 32
13 12 32
F33
1024
77 17 33
17 74 33
74 35 33
F34
1024
8 96 34
96 13 34
13 12 34
12 32 34
F35
1024
17 74 35
74 79 35
F36
1024
41 76 36
76 16 36
16 35 36
35 74 36
74 29 36
F37
1024
81 70 37
70 58 37
58 86 37
86 11 37
F38
1024
8 96 38
96 13 38
13 12 38
12 32 38
F39
1024
59 40 39
40 29 39
29 74 39
74 94 39
94 98 39
F40
1024
8 96 40
96 13 40
13 12 40
12 32 40
