F1
256
14 70 1
70 58 1
58 86 1
86 11 1
11 48 1
F2
256
66 86 2
86 58 2
F3
256
66 86 3
86 58 3
F4
256
15 24 4
24 96 4
96 9 4
F5
256
7 46 5
46 25 5
25 26 5
26 97 5
F6
256
95 70 6
70 58 6
58 86 6
86 43 6
F7
256
92 16 7
16 35 7
35 74 7
74 22 7
22 67 7
F8
256
59 40 8
40 29 8
29 74 8
74 94 8
94 98 8
F9
256
31 52 9
52 66 9
66 86 9
86 71 9
F10
256
68 23 10
23 58 10
58 86 10
86 33 10
F11
256
38 35 11
35 74 11
74 22 11
22 57 11
F12
512
92 16 12
16 35 12
35 74 12
74 22 12
22 67 12
F13
512
51 2 13
2 7 13
7 46 13
46 25 13
25 69 13
69 54 13
F14
512
68 23 14
23 58 14
58 86 14
86 33 14
F15
512
14 70 15
70 58 15
58 86 15
86 11 15
11 48 15
F16
512
95 70 16
70 58 16
58 86 16
86 43 16
F17
512
76 16 17
16 35 17
35 74 17
74 22 17
F18
512
47 76 18
76 16 18
16 35 18
35 74 18
74 22 18
22 94 18
F19
512
19 82 19
82 25 19
25 88 19
88 6 19
6 2 19
F20
512
3 1 20
1 7 20
7 88 20
88 25 20
25 26 20
F21
512
68 23 21
23 58 21
58 86 21
86 33 21
F22
512
10 42 22
42 91 22
91 29 22
29 74 22
74 39 22
39 94 22
94 83 22
F23
512
45 39 23
39 74 23
74 35 23
35 16 23
F24
512
5 18 24
18 6 24
6 88 24
88 25 24
25 69 24
69 54 24
F25
512
27 25 25
25 88 25
88 6 25
F26
512
10 42 26
42 91 26
91 29 26
29 74 26
74 39 26
39 94 26
94 83 26
F27
512
17 74 27
74 79 27
F28
512
17 74 28
74 79 28
F29
1024
37 90 29
90 25 29
25 46 29
46 1 29
F30
1024
60 85 30
85 27 30
27 25 30
25 88 30
88 61 30
F31
1024
82 25 31
25 46 31
F32
1024
38 35 32
35 74 32
74 22 32
22 57 32
F33
1024
3 1 33
1 7 33
7 88 33
88 25 33
25 26 33
F34
1024
14 70 34
70 58 34
58 86 34
86 11 34
11 48 34
F35
1024
87 61 35
61 90 35
90 25 35
25 69 35
F36
1024
53 70 36
70 58 36
58 86 36
86 33 36
33 84 36
F37
1024
87 61 37
61 90 37
90 25 37
25 69 37
F38
1024
53 70 38
70 58 38
58 86 38
86 33 38
33 84 38
F39
1024
50 39 39
39 74 39
74 63 39
F40
1024
45 39 40
39 74 40
74 35 40
35 16 40
