F1
256
81 70 1
70 58 1
58 86 1
86 11 1
F2
256
7 46 2
46 25 2
25 26 2
26 97 2
F3
256
8 96 3
96 13 3
13 12 3
12 32 3
F4
256
27 25 4
25 88 4
88 6 4
F5
256
45 39 5
39 74 5
74 35 5
35 16 5
F6
256
52 9 6
9 96 6
96 13 6
13 12 6
F7
256
14 70 7
70 58 7
58 86 7
86 11 7
11 48 7
F8
256
68 23 8
23 58 8
58 86 8
86 33 8
F9
256
95 70 9
70 58 9
58 86 9
86 43 9
F10
256
27 25 10
25 88 10
88 6 10
F11
256
68 23 11
23 58 11
58 86 11
86 33 11
F12
256
45 39 12
39 74 12
74 35 12
35 16 12
F13
256
17 74 13
74 79 13
F14
512
41 76 14
76 16 14
16 35 14
35 74 14
74 29 14
F15
512
24 96 15
96 20 15
20 80 15
F16
512
55 63 16
63 74 16
74 22 16
22 67 16
67 28 16
F17
512
100 8 17
8 96 17
96 75 17
F18
512
100 8 18
8 96 18
96 75 18
F19
512
19 82 19
82 25 19
25 88 19
88 6 19
6 2 19
F20
512
81 70 20
70 58 20
58 86 20
86 11 20
F21
512
51 2 21
2 7 21
7 46 21
46 25 21
25 69 21
69 54 21
F22
512
37 90 22
90 25 22
25 46 22
46 1 22
F23
512
20 17 23
17 74 23
74 29 23
29 91 23
F24
1024
81 70 24
70 58 24
58 86 24
86 11 24
F25
1024
81 70 25
70 58 25
58 86 25
86 11 25
F26
1024
41 76 26
76 16 26
16 35 26
35 74 26
74 29 26
F27
1024
4 3 27
3 1 27
1 46 27
46 25 27
25 26 27
26 34 27
F28
1024
31 52 28
52 66 28
66 86 28
86 71 28
F29
1024
5 18 29
18 6 29
6 88 29
88 25 29
25 69 29
69 54 29
F30
1024
77 17 30
17 74 30
74 35 30
F31
1024
59 40 31
40 29 31
29 74 31
74 94 31
94 98 31
F32
1024
95 70 32
70 58 32
58 86 32
86 43 32
F33
1024
30 36 33
36 20 33
20 96 33
96 13 33
F34
1024
68 23 34
23 58 34
58 86 34
86 33 34
F35
1024
37 90 35
90 25 35
25 46 35
46 1 35
F36
1024
92 16 36
16 35 36
35 74 36
74 22 36
22 67 36
F37
1024
92 16 37
16 35 37
35 74 37
74 22 37
22 67 37
F38
1024
45 39 38
39 74 38
74 35 38
35 16 38
F39
1024
81 70 39
70 58 39
58 86 39
86 11 39
F40
1024
45 39 40
39 74 40
74 35 40
35 16 40
