F1
256
92 16 1
16 35 1
35 74 1
74 22 1
22 67 1
F2
256
40 29 2
29 74 2
74 39 2
F3
256
15 24 3
24 96 3
96 9 3
F4
256
88 25 4
25 82 4
82 89 4
F5
256
47 76 5
76 16 5
16 35 5
35 74 5
74 22 5
22 94 5
F6
256
60 85 6
85 27 6
27 25 6
25 88 6
88 61 6
F7
256
59 40 7
40 29 7
29 74 7
74 94 7
94 98 7
F8
256
52 9 8
9 96 8
96 13 8
13 12 8
F9
256
31 52 9
52 66 9
66 86 9
86 71 9
F10
256
5 18 10
18 6 10
6 88 10
88 25 10
25 69 10
69 54 10
F11
256
77 17 11
17 74 11
74 35 11
F12
256
82 25 12
25 46 12
F13
256
10 42 13
42 91 13
91 29 13
29 74 13
74 39 13
39 94 13
94 83 13
F14
256
3 1 14
1 7 14
7 88 14
88 25 14
25 26 14
F15
256
8 96 15
96 13 15
13 12 15
12 32 15
F16
512
87 61 16
61 90 16
90 25 16
25 69 16
F17
512
51 2 17
2 7 17
7 46 17
46 25 17
25 69 17
69 54 17
F18
512
50 39 18
39 74 18
74 63 18
F19
512
27 25 19
25 88 19
88 6 19
F20
512
41 76 20
76 16 20
16 35 20
35 74 20
74 29 20
F21
512
14 70 21
70 58 21
58 86 21
86 11 21
11 48 21
F22
512
55 63 22
63 74 22
74 22 22
22 67 22
67 28 22
F23
512
47 76 23
76 16 23
16 35 23
35 74 23
74 22 23
22 94 23
F24
512
4 3 24
3 1 24
1 46 24
46 25 24
25 26 24
26 34 24
F25
512
55 63 25
63 74 25
74 22 25
22 67 25
67 28 25
F26
512
76 16 26
16 35 26
35 74 26
74 22 26
F27
512
51 2 27
2 7 27
7 46 27
46 25 27
25 69 27
69 54 27
F28
1024
30 36 28
36 20 28
20 96 28
96 13 28
F29
1024
88 25 29
25 82 29
82 89 29
F30
1024
38 35 30
35 74 30
74 22 30
22 57 30
F31
1024
5 18 31
18 6 31
6 88 31
88 25 31
25 69 31
69 54 31
F32
1024
14 70 32
70 58 32
58 86 32
86 11 32
11 48 32
F33
1024
19 82 33
82 25 33
25 88 33
88 6 33
6 2 33
F34
1024
7 46 34
46 25 34
25 26 34
26 97 34
F35
1024
59 40 35
40 29 35
29 74 35
74 94 35
94 98 35
F36
1024
78 71 36
71 86 36
86 43 36
43 72 36
F37
1024
95 70 37
70 58 37
58 86 37
86 43 37
F38
1024
7 46 38
46 25 38
25 26 38
26 97 38
F39
1024
27 25 39
25 88 39
88 6 39
F40
1024
78 71 40
71 86 40
86 43 40
43 72 40
