F1
256
53 70 1
70 58 1
58 86 1
86 33 1
33 84 1
F2
256
52 9 2
9 96 2
96 13 2
13 12 2
F3
256
38 35 3
35 74 3
74 22 3
22 57 3
F4
256
81 70 4
70 58 4
58 86 4
86 11 4
F5
256
41 76 5
76 16 5
16 35 5
35 74 5
74 29 5
F6
256
77 17 6
17 74 6
74 35 6
F7
256
100 8 7
8 96 7
96 75 7
F8
256
51 2 8
2 7 8
7 46 8
46 25 8
25 69 8
69 54 8
F9
256
24 96 9
96 20 9
20 80 9
F10
256
47 76 10
76 16 10
16 35 10
35 74 10
74 22 10
22 94 10
F11
256
38 35 11
35 74 11
74 22 11
22 57 11
F12
256
38 35 12
35 74 12
74 22 12
22 57 12
F13
256
40 29 13
29 74 13
74 39 13
F14
256
7 46 14
46 25 14
25 26 14
26 97 14
F15
512
53 70 15
70 58 15
58 86 15
86 33 15
33 84 15
F16
512
60 85 16
85 27 16
27 25 16
25 88 16
88 61 16
F17
512
78 71 17
71 86 17
86 43 17
43 72 17
F18
512
51 2 18
2 7 18
7 46 18
46 25 18
25 69 18
69 54 18
F19
512
78 71 19
71 86 19
86 43 19
43 72 19
F20
512
40 29 20
29 74 20
74 39 20
F21
512
10 42 21
42 91 21
91 29 21
29 74 21
74 39 21
39 94 21
94 83 21
F22
512
24 96 22
96 20 22
20 80 22
F23
512
10 42 23
42 91 23
91 29 23
29 74 23
74 39 23
39 94 23
94 83 23
F24
512
24 96 24
96 20 24
20 80 24
F25
512
51 2 25
2 7 25
7 46 25
46 25 25
25 69 25
69 54 25
F26
512
4 3 26
3 1 26
1 46 26
46 25 26
25 26 26
26 34 26
F27
512
59 40 27
40 29 27
29 74 27
74 94 27
94 98 27
F28
512
47 76 28
76 16 28
16 35 28
35 74 28
74 22 28
22 94 28
F29
512
31 52 29
52 66 29
66 86 29
86 71 29
F30
1024
14 70 30
70 58 30
58 86 30
86 11 30
11 48 30
F31
1024
76 16 31
16 35 31
35 74 31
74 22 31
F32
1024
3 1 32
1 7 32
7 88 32
88 25 32
25 26 32
F33
1024
87 61 33
61 90 33
90 25 33
25 69 33
F34
1024
38 35 34
35 74 34
74 22 34
22 57 34
F35
1024
3 1 35
1 7 35
7 88 35
88 25 35
25 26 35
F36
1024
14 70 36
70 58 36
58 86 36
86 11 36
11 48 36
F37
1024
51 2 37
2 7 37
7 46 37
46 25 37
25 69 37
69 54 37
F38
1024
52 9 38
9 96 38
96 13 38
13 12 38
F39
1024
31 52 39
52 66 39
66 86 39
86 71 39
F40
1024
53 70 40
70 58 40
58 86 40
86 33 40
33 84 40
