F1
256
8 96 1
96 13 1
13 12 1
12 32 1
F2
256
95 70 2
70 58 2
58 86 2
86 43 2
F3
256
92 16 3
16 35 3
35 74 3
74 22 3
22 67 3
F4
256
66 86 4
86 58 4
F5
256
10 42 5
42 91 5
91 29 5
29 74 5
74 39 5
39 94 5
94 83 5
F6
256
24 96 6
96 20 6
20 80 6
F7
256
14 70 7
70 58 7
58 86 7
86 11 7
11 48 7
F8
256
40 29 8
29 74 8
74 39 8
F9
256
68 23 9
23 58 9
58 86 9
86 33 9
F10
256
68 23 10
23 58 10
58 86 10
86 33 10
F11
256
52 9 11
9 96 11
96 13 11
13 12 11
F12
256
78 71 12
71 86 12
86 43 12
43 72 12
F13
256
8 96 13
96 13 13
13 12 13
12 32 13
F14
256
87 61 14
61 90 14
90 25 14
25 69 14
F15
256
47 76 15
76 16 15
16 35 15
35 74 15
74 22 15
22 94 15
F16
256
5 18 16
18 6 16
6 88 16
88 25 16
25 69 16
69 54 16
F17
512
27 25 17
25 88 17
88 6 17
F18
512
27 25 18
25 88 18
88 6 18
F19
512
15 24 19
24 96 19
96 9 19
F20
512
82 25 20
25 46 20
F21
512
31 52 21
52 66 21
66 86 21
86 71 21
F22
512
77 17 22
17 74 22
74 35 22
F23
512
40 29 23
29 74 23
74 39 23
F24
512
82 25 24
25 46 24
F25
512
15 24 25
24 96 25
96 9 25
F26
512
88 25 26
25 82 26
82 89 26
F27
512
37 90 27
90 25 27
25 46 27
46 1 27
F28
512
55 63 28
63 74 28
74 22 28
22 67 28
67 28 28
F29
512
47 76 29
76 16 29
16 35 29
35 74 29
74 22 29
22 94 29
F30
512
52 9 30
9 96 30
96 13 30
13 12 30
F31
512
53 70 31
70 58 31
58 86 31
86 33 31
33 84 31
F32
512
66 86 32
86 58 32
F33
1024
55 63 33
63 74 33
74 22 33
22 67 33
67 28 33
F34
1024
60 85 34
85 27 34
27 25 34
25 88 34
88 61 34
F35
1024
87 61 35
61 90 35
90 25 35
25 69 35
F36
1024
82 25 36
25 46 36
F37
1024
20 17 37
17 74 37
74 29 37
29 91 37
F38
1024
4 3 38
3 1 38
1 46 38
46 25 38
25 26 38
26 34 38
F39
1024
50 39 39
39 74 39
74 63 39
F40
1024
31 52 40
52 66 40
66 86 40
86 71 40
