F1
256
17 74 1
74 79 1
F2
256
24 96 2
96 20 2
20 80 2
F3
256
38 35 3
35 74 3
74 22 3
22 57 3
F4
256
27 25 4
25 88 4
88 6 4
F5
256
15 24 5
24 96 5
96 9 5
F6
256
4 3 6
3 1 6
1 46 6
46 25 6
25 26 6
26 34 6
F7
256
3 1 7
1 7 7
7 88 7
88 25 7
25 26 7
F8
256
55 63 8
63 74 8
74 22 8
22 67 8
67 28 8
F9
256
51 2 9
2 7 9
7 46 9
46 25 9
25 69 9
69 54 9
F10
256
76 16 10
16 35 10
35 74 10
74 22 10
F11
256
68 23 11
23 58 11
58 86 11
86 33 11
F12
256
52 9 12
9 96 12
96 13 12
13 12 12
F13
512
10 42 13
42 91 13
91 29 13
29 74 13
74 39 13
39 94 13
94 83 13
F14
512
100 8 14
8 96 14
96 75 14
F15
512
53 70 15
70 58 15
58 86 15
86 33 15
33 84 15
F16
512
66 86 16
86 58 16
F17
512
53 70 17
70 58 17
58 86 17
86 33 17
33 84 17
F18
512
51 2 18
2 7 18
7 46 18
46 25 18
25 69 18
69 54 18
F19
512
5 18 19
18 6 19
6 88 19
88 25 19
25 69 19
69 54 19
F20
512
40 29 20
29 74 20
74 39 20
F21
512
17 74 21
74 79 21
F22
512
77 17 22
17 74 22
74 35 22
F23
512
78 71 23
71 86 23
86 43 23
43 72 23
F24
1024
4 3 24
3 1 24
1 46 24
46 25 24
25 26 24
26 34 24
F25
1024
14 70 25
70 58 25
58 86 25
86 11 25
11 48 25
F26
1024
95 70 26
70 58 26
58 86 26
86 43 26
F27
1024
66 86 27
86 58 27
F28
1024
45 39 28
39 74 28
74 35 28
35 16 28
F29
1024
10 42 29
42 91 29
91 29 29
29 74 29
74 39 29
39 94 29
94 83 29
F30
1024
60 85 30
85 27 30
27 25 30
25 88 30
88 61 30
F31
1024
52 9 31
9 96 31
96 13 31
13 12 31
F32
1024
14 70 32
70 58 32
58 86 32
86 11 32
11 48 32
F33
1024
14 70 33
70 58 33
58 86 33
86 11 33
11 48 33
F34
1024
14 70 34
70 58 34
58 86 34
86 11 34
11 48 34
F35
1024
3 1 35
1 7 35
7 88 35
88 25 35
25 26 35
F36
1024
100 8 36
8 96 36
96 75 36
F37
1024
88 25 37
25 82 37
82 89 37
F38
1024
38 35 38
35 74 38
74 22 38
22 57 38
F39
1024
87 61 39
61 90 39
90 25 39
25 69 39
F40
1024
51 2 40
2 7 40
7 46 40
46 25 40
25 69 40
69 54 40
