F1
256
78 71 1
71 86 1
86 43 1
43 72 1
F2
256
76 16 2
16 35 2
35 74 2
74 22 2
F3
256
37 90 3
90 25 3
25 46 3
46 1 3
F4
256
55 63 4
63 74 4
74 22 4
22 67 4
67 28 4
F5
256
40 29 5
29 74 5
74 39 5
F6
256
52 9 6
9 96 6
96 13 6
13 12 6
F7
256
8 96 7
96 13 7
13 12 7
12 32 7
F8
256
82 25 8
25 46 8
F9
256
14 70 9
70 58 9
58 86 9
86 11 9
11 48 9
F10
256
53 70 10
70 58 10
58 86 10
86 33 10
33 84 10
F11
512
82 25 11
25 46 11
F12
512
31 52 12
52 66 12
66 86 12
86 71 12
F13
512
14 70 13
70 58 13
58 86 13
86 11 13
11 48 13
F14
512
81 70 14
70 58 14
58 86 14
86 11 14
F15
512
27 25 15
25 88 15
88 6 15
F16
512
7 46 16
46 25 16
25 26 16
26 97 16
F17
512
15 24 17
24 96 17
96 9 17
F18
512
59 40 18
40 29 18
29 74 18
74 94 18
94 98 18
F19
512
10 42 19
42 91 19
91 29 19
29 74 19
74 39 19
39 94 19
94 83 19
F20
512
4 3 20
3 1 20
1 46 20
46 25 20
25 26 20
26 34 20
F21
512
82 25 21
25 46 21
F22
512
31 52 22
52 66 22
66 86 22
86 71 22
F23
512
15 24 23
24 96 23
96 9 23
F24
1024
14 70 24
70 58 24
58 86 24
86 11 24
11 48 24
F25
1024
76 16 25
16 35 25
35 74 25
74 22 25
F26
1024
15 24 26
24 96 26
96 9 26
F27
1024
77 17 27
17 74 27
74 35 27
F28
1024
17 74 28
74 79 28
F29
1024
14 70 29
70 58 29
58 86 29
86 11 29
11 48 29
F30
1024
15 24 30
24 96 30
96 9 30
F31
1024
51 2 31
2 7 31
7 46 31
46 25 31
25 69 31
69 54 31
F32
1024
8 96 32
96 13 32
13 12 32
12 32 32
F33
1024
95 70 33
70 58 33
58 86 33
86 43 33
F34
1024
38 35 34
35 74 34
74 22 34
22 57 34
F35
1024
81 70 35
70 58 35
58 86 35
86 11 35
F36
1024
3 1 36
1 7 36
7 88 36
88 25 36
25 26 36
F37
1024
77 17 37
17 74 37
74 35 37
F38
1024
47 76 38
76 16 38
16 35 38
35 74 38
74 22 38
22 94 38
F39
1024
7 46 39
46 25 39
25 26 39
26 97 39
F40
1024
76 16 40
16 35 40
35 74 40
74 22 40
