F1
256
10 42 1
42 91 1
91 29 1
29 74 1
74 39 1
39 94 1
94 83 1
F2
256
87 61 2
61 90 2
90 25 2
25 69 2
F3
256
10 42 3
42 91 3
91 29 3
29 74 3
74 39 3
39 94 3
94 83 3
F4
256
55 63 4
63 74 4
74 22 4
22 67 4
67 28 4
F5
256
68 23 5
23 58 5
58 86 5
86 33 5
F6
256
5 18 6
18 6 6
6 88 6
88 25 6
25 69 6
69 54 6
F7
256
20 17 7
17 74 7
74 29 7
29 91 7
F8
256
14 70 8
70 58 8
58 86 8
86 11 8
11 48 8
F9
256
50 39 9
39 74 9
74 63 9
F10
256
31 52 10
52 66 10
66 86 10
86 71 10
F11
256
14 70 11
70 58 11
58 86 11
86 11 11
11 48 11
F12
256
8 96 12
96 13 12
13 12 12
12 32 12
F13
256
100 8 13
8 96 13
96 75 13
F14
256
92 16 14
16 35 14
35 74 14
74 22 14
22 67 14
F15
512
100 8 15
8 96 15
96 75 15
F16
512
100 8 16
8 96 16
96 75 16
F17
512
5 18 17
18 6 17
6 88 17
88 25 17
25 69 17
69 54 17
F18
512
19 82 18
82 25 18
25 88 18
88 6 18
6 2 18
F19
512
78 71 19
71 86 19
86 43 19
43 72 19
F20
512
38 35 20
35 74 20
74 22 20
22 57 20
F21
512
66 86 21
86 58 21
F22
512
81 70 22
70 58 22
58 86 22
86 11 22
F23
512
45 39 23
39 74 23
74 35 23
35 16 23
F24
512
53 70 24
70 58 24
58 86 24
86 33 24
33 84 24
F25
512
8 96 25
96 13 25
13 12 25
12 32 25
F26
512
3 1 26
1 7 26
7 88 26
88 25 26
25 26 26
F27
512
92 16 27
16 35 27
35 74 27
74 22 27
22 67 27
F28
512
15 24 28
24 96 28
96 9 28
F29
1024
45 39 29
39 74 29
74 35 29
35 16 29
F30
1024
15 24 30
24 96 30
96 9 30
F31
1024
82 25 31
25 46 31
F32
1024
15 24 32
24 96 32
96 9 32
F33
1024
66 86 33
86 58 33
F34
1024
95 70 34
70 58 34
58 86 34
86 43 34
F35
1024
17 74 35
74 79 35
F36
1024
76 16 36
16 35 36
35 74 36
74 22 36
F37
1024
17 74 37
74 79 37
F38
1024
10 42 38
42 91 38
91 29 38
29 74 38
74 39 38
39 94 38
94 83 38
F39
1024
19 82 39
82 25 39
25 88 39
88 6 39
6 2 39
F40
1024
27 25 40
25 88 40
88 6 40
