F1
256
24 96 1
96 20 1
20 80 1
F2
256
45 39 2
39 74 2
74 35 2
35 16 2
F3
256
38 35 3
35 74 3
74 22 3
22 57 3
F4
256
92 16 4
16 35 4
35 74 4
74 22 4
22 67 4
F5
256
77 17 5
17 74 5
74 35 5
F6
256
20 17 6
17 74 6
74 29 6
29 91 6
F7
256
10 42 7
42 91 7
91 29 7
29 74 7
74 39 7
39 94 7
94 83 7
F8
256
50 39 8
39 74 8
74 63 8
F9
256
52 9 9
9 96 9
96 13 9
13 12 9
F10
256
40 29 10
29 74 10
74 39 10
F11
256
20 17 11
17 74 11
74 29 11
29 91 11
F12
256
37 90 12
90 25 12
25 46 12
46 1 12
F13
256
24 96 13
96 20 13
20 80 13
F14
256
100 8 14
8 96 14
96 75 14
F15
256
50 39 15
39 74 15
74 63 15
F16
512
55 63 16
63 74 16
74 22 16
22 67 16
67 28 16
F17
512
17 74 17
74 79 17
F18
512
68 23 18
23 58 18
58 86 18
86 33 18
F19
512
20 17 19
17 74 19
74 29 19
29 91 19
F20
512
45 39 20
39 74 20
74 35 20
35 16 20
F21
512
88 25 21
25 82 21
82 89 21
F22
512
68 23 22
23 58 22
58 86 22
86 33 22
F23
512
66 86 23
86 58 23
F24
512
66 86 24
86 58 24
F25
512
82 25 25
25 46 25
F26
1024
24 96 26
96 20 26
20 80 26
F27
1024
17 74 27
74 79 27
F28
1024
51 2 28
2 7 28
7 46 28
46 25 28
25 69 28
69 54 28
F29
1024
88 25 29
25 82 29
82 89 29
F30
1024
78 71 30
71 86 30
86 43 30
43 72 30
F31
1024
15 24 31
24 96 31
96 9 31
F32
1024
24 96 32
96 20 32
20 80 32
F33
1024
77 17 33
17 74 33
74 35 33
F34
1024
27 25 34
25 88 34
88 6 34
F35
1024
87 61 35
61 90 35
90 25 35
25 69 35
F36
1024
20 17 36
17 74 36
74 29 36
29 91 36
F37
1024
51 2 37
2 7 37
7 46 37
46 25 37
25 69 37
69 54 37
F38
1024
59 40 38
40 29 38
29 74 38
74 94 38
94 98 38
F39
1024
95 70 39
70 58 39
58 86 39
86 43 39
F40
1024
45 39 40
39 74 40
74 35 40
35 16 40
