F1
256
5 18 1
18 6 1
6 88 1
88 25 1
25 69 1
69 54 1
F2
256
37 90 2
90 25 2
25 46 2
46 1 2
F3
256
81 70 3
70 58 3
58 86 3
86 11 3
F4
256
38 35 4
35 74 4
74 22 4
22 57 4
F5
256
47 76 5
76 16 5
16 35 5
35 74 5
74 22 5
22 94 5
F6
256
24 96 6
96 20 6
20 80 6
F7
256
38 35 7
35 74 7
74 22 7
22 57 7
F8
256
19 82 8
82 25 8
25 88 8
88 6 8
6 2 8
F9
256
50 39 9
39 74 9
74 63 9
F10
512
31 52 10
52 66 10
66 86 10
86 71 10
F11
512
81 70 11
70 58 11
58 86 11
86 11 11
F12
512
19 82 12
82 25 12
25 88 12
88 6 12
6 2 12
F13
512
87 61 13
61 90 13
90 25 13
25 69 13
F14
512
31 52 14
52 66 14
66 86 14
86 71 14
F15
512
51 2 15
2 7 15
7 46 15
46 25 15
25 69 15
69 54 15
F16
512
53 70 16
70 58 16
58 86 16
86 33 16
33 84 16
F17
512
7 46 17
46 25 17
25 26 17
26 97 17
F18
512
95 70 18
70 58 18
58 86 18
86 43 18
F19
512
100 8 19
8 96 19
96 75 19
F20
512
40 29 20
29 74 20
74 39 20
F21
512
68 23 21
23 58 21
58 86 21
86 33 21
F22
512
17 74 22
74 79 22
F23
512
100 8 23
8 96 23
96 75 23
F24
512
45 39 24
39 74 24
74 35 24
35 16 24
F25
1024
51 2 25
2 7 25
7 46 25
46 25 25
25 69 25
69 54 25
F26
1024
41 76 26
76 16 26
16 35 26
35 74 26
74 29 26
F27
1024
78 71 27
71 86 27
86 43 27
43 72 27
F28
1024
8 96 28
96 13 28
13 12 28
12 32 28
F29
1024
51 2 29
2 7 29
7 46 29
46 25 29
25 69 29
69 54 29
F30
1024
15 24 30
24 96 30
96 9 30
F31
1024
87 61 31
61 90 31
90 25 31
25 69 31
F32
1024
27 25 32
25 88 32
88 6 32
F33
1024
4 3 33
3 1 33
1 46 33
46 25 33
25 26 33
26 34 33
F34
1024
81 70 34
70 58 34
58 86 34
86 11 34
F35
1024
14 70 35
70 58 35
58 86 35
86 11 35
11 48 35
F36
1024
20 17 36
17 74 36
74 29 36
29 91 36
F37
1024
95 70 37
70 58 37
58 86 37
86 43 37
F38
1024
92 16 38
16 35 38
35 74 38
74 22 38
22 67 38
F39
1024
41 76 39
76 16 39
16 35 39
35 74 39
74 29 39
F40
1024
3 1 40
1 7 40
7 88 40
88 25 40
25 26 40
