F1
256
50 39 1
39 74 1
74 63 1
F2
256
3 1 2
1 7 2
7 88 2
88 25 2
25 26 2
F3
256
41 76 3
76 16 3
16 35 3
35 74 3
74 29 3
F4
256
53 70 4
70 58 4
58 86 4
86 33 4
33 84 4
F5
256
15 24 5
24 96 5
96 9 5
F6
256
19 82 6
82 25 6
25 88 6
88 6 6
6 2 6
F7
256
37 90 7
90 25 7
25 46 7
46 1 7
F8
256
100 8 8
8 96 8
96 75 8
F9
256
66 86 9
86 58 9
F10
256
52 9 10
9 96 10
96 13 10
13 12 10
F11
256
76 16 11
16 35 11
35 74 11
74 22 11
F12
512
41 76 12
76 16 12
16 35 12
35 74 12
74 29 12
F13
512
3 1 13
1 7 13
7 88 13
88 25 13
25 26 13
F14
512
37 90 14
90 25 14
25 46 14
46 1 14
F15
512
100 8 15
8 96 15
96 75 15
F16
512
17 74 16
74 79 16
F17
512
52 9 17
9 96 17
96 13 17
13 12 17
F18
512
51 2 18
2 7 18
7 46 18
46 25 18
25 69 18
69 54 18
F19
512
55 63 19
63 74 19
74 22 19
22 67 19
67 28 19
F20
512
4 3 20
3 1 20
1 46 20
46 25 20
25 26 20
26 34 20
F21
512
31 52 21
52 66 21
66 86 21
86 71 21
F22
512
27 25 22
25 88 22
88 6 22
F23
512
77 17 23
17 74 23
74 35 23
F24
512
100 8 24
8 96 24
96 75 24
F25
512
31 52 25
52 66 25
66 86 25
86 71 25
F26
512
24 96 26
96 20 26
20 80 26
F27
512
14 70 27
70 58 27
58 86 27
86 11 27
11 48 27
F28
1024
76 16 28
16 35 28
35 74 28
74 22 28
F29
1024
20 17 29
17 74 29
74 29 29
29 91 29
F30
1024
3 1 30
1 7 30
7 88 30
88 25 30
25 26 30
F31
1024
19 82 31
82 25 31
25 88 31
88 6 31
6 2 31
F32
1024
45 39 32
39 74 32
74 35 32
35 16 32
F33
1024
37 90 33
90 25 33
25 46 33
46 1 33
F34
1024
15 24 34
24 96 34
96 9 34
F35
1024
38 35 35
35 74 35
74 22 35
22 57 35
F36
1024
8 96 36
96 13 36
13 12 36
12 32 36
F37
1024
31 52 37
52 66 37
66 86 37
86 71 37
F38
1024
4 3 38
3 1 38
1 46 38
46 25 38
25 26 38
26 34 38
F39
1024
59 40 39
40 29 39
29 74 39
74 94 39
94 98 39
F40
1024
50 39 40
39 74 40
74 63 40
