F1
256
87 61 1
61 90 1
90 25 1
25 69 1
F2
256
3 1 2
1 7 2
7 88 2
88 25 2
25 26 2
F3
256
30 36 3
36 20 3
20 96 3
96 13 3
F4
256
53 70 4
70 58 4
58 86 4
86 33 4
33 84 4
F5
256
55 63 5
63 74 5
74 22 5
22 67 5
67 28 5
F6
256
82 25 6
25 46 6
F7
256
50 39 7
39 74 7
74 63 7
F8
256
77 17 8
17 74 8
74 35 8
F9
256
68 23 9
23 58 9
58 86 9
86 33 9
F10
256
95 70 10
70 58 10
58 86 10
86 43 10
F11
256
77 17 11
17 74 11
74 35 11
F12
256
30 36 12
36 20 12
20 96 12
96 13 12
F13
256
19 82 13
82 25 13
25 88 13
88 6 13
6 2 13
F14
256
10 42 14
42 91 14
91 29 14
29 74 14
74 39 14
39 94 14
94 83 14
F15
256
50 39 15
39 74 15
74 63 15
F16
512
17 74 16
74 79 16
F17
512
55 63 17
63 74 17
74 22 17
22 67 17
67 28 17
F18
512
8 96 18
96 13 18
13 12 18
12 32 18
F19
512
55 63 19
63 74 19
74 22 19
22 67 19
67 28 19
F20
512
24 96 20
96 20 20
20 80 20
F21
512
47 76 21
76 16 21
16 35 21
35 74 21
74 22 21
22 94 21
F22
512
10 42 22
42 91 22
91 29 22
29 74 22
74 39 22
39 94 22
94 83 22
F23
512
10 42 23
42 91 23
91 29 23
29 74 23
74 39 23
39 94 23
94 83 23
F24
512
88 25 24
25 82 24
82 89 24
F25
512
41 76 25
76 16 25
16 35 25
35 74 25
74 29 25
F26
512
4 3 26
3 1 26
1 46 26
46 25 26
25 26 26
26 34 26
F27
512
52 9 27
9 96 27
96 13 27
13 12 27
F28
512
68 23 28
23 58 28
58 86 28
86 33 28
F29
512
40 29 29
29 74 29
74 39 29
F30
512
8 96 30
96 13 30
13 12 30
12 32 30
F31
512
14 70 31
70 58 31
58 86 31
86 11 31
11 48 31
F32
1024
19 82 32
82 25 32
25 88 32
88 6 32
6 2 32
F33
1024
81 70 33
70 58 33
58 86 33
86 11 33
F34
1024
45 39 34
39 74 34
74 35 34
35 16 34
F35
1024
51 2 35
2 7 35
7 46 35
46 25 35
25 69 35
69 54 35
F36
1024
50 39 36
39 74 36
74 63 36
F37
1024
14 70 37
70 58 37
58 86 37
86 11 37
11 48 37
F38
1024
47 76 38
76 16 38
16 35 38
35 74 38
74 22 38
22 94 38
F39
1024
81 70 39
70 58 39
58 86 39
86 11 39
F40
1024
41 76 40
76 16 40
16 35 40
35 74 40
74 29 40
