F1
256
20 17 1
17 74 1
74 29 1
29 91 1
F2
256
31 52 2
52 66 2
66 86 2
86 71 2
F3
256
10 42 3
42 91 3
91 29 3
29 74 3
74 39 3
39 94 3
94 83 3
F4
256
59 40 4
40 29 4
29 74 4
74 94 4
94 98 4
F5
256
66 86 5
86 58 5
F6
256
100 8 6
8 96 6
96 75 6
F7
256
95 70 7
70 58 7
58 86 7
86 43 7
F8
256
76 16 8
16 35 8
35 74 8
74 22 8
F9
256
15 24 9
24 96 9
96 9 9
F10
256
53 70 10
70 58 10
58 86 10
86 33 10
33 84 10
F11
256
24 96 11
96 20 11
20 80 11
F12
256
68 23 12
23 58 12
58 86 12
86 33 12
F13
256
88 25 13
25 82 13
82 89 13
F14
256
88 25 14
25 82 14
82 89 14
F15
256
88 25 15
25 82 15
82 89 15
F16
256
60 85 16
85 27 16
27 25 16
25 88 16
88 61 16
F17
256
53 70 17
70 58 17
58 86 17
86 33 17
33 84 17
F18
256
87 61 18
61 90 18
90 25 18
25 69 18
F19
256
24 96 19
96 20 19
20 80 19
F20
512
7 46 20
46 25 20
25 26 20
26 97 20
F21
512
37 90 21
90 25 21
25 46 21
46 1 21
F22
512
19 82 22
82 25 22
25 88 22
88 6 22
6 2 22
F23
512
5 18 23
18 6 23
6 88 23
88 25 23
25 69 23
69 54 23
F24
512
7 46 24
46 25 24
25 26 24
26 97 24
F25
512
40 29 25
29 74 25
74 39 25
F26
512
19 82 26
82 25 26
25 88 26
88 6 26
6 2 26
F27
512
4 3 27
3 1 27
1 46 27
46 25 27
25 26 27
26 34 27
F28
1024
55 63 28
63 74 28
74 22 28
22 67 28
67 28 28
F29
1024
55 63 29
63 74 29
74 22 29
22 67 29
67 28 29
F30
1024
40 29 30
29 74 30
74 39 30
F31
1024
95 70 31
70 58 31
58 86 31
86 43 31
F32
1024
7 46 32
46 25 32
25 26 32
26 97 32
F33
1024
30 36 33
36 20 33
20 96 33
96 13 33
F34
1024
17 74 34
74 79 34
F35
1024
51 2 35
2 7 35
7 46 35
46 25 35
25 69 35
69 54 35
F36
1024
95 70 36
70 58 36
58 86 36
86 43 36
F37
1024
17 74 37
74 79 37
F38
1024
20 17 38
17 74 38
74 29 38
29 91 38
F39
1024
53 70 39
70 58 39
58 86 39
86 33 39
33 84 39
F40
1024
3 1 40
1 7 40
7 88 40
88 25 40
25 26 40
