F1
256
38 35 1
35 74 1
74 22 1
22 57 1
F2
256
8 96 2
96 13 2
13 12 2
12 32 2
F3
256
17 74 3
74 79 3
F4
256
52 9 4
9 96 4
96 13 4
13 12 4
F5
256
7 46 5
46 25 5
25 26 5
26 97 5
F6
256
38 35 6
35 74 6
74 22 6
22 57 6
F7
256
88 25 7
25 82 7
82 89 7
F8
256
4 3 8
3 1 8
1 46 8
46 25 8
25 26 8
26 34 8
F9
256
76 16 9
16 35 9
35 74 9
74 22 9
F10
256
100 8 10
8 96 10
96 75 10
F11
256
78 71 11
71 86 11
86 43 11
43 72 11
F12
256
5 18 12
18 6 12
6 88 12
88 25 12
25 69 12
69 54 12
F13
512
10 42 13
42 91 13
91 29 13
29 74 13
74 39 13
39 94 13
94 83 13
F14
512
41 76 14
76 16 14
16 35 14
35 74 14
74 29 14
F15
512
51 2 15
2 7 15
7 46 15
46 25 15
25 69 15
69 54 15
F16
512
14 70 16
70 58 16
58 86 16
86 11 16
11 48 16
F17
512
15 24 17
24 96 17
96 9 17
F18
512
14 70 18
70 58 18
58 86 18
86 11 18
11 48 18
F19
512
50 39 19
39 74 19
74 63 19
F20
512
14 70 20
70 58 20
58 86 20
86 11 20
11 48 20
F21
512
60 85 21
85 27 21
27 25 21
25 88 21
88 61 21
F22
512
45 39 22
39 74 22
74 35 22
35 16 22
F23
512
37 90 23
90 25 23
25 46 23
46 1 23
F24
512
14 70 24
70 58 24
58 86 24
86 11 24
11 48 24
F25
512
19 82 25
82 25 25
25 88 25
88 6 25
6 2 25
F26
1024
47 76 26
76 16 26
16 35 26
35 74 26
74 22 26
22 94 26
F27
1024
5 18 27
18 6 27
6 88 27
88 25 27
25 69 27
69 54 27
F28
1024
60 85 28
85 27 28
27 25 28
25 88 28
88 61 28
F29
1024
15 24 29
24 96 29
96 9 29
F30
1024
41 76 30
76 16 30
16 35 30
35 74 30
74 29 30
F31
1024
10 42 31
42 91 31
91 29 31
29 74 31
74 39 31
39 94 31
94 83 31
F32
1024
40 29 32
29 74 32
74 39 32
F33
1024
100 8 33
8 96 33
96 75 33
F34
1024
76 16 34
16 35 34
35 74 34
74 22 34
F35
1024
37 90 35
90 25 35
25 46 35
46 1 35
F36
1024
38 35 36
35 74 36
74 22 36
22 57 36
F37
1024
55 63 37
63 74 37
74 22 37
22 67 37
67 28 37
F38
1024
78 71 38
71 86 38
86 43 38
43 72 38
F39
1024
51 2 39
2 7 39
7 46 39
46 25 39
25 69 39
69 54 39
F40
1024
59 40 40
40 29 40
29 74 40
74 94 40
94 98 40
