F1
256
51 2 1
2 7 1
7 46 1
46 25 1
25 69 1
69 54 1
F2
256
66 86 2
86 58 2
F3
256
87 61 3
61 90 3
90 25 3
25 69 3
F4
256
45 39 4
39 74 4
74 35 4
35 16 4
F5
256
77 17 5
17 74 5
74 35 5
F6
256
87 61 6
61 90 6
90 25 6
25 69 6
F7
256
87 61 7
61 90 7
90 25 7
25 69 7
F8
256
77 17 8
17 74 8
74 35 8
F9
256
77 17 9
17 74 9
74 35 9
F10
256
17 74 10
74 79 10
F11
256
38 35 11
35 74 11
74 22 11
22 57 11
F12
256
24 96 12
96 20 12
20 80 12
F13
256
47 76 13
76 16 13
16 35 13
35 74 13
74 22 13
22 94 13
F14
256
24 96 14
96 20 14
20 80 14
F15
256
66 86 15
86 58 15
F16
256
19 82 16
82 25 16
25 88 16
88 6 16
6 2 16
F17
256
66 86 17
86 58 17
F18
512
19 82 18
82 25 18
25 88 18
88 6 18
6 2 18
F19
512
95 70 19
70 58 19
58 86 19
86 43 19
F20
512
3 1 20
1 7 20
7 88 20
88 25 20
25 26 20
F21
512
31 52 21
52 66 21
66 86 21
86 71 21
F22
512
92 16 22
16 35 22
35 74 22
74 22 22
22 67 22
F23
512
10 42 23
42 91 23
91 29 23
29 74 23
74 39 23
39 94 23
94 83 23
F24
512
8 96 24
96 13 24
13 12 24
12 32 24
F25
512
88 25 25
25 82 25
82 89 25
F26
512
3 1 26
1 7 26
7 88 26
88 25 26
25 26 26
F27
512
66 86 27
86 58 27
F28
512
52 9 28
9 96 28
96 13 28
13 12 28
F29
512
31 52 29
52 66 29
66 86 29
86 71 29
F30
512
17 74 30
74 79 30
F31
1024
100 8 31
8 96 31
96 75 31
F32
1024
41 76 32
76 16 32
16 35 32
35 74 32
74 29 32
F33
1024
50 39 33
39 74 33
74 63 33
F34
1024
14 70 34
70 58 34
58 86 34
86 11 34
11 48 34
F35
1024
15 24 35
24 96 35
96 9 35
F36
1024
15 24 36
24 96 36
96 9 36
F37
1024
14 70 37
70 58 37
58 86 37
86 11 37
11 48 37
F38
1024
4 3 38
3 1 38
1 46 38
46 25 38
25 26 38
26 34 38
F39
1024
53 70 39
70 58 39
58 86 39
86 33 39
33 84 39
F40
1024
37 90 40
90 25 40
25 46 40
46 1 40
