F1
256
82 25 1
25 46 1
F2
256
27 25 2
25 88 2
88 6 2
F3
256
53 70 3
70 58 3
58 86 3
86 33 3
33 84 3
F4
256
38 35 4
35 74 4
74 22 4
22 57 4
F5
256
78 71 5
71 86 5
86 43 5
43 72 5
F6
256
15 24 6
24 96 6
96 9 6
F7
256
27 25 7
25 88 7
88 6 7
F8
256
68 23 8
23 58 8
58 86 8
86 33 8
F9
256
53 70 9
70 58 9
58 86 9
86 33 9
33 84 9
F10
256
47 76 10
76 16 10
16 35 10
35 74 10
74 22 10
22 94 10
F11
256
50 39 11
39 74 11
74 63 11
F12
256
31 52 12
52 66 12
66 86 12
86 71 12
F13
256
87 61 13
61 90 13
90 25 13
25 69 13
F14
512
7 46 14
46 25 14
25 26 14
26 97 14
F15
512
78 71 15
71 86 15
86 43 15
43 72 15
F16
512
76 16 16
16 35 16
35 74 16
74 22 16
F17
512
24 96 17
96 20 17
20 80 17
F18
512
52 9 18
9 96 18
96 13 18
13 12 18
F19
512
31 52 19
52 66 19
66 86 19
86 71 19
F20
512
88 25 20
25 82 20
82 89 20
F21
512
47 76 21
76 16 21
16 35 21
35 74 21
74 22 21
22 94 21
F22
512
30 36 22
36 20 22
20 96 22
96 13 22
F23
512
78 71 23
71 86 23
86 43 23
43 72 23
F24
512
3 1 24
1 7 24
7 88 24
88 25 24
25 26 24
F25
1024
17 74 25
74 79 25
F26
1024
20 17 26
17 74 26
74 29 26
29 91 26
F27
1024
15 24 27
24 96 27
96 9 27
F28
1024
24 96 28
96 20 28
20 80 28
F29
1024
27 25 29
25 88 29
88 6 29
F30
1024
81 70 30
70 58 30
58 86 30
86 11 30
F31
1024
38 35 31
35 74 31
74 22 31
22 57 31
F32
1024
20 17 32
17 74 32
74 29 32
29 91 32
F33
1024
51 2 33
2 7 33
7 46 33
46 25 33
25 69 33
69 54 33
F34
1024
60 85 34
85 27 34
27 25 34
25 88 34
88 61 34
F35
1024
81 70 35
70 58 35
58 86 35
86 11 35
F36
1024
7 46 36
46 25 36
25 26 36
26 97 36
F37
1024
76 16 37
16 35 37
35 74 37
74 22 37
F38
1024
17 74 38
74 79 38
F39
1024
20 17 39
17 74 39
74 29 39
29 91 39
F40
1024
81 70 40
70 58 40
58 86 40
86 11 40
