F1
256
5 7 1
7 9 1
9 13 1
13 11 1
11 16 1
16 21 1
21 26 1
26 19 1
F2
256
89 87 2
87 68 2
68 76 2
76 61 2
F3
256
26 21 3
21 16 3
16 11 3
11 58 3
58 56 3
56 83 3
F4
256
22 21 4
21 16 4
16 11 4
11 58 4
58 44 4
44 60 4
F5
256
18 14 5
14 11 5
11 56 5
56 83 5
83 49 5
49 69 5
F6
512
7 9 6
9 13 6
13 11 6
11 58 6
58 52 6
F7
512
22 18 7
18 14 7
14 11 7
11 58 7
58 52 7
52 71 7
F8
512
17 14 8
14 11 8
11 56 8
56 79 8
79 88 8
F9
512
33 50 9
50 57 9
F10
1024
90 85 10
85 100 10
100 76 10
76 61 10
61 28 10
28 25 10
25 30 10
