F1
256
94 97 1
97 86 1
86 68 1
68 76 1
76 82 1
82 74 1
F2
256
21 16 2
16 11 2
11 14 2
F3
256
45 37 3
37 32 3
32 39 3
39 50 3
50 72 3
72 68 3
68 86 3
86 97 3
F4
256
37 32 4
32 39 4
39 50 4
50 28 4
28 23 4
23 40 4
F5
512
8 35 5
35 55 5
55 41 5
F6
512
48 34 6
34 33 6
33 50 6
50 53 6
53 73 6
73 51 6
F7
1024
85 91 7
91 100 7
100 76 7
76 82 7
82 74 7
74 81 7
F8
1024
7 9 8
9 13 8
13 11 8
11 58 8
58 52 8
F9
1024
4 41 9
41 55 9
55 35 9
35 13 9
F10
1024
3 4 10
4 41 10
41 8 10
8 35 10
35 83 10
83 49 10
49 66 10
66 59 10
