F1
256
99 89 1
89 87 1
87 53 1
53 50 1
50 33 1
33 32 1
32 29 1
F2
256
1 6 2
6 8 2
8 35 2
35 56 2
56 44 2
44 60 2
F3
256
26 21 3
21 16 3
16 11 3
11 58 3
58 56 3
56 83 3
F4
256
72 50 4
50 53 4
53 73 4
F5
512
7 9 5
9 13 5
13 11 5
11 58 5
58 52 5
F6
512
89 87 6
87 68 6
68 76 6
76 61 6
F7
512
90 85 7
85 100 7
100 76 7
76 61 7
61 28 7
28 25 7
25 30 7
F8
1024
5 7 8
7 9 8
9 13 8
13 11 8
11 16 8
16 21 8
21 26 8
26 19 8
F9
1024
3 4 9
4 41 9
41 8 9
8 35 9
35 83 9
83 49 9
49 66 9
66 59 9
F10
1024
26 21 10
21 16 10
16 11 10
11 58 10
58 56 10
56 83 10
