F1
256
38 47 1
47 53 1
53 50 1
50 72 1
72 68 1
68 93 1
F2
256
79 56 2
56 35 2
35 55 2
55 67 2
F3
256
18 14 3
14 11 3
11 56 3
56 83 3
83 49 3
49 69 3
F4
512
21 16 4
16 11 4
11 14 4
F5
512
100 76 5
76 98 5
98 63 5
F6
512
26 21 6
21 16 6
16 11 6
11 58 6
58 56 6
56 83 6
F7
1024
90 85 7
85 100 7
100 76 7
76 61 7
61 28 7
28 25 7
25 30 7
F8
1024
18 14 8
14 11 8
11 56 8
56 83 8
83 49 8
49 69 8
F9
1024
92 96 9
96 93 9
93 68 9
68 76 9
76 82 9
82 95 9
F10
1024
42 77 10
77 70 10
70 98 10
98 76 10
76 68 10
68 87 10
