F1
256
38 47 1
47 53 1
53 50 1
50 72 1
72 68 1
68 93 1
F2
256
24 20 2
20 16 2
16 11 2
11 13 2
13 12 2
F3
512
42 77 3
77 70 3
70 98 3
98 76 3
76 68 3
68 87 3
F4
512
100 76 4
76 98 4
98 63 4
F5
512
43 4 5
4 6 5
6 8 5
8 35 5
35 55 5
F6
1024
24 20 6
20 16 6
16 11 6
11 13 6
13 12 6
F7
1024
27 63 7
63 98 7
98 76 7
76 61 7
61 28 7
F8
1024
42 77 8
77 70 8
70 98 8
98 76 8
76 68 8
68 87 8
F9
1024
2 1 9
1 6 9
6 8 9
8 35 9
35 55 9
55 67 9
67 62 9
62 64 9
F10
1024
92 96 10
96 93 10
93 68 10
68 76 10
76 82 10
82 95 10
