F1
256
24 20 1
20 16 1
16 11 1
11 13 1
13 12 1
F2
256
92 96 2
96 93 2
93 68 2
68 76 2
76 82 2
82 95 2
F3
256
38 47 3
47 53 3
53 50 3
50 72 3
72 68 3
68 93 3
F4
512
10 12 4
12 14 4
14 11 4
11 56 4
56 79 4
79 75 4
F5
512
22 18 5
18 14 5
14 11 5
11 58 5
58 52 5
52 71 5
F6
512
94 97 6
97 86 6
86 68 6
68 76 6
76 82 6
82 74 6
F7
1024
26 21 7
21 16 7
16 11 7
11 58 7
58 56 7
56 83 7
F8
1024
100 76 8
76 98 8
98 63 8
F9
1024
46 52 9
52 58 9
58 11 9
11 16 9
16 21 9
21 24 9
24 15 9
F10
1024
48 34 10
34 33 10
33 50 10
50 53 10
53 73 10
73 51 10
