F1
256
3 4 1
4 41 1
41 8 1
8 35 1
35 83 1
83 49 1
49 66 1
66 59 1
F2
256
43 4 2
4 6 2
6 8 2
8 35 2
35 55 2
F3
512
100 76 3
76 98 3
98 63 3
F4
512
43 4 4
4 6 4
6 8 4
8 35 4
35 55 4
F5
1024
5 7 5
7 9 5
9 13 5
13 11 5
11 16 5
16 21 5
21 26 5
26 19 5
F6
1024
5 7 6
7 9 6
9 13 6
13 11 6
11 16 6
16 21 6
21 26 6
26 19 6
F7
1024
27 63 7
63 98 7
98 76 7
76 61 7
61 28 7
F8
1024
43 4 8
4 6 8
6 8 8
8 35 8
35 55 8
F9
1024
37 32 9
32 39 9
39 50 9
50 28 9
28 23 9
23 40 9
F10
1024
89 87 10
87 68 10
68 76 10
76 61 10
