F1
256
3 4 1
4 41 1
41 8 1
8 35 1
35 83 1
83 49 1
49 66 1
66 59 1
F2
256
94 97 2
97 86 2
86 68 2
68 76 2
76 82 2
82 74 2
F3
256
92 96 3
96 93 3
93 68 3
68 76 3
76 82 3
82 95 3
F4
256
10 12 4
12 14 4
14 11 4
11 56 4
56 79 4
79 75 4
F5
512
38 47 5
47 53 5
53 50 5
50 72 5
72 68 5
68 93 5
F6
512
48 34 6
34 33 6
33 50 6
50 53 6
53 73 6
73 51 6
F7
512
22 21 7
21 16 7
16 11 7
11 58 7
58 44 7
44 60 7
F8
512
48 34 8
34 33 8
33 50 8
50 53 8
53 73 8
73 51 8
F9
1024
54 31 9
31 41 9
41 8 9
8 35 9
35 56 9
56 58 9
58 16 9
F10
1024
33 50 10
50 57 10
