F1
256
2 1 1
1 6 1
6 8 1
8 35 1
35 55 1
55 67 1
67 62 1
62 64 1
F2
512
47 33 2
33 50 2
50 39 2
F3
512
5 7 3
7 9 3
9 13 3
13 11 3
11 16 3
16 21 3
21 26 3
26 19 3
F4
512
22 18 4
18 14 4
14 11 4
11 58 4
58 52 4
52 71 4
F5
512
33 50 5
50 57 5
F6
512
21 16 6
16 11 6
11 14 6
F7
1024
85 91 7
91 100 7
100 76 7
76 82 7
82 74 7
74 81 7
F8
1024
20 58 8
58 11 8
11 13 8
13 9 8
F9
1024
46 52 9
52 58 9
58 11 9
11 16 9
16 21 9
21 24 9
24 15 9
F10
1024
54 31 10
31 41 10
41 8 10
8 35 10
35 56 10
56 58 10
58 16 10
