F1
256
100 76 1
76 98 1
98 63 1
F2
256
17 14 2
14 11 2
11 56 2
56 79 2
79 88 2
F3
256
45 37 3
37 32 3
32 39 3
39 50 3
50 72 3
72 68 3
68 86 3
86 97 3
F4
256
18 14 4
14 11 4
11 56 4
56 83 4
83 49 4
49 69 4
F5
256
22 18 5
18 14 5
14 11 5
11 58 5
58 52 5
52 71 5
F6
512
37 32 6
32 39 6
39 50 6
50 28 6
28 23 6
23 40 6
F7
512
4 41 7
41 55 7
55 35 7
35 13 7
F8
1024
5 7 8
7 9 8
9 13 8
13 11 8
11 16 8
16 21 8
21 26 8
26 19 8
F9
1024
17 14 9
14 11 9
11 56 9
56 79 9
79 88 9
F10
1024
99 89 10
89 87 10
87 53 10
53 50 10
50 33 10
33 32 10
32 29 10
