F1
256
38 47 1
47 53 1
53 50 1
50 72 1
72 68 1
68 93 1
F2
256
48 34 2
34 33 2
33 50 2
50 53 2
53 73 2
73 51 2
F3
512
54 31 3
31 41 3
41 8 3
8 35 3
35 56 3
56 58 3
58 16 3
F4
512
1 6 4
6 8 4
8 35 4
35 56 4
56 44 4
44 60 4
F5
512
2 1 5
1 6 5
6 8 5
8 35 5
35 55 5
55 67 5
67 62 5
62 64 5
F6
1024
99 89 6
89 87 6
87 53 6
53 50 6
50 33 6
33 32 6
32 29 6
F7
1024
3 4 7
4 41 7
41 8 7
8 35 7
35 83 7
83 49 7
49 66 7
66 59 7
F8
1024
7 9 8
9 13 8
13 11 8
11 58 8
58 52 8
F9
1024
25 28 9
28 61 9
61 76 9
76 98 9
98 63 9
63 65 9
F10
1024
79 56 10
56 35 10
35 55 10
55 67 10
