F1
256
99 89 1
89 87 1
87 53 1
53 50 1
50 33 1
33 32 1
32 29 1
F2
256
66 49 2
49 83 2
83 35 2
35 56 2
F3
256
66 49 3
49 83 3
83 35 3
35 56 3
F4
256
99 89 4
89 87 4
87 53 4
53 50 4
50 33 4
33 32 4
32 29 4
F5
512
54 31 5
31 41 5
41 8 5
8 35 5
35 56 5
56 58 5
58 16 5
F6
512
24 20 6
20 16 6
16 11 6
11 13 6
13 12 6
F7
512
45 37 7
37 32 7
32 39 7
39 50 7
50 72 7
72 68 7
68 86 7
86 97 7
F8
512
84 73 8
73 53 8
53 50 8
50 39 8
39 36 8
F9
1024
26 21 9
21 16 9
16 11 9
11 58 9
58 56 9
56 83 9
F10
1024
33 50 10
50 57 10
