F1
256
54 31 1
31 41 1
41 8 1
8 35 1
35 56 1
56 58 1
58 16 1
F2
512
3 4 2
4 41 2
41 8 2
8 35 2
35 83 2
83 49 2
49 66 2
66 59 2
F3
512
47 33 3
33 50 3
50 39 3
F4
512
48 34 4
34 33 4
33 50 4
50 53 4
53 73 4
73 51 4
F5
512
4 41 5
41 55 5
55 35 5
35 13 5
F6
512
17 14 6
14 11 6
11 56 6
56 79 6
79 88 6
F7
512
54 31 7
31 41 7
41 8 7
8 35 7
35 56 7
56 58 7
58 16 7
F8
1024
2 1 8
1 6 8
6 8 8
8 35 8
35 55 8
55 67 8
67 62 8
62 64 8
F9
1024
27 63 9
63 98 9
98 76 9
76 61 9
61 28 9
F10
1024
1 6 10
6 8 10
8 35 10
35 56 10
56 44 10
44 60 10
