F1
256
99 89 1
89 87 1
87 53 1
53 50 1
50 33 1
33 32 1
32 29 1
F2
256
80 78 2
78 93 2
93 68 2
68 76 2
76 100 2
100 91 2
F3
256
45 37 3
37 32 3
32 39 3
39 50 3
50 72 3
72 68 3
68 86 3
86 97 3
F4
256
17 14 4
14 11 4
11 56 4
56 79 4
79 88 4
F5
256
47 33 5
33 50 5
50 39 5
F6
512
54 31 6
31 41 6
41 8 6
8 35 6
35 56 6
56 58 6
58 16 6
F7
512
47 33 7
33 50 7
50 39 7
F8
512
25 28 8
28 61 8
61 76 8
76 98 8
98 63 8
63 65 8
F9
1024
89 87 9
87 68 9
68 76 9
76 61 9
F10
1024
1 6 10
6 8 10
8 35 10
35 56 10
56 44 10
44 60 10
