F1
256
94 97 1
97 86 1
86 68 1
68 76 1
76 82 1
82 74 1
F2
256
92 96 2
96 93 2
93 68 2
68 76 2
76 82 2
82 95 2
F3
256
10 12 3
12 14 3
14 11 3
11 56 3
56 79 3
79 75 3
F4
256
2 1 4
1 6 4
6 8 4
8 35 4
35 55 4
55 67 4
67 62 4
62 64 4
F5
512
42 77 5
77 70 5
70 98 5
98 76 5
76 68 5
68 87 5
F6
512
37 32 6
32 39 6
39 50 6
50 28 6
28 23 6
23 40 6
F7
512
18 14 7
14 11 7
11 56 7
56 83 7
83 49 7
49 69 7
F8
512
10 12 8
12 14 8
14 11 8
11 56 8
56 79 8
79 75 8
F9
1024
3 4 9
4 41 9
41 8 9
8 35 9
35 83 9
83 49 9
49 66 9
66 59 9
F10
1024
17 14 10
14 11 10
11 56 10
56 79 10
79 88 10
