F1
128
4 9 1
9 8 1
8 11 1
11 12 1
12 47 1
47 46 1
F2
128
51 50 2
50 49 2
49 63 2
63 64 2
F3
128
27 29 3
29 32 3
32 36 3
36 35 3
35 55 3
F4
128
52 51 4
51 50 4
50 49 4
49 63 4
63 64 4
64 65 4
F5
128
22 50 5
50 49 5
49 63 5
63 62 5
62 61 5
F6
128
22 50 6
50 49 6
49 63 6
63 62 6
62 61 6
F7
128
93 78 7
78 64 7
64 63 7
63 49 7
49 18 7
18 16 7
16 12 7
F8
128
66 80 8
80 81 8
81 82 8
82 68 8
F9
128
84 83 9
83 82 9
82 81 9
81 90 9
F10
256
45 42 10
42 39 10
39 40 10
40 36 10
36 37 10
37 33 10
33 98 10
F11
256
54 68 11
68 82 11
82 81 11
81 80 11
80 79 11
F12
256
69 68 12
68 82 12
82 81 12
81 80 12
F13
256
59 39 13
39 40 13
40 36 13
36 37 13
37 33 13
33 98 13
F14
256
59 39 14
39 40 14
40 36 14
36 37 14
37 33 14
33 98 14
F15
512
45 42 15
42 39 15
39 40 15
40 36 15
36 37 15
37 33 15
33 98 15
F16
512
87 84 16
84 83 16
83 82 16
82 89 16
F17
512
41 40 17
40 36 17
36 37 17
37 73 17
F18
512
52 51 18
51 50 18
50 49 18
49 63 18
63 64 18
64 65 18
F19
1024
97 76 19
76 77 19
77 63 19
63 49 19
49 48 19
48 16 19
16 14 19
F20
1024
44 19 20
19 15 20
15 14 20
14 11 20
11 12 20
12 47 20
47 48 20
48 49 20
