F1
128
95 76 1
76 77 1
77 63 1
63 49 1
49 50 1
50 22 1
22 18 1
F2
128
54 68 2
68 82 2
82 81 2
81 80 2
80 79 2
F3
128
95 76 3
76 77 3
77 63 3
63 49 3
49 50 3
50 22 3
22 18 3
F4
128
17 18 4
18 49 4
49 63 4
63 77 4
F5
128
44 19 5
19 15 5
15 14 5
14 11 5
11 12 5
12 47 5
47 48 5
48 49 5
F6
128
4 9 6
9 8 6
8 11 6
11 12 6
12 47 6
47 46 6
F7
128
93 78 7
78 64 7
64 63 7
63 49 7
49 18 7
18 16 7
16 12 7
F8
128
21 19 8
19 17 8
17 14 8
14 11 8
11 8 8
8 5 8
F9
128
52 51 9
51 50 9
50 49 9
49 63 9
63 64 9
64 65 9
F10
128
19 15 10
15 13 10
13 11 10
11 12 10
12 10 10
F11
256
2 15 11
15 14 11
14 11 11
11 12 11
12 47 11
47 61 11
61 75 11
F12
256
44 19 12
19 15 12
15 14 12
14 11 12
11 12 12
12 47 12
47 48 12
48 49 12
F13
256
44 19 13
19 15 13
15 14 13
14 11 13
11 12 13
12 47 13
47 48 13
48 49 13
F14
256
95 76 14
76 77 14
77 63 14
63 49 14
49 50 14
50 22 14
22 18 14
F15
256
1 13 15
13 11 15
11 12 15
12 47 15
47 61 15
61 60 15
F16
256
23 20 16
20 17 16
17 14 16
14 11 16
11 12 16
12 16 16
F17
512
45 42 17
42 39 17
39 40 17
40 36 17
36 37 17
37 33 17
33 98 17
F18
512
74 75 18
75 76 18
76 77 18
77 63 18
63 64 18
64 78 18
78 77 18
77 94 18
F19
512
88 83 19
83 69 19
69 55 19
55 54 19
54 53 19
F20
1024
83 82 20
82 68 20
68 54 20
54 34 20
