F1
128
93 78 1
78 64 1
64 63 1
63 49 1
49 18 1
18 16 1
16 12 1
F2
128
95 76 2
76 77 2
77 63 2
63 49 2
49 50 2
50 22 2
22 18 2
F3
128
58 19 3
19 15 3
15 13 3
13 11 3
11 8 3
8 10 3
10 7 3
F4
128
95 76 4
76 77 4
77 63 4
63 49 4
49 50 4
50 22 4
22 18 4
F5
256
69 68 5
68 82 5
82 81 5
81 80 5
F6
256
1 13 6
13 11 6
11 12 6
12 47 6
47 61 6
61 60 6
F7
256
71 56 7
56 38 7
38 40 7
40 36 7
36 32 7
32 34 7
34 31 7
31 28 7
F8
256
88 83 8
83 69 8
69 55 8
55 54 8
54 53 8
F9
256
19 15 9
15 13 9
13 11 9
11 12 9
12 10 9
F10
256
71 56 10
56 38 10
38 40 10
40 36 10
36 32 10
32 34 10
34 31 10
31 28 10
F11
256
95 76 11
76 77 11
77 63 11
63 49 11
49 50 11
50 22 11
22 18 11
F12
512
71 56 12
56 38 12
38 40 12
40 36 12
36 32 12
32 34 12
34 31 12
31 28 12
F13
512
85 84 13
84 83 13
83 82 13
82 81 13
81 80 13
80 91 13
F14
512
87 84 14
84 83 14
83 82 14
82 89 14
F15
512
85 84 15
84 83 15
83 82 15
82 81 15
81 80 15
80 91 15
F16
512
42 41 16
41 40 16
40 36 16
36 37 16
37 73 16
73 98 16
98 100 16
F17
512
54 68 17
68 82 17
82 81 17
81 80 17
80 79 17
F18
512
17 18 18
18 49 18
49 63 18
63 77 18
F19
1024
42 41 19
41 40 19
40 36 19
36 37 19
37 73 19
73 98 19
98 100 19
F20
1024
9 8 20
8 11 20
11 14 20
14 15 20
