F1
128
57 56 1
56 55 1
55 35 1
35 36 1
36 32 1
32 29 1
29 30 1
F2
128
88 83 2
83 69 2
69 55 2
55 54 2
54 53 2
F3
128
27 29 3
29 32 3
32 36 3
36 35 3
35 55 3
F4
128
1 13 4
13 11 4
11 12 4
12 47 4
47 61 4
61 60 4
F5
128
23 20 5
20 17 5
17 14 5
14 11 5
11 12 5
12 16 5
F6
128
87 84 6
84 83 6
83 82 6
82 89 6
F7
128
59 39 7
39 40 7
40 36 7
36 37 7
37 33 7
33 98 7
F8
256
59 39 8
39 40 8
40 36 8
36 37 8
37 33 8
33 98 8
F9
256
2 15 9
15 14 9
14 11 9
11 12 9
12 47 9
47 61 9
61 75 9
F10
256
87 84 10
84 83 10
83 82 10
82 89 10
F11
512
87 84 11
84 83 11
83 82 11
82 89 11
F12
512
71 56 12
56 38 12
38 40 12
40 36 12
36 32 12
32 34 12
34 31 12
31 28 12
F13
512
72 20 13
20 17 13
17 14 13
14 11 13
11 8 13
8 9 13
9 6 13
F14
512
1 13 14
13 11 14
11 12 14
12 47 14
47 61 14
61 60 14
F15
512
69 68 15
68 82 15
82 81 15
81 80 15
F16
1024
41 40 16
40 36 16
36 37 16
37 73 16
F17
1024
44 19 17
19 15 17
15 14 17
14 11 17
11 12 17
12 47 17
47 48 17
48 49 17
F18
1024
71 56 18
56 38 18
38 40 18
40 36 18
36 32 18
32 34 18
34 31 18
31 28 18
F19
1024
74 75 19
75 76 19
76 77 19
77 63 19
63 64 19
64 78 19
78 77 19
77 94 19
F20
1024
52 51 20
51 50 20
50 49 20
49 63 20
63 64 20
64 65 20
