F1
128
74 75 1
75 76 1
76 77 1
77 63 1
63 64 1
64 78 1
78 77 1
77 94 1
F2
128
87 84 2
84 83 2
83 82 2
82 89 2
F3
256
95 76 3
76 77 3
77 63 3
63 49 3
49 50 3
50 22 3
22 18 3
F4
256
21 19 4
19 17 4
17 14 4
14 11 4
11 8 4
8 5 4
F5
256
4 9 5
9 8 5
8 11 5
11 12 5
12 47 5
47 46 5
F6
256
44 19 6
19 15 6
15 14 6
14 11 6
11 12 6
12 47 6
47 48 6
48 49 6
F7
512
44 19 7
19 15 7
15 14 7
14 11 7
11 12 7
12 47 7
47 48 7
48 49 7
F8
512
87 84 8
84 83 8
83 82 8
82 89 8
F9
512
84 83 9
83 82 9
82 81 9
81 90 9
F10
512
96 95 10
95 76 10
75 77 10
77 63 10
63 49 10
49 18 10
18 17 10
17 20 10
F11
512
17 18 11
18 49 11
49 63 11
63 77 11
F12
512
72 20 12
20 17 12
17 14 12
14 11 12
11 8 12
8 9 12
9 6 12
F13
512
88 83 13
83 69 13
69 55 13
55 54 13
54 53 13
F14
1024
57 56 14
56 55 14
55 35 14
35 36 14
36 32 14
32 29 14
29 30 14
F15
1024
71 56 15
56 38 15
38 40 15
40 36 15
36 32 15
32 34 15
34 31 15
31 28 15
F16
1024
9 8 16
8 11 16
11 14 16
14 15 16
F17
1024
87 84 17
84 83 17
83 82 17
82 89 17
F18
1024
93 78 18
78 64 18
64 63 18
63 49 18
49 18 18
18 16 18
16 12 18
F19
1024
27 29 19
29 32 19
32 36 19
36 35 19
35 55 19
F20
1024
41 40 20
40 36 20
36 37 20
37 73 20
