F1
128
54 68 1
68 82 1
82 81 1
81 80 1
80 79 1
F2
128
22 50 2
50 49 2
49 63 2
63 62 2
62 61 2
F3
256
87 84 3
84 83 3
83 82 3
82 89 3
F4
256
70 69 4
69 68 4
68 82 4
82 81 4
F5
256
44 19 5
19 15 5
15 14 5
14 11 5
11 12 5
12 47 5
47 48 5
48 49 5
F6
512
50 64 6
64 63 6
63 77 6
77 76 6
F7
512
57 56 7
56 55 7
55 35 7
35 36 7
36 32 7
32 29 7
29 30 7
F8
512
70 69 8
69 68 8
68 82 8
82 81 8
F9
512
54 68 9
68 82 9
82 81 9
81 80 9
80 79 9
F10
512
42 41 10
41 40 10
40 36 10
36 37 10
37 73 10
73 98 10
98 100 10
F11
512
85 84 11
84 83 11
83 82 11
82 81 11
81 80 11
80 91 11
F12
512
96 95 12
95 76 12
75 77 12
77 63 12
63 49 12
49 18 12
18 17 12
17 20 12
F13
512
83 82 13
82 68 13
68 54 13
54 34 13
F14
512
44 19 14
19 15 14
15 14 14
14 11 14
11 12 14
12 47 14
47 48 14
48 49 14
F15
1024
41 40 15
40 36 15
36 37 15
37 73 15
F16
1024
44 19 16
19 15 16
15 14 16
14 11 16
11 12 16
12 47 16
47 48 16
48 49 16
F17
1024
57 56 17
56 55 17
55 35 17
35 36 17
36 32 17
32 29 17
29 30 17
F18
1024
3 6 18
6 9 18
9 13 18
13 11 18
11 14 18
14 16 18
16 48 18
48 62 18
F19
1024
74 75 19
75 76 19
76 77 19
77 63 19
63 64 19
64 78 19
78 77 19
77 94 19
F20
1024
17 18 20
18 49 20
49 63 20
63 77 20
