F1
128
22 50 1
50 49 1
49 63 1
63 62 1
62 61 1
F2
128
1 13 2
13 11 2
11 12 2
12 47 2
47 61 2
61 60 2
F3
128
19 15 3
15 13 3
13 11 3
11 12 3
12 10 3
F4
128
66 80 4
80 81 4
81 82 4
82 68 4
F5
256
59 39 5
39 40 5
40 36 5
36 37 5
37 33 5
33 98 5
F6
256
52 51 6
51 50 6
50 49 6
49 63 6
63 64 6
64 65 6
F7
256
50 64 7
64 63 7
63 77 7
77 76 7
F8
256
87 84 8
84 83 8
83 82 8
82 89 8
F9
256
85 84 9
84 83 9
83 82 9
82 81 9
81 80 9
80 91 9
F10
256
84 83 10
83 82 10
82 81 10
81 90 10
F11
512
43 38 11
38 40 11
40 36 11
36 32 11
32 29 11
29 27 11
27 26 11
F12
512
84 83 12
83 82 12
82 81 12
81 90 12
F13
512
85 84 13
84 83 13
83 82 13
82 81 13
81 80 13
80 91 13
F14
512
66 80 14
80 81 14
81 82 14
82 68 14
F15
1024
51 50 15
50 49 15
49 63 15
63 64 15
F16
1024
9 8 16
8 11 16
11 14 16
14 15 16
F17
1024
45 42 17
42 39 17
39 40 17
40 36 17
36 37 17
37 33 17
33 98 17
F18
1024
4 9 18
9 8 18
8 11 18
11 12 18
12 47 18
47 46 18
F19
1024
93 78 19
78 64 19
64 63 19
63 49 19
49 18 19
18 16 19
16 12 19
F20
1024
59 39 20
39 40 20
40 36 20
36 37 20
37 33 20
33 98 20
