F1
128
44 19 1
19 15 1
15 14 1
14 11 1
11 12 1
12 47 1
47 48 1
48 49 1
F2
128
19 15 2
15 13 2
13 11 2
11 12 2
12 10 2
F3
256
71 56 3
56 38 3
38 40 3
40 36 3
36 32 3
32 34 3
34 31 3
31 28 3
F4
256
51 50 4
50 49 4
49 63 4
63 64 4
F5
256
85 84 5
84 83 5
83 82 5
82 81 5
81 80 5
80 91 5
F6
512
21 19 6
19 17 6
17 14 6
14 11 6
11 8 6
8 5 6
F7
512
21 19 7
19 17 7
17 14 7
14 11 7
11 8 7
8 5 7
F8
512
83 82 8
82 68 8
68 54 8
54 34 8
F9
512
83 82 9
82 68 9
68 54 9
54 34 9
F10
512
84 83 10
83 82 10
82 81 10
81 90 10
F11
512
84 83 11
83 82 11
82 81 11
81 90 11
F12
512
97 76 12
76 77 12
77 63 12
63 49 12
49 48 12
48 16 12
16 14 12
F13
1024
44 19 13
19 15 13
15 14 13
14 11 13
11 12 13
12 47 13
47 48 13
48 49 13
F14
1024
23 20 14
20 17 14
17 14 14
14 11 14
11 12 14
12 16 14
F15
1024
41 40 15
40 36 15
36 37 15
37 73 15
F16
1024
21 19 16
19 17 16
17 14 16
14 11 16
11 8 16
8 5 16
F17
1024
2 15 17
15 14 17
14 11 17
11 12 17
12 47 17
47 61 17
61 75 17
F18
1024
85 84 18
84 83 18
83 82 18
82 81 18
81 80 18
80 91 18
F19
1024
86 87 19
87 88 19
88 83 19
83 82 19
82 81 19
81 80 19
80 79 19
79 92 19
F20
1024
17 18 20
18 49 20
49 63 20
63 77 20
