F1
128
41 40 1
40 36 1
36 37 1
37 73 1
F2
128
1 13 2
13 11 2
11 12 2
12 47 2
47 61 2
61 60 2
F3
128
21 19 3
19 17 3
17 14 3
14 11 3
11 8 3
8 5 3
F4
128
1 13 4
13 11 4
11 12 4
12 47 4
47 61 4
61 60 4
F5
128
57 56 5
56 55 5
55 35 5
35 36 5
36 32 5
32 29 5
29 30 5
F6
128
69 68 6
68 82 6
82 81 6
81 80 6
F7
128
97 76 7
76 77 7
77 63 7
63 49 7
49 48 7
48 16 7
16 14 7
F8
256
17 18 8
18 49 8
49 63 8
63 77 8
F9
256
3 6 9
6 9 9
9 13 9
13 11 9
11 14 9
14 16 9
16 48 9
48 62 9
F10
512
83 82 10
82 68 10
68 54 10
54 34 10
F11
512
58 19 11
19 15 11
15 13 11
13 11 11
11 8 11
8 10 11
10 7 11
F12
512
97 76 12
76 77 12
77 63 12
63 49 12
49 48 12
48 16 12
16 14 12
F13
512
85 84 13
84 83 13
83 82 13
82 81 13
81 80 13
80 91 13
F14
512
66 80 14
80 81 14
81 82 14
82 68 14
F15
512
84 83 15
83 82 15
82 81 15
81 90 15
F16
1024
50 64 16
64 63 16
63 77 16
77 76 16
F17
1024
84 83 17
83 82 17
82 81 17
81 90 17
F18
1024
3 6 18
6 9 18
9 13 18
13 11 18
11 14 18
14 16 18
16 48 18
48 62 18
F19
1024
66 80 19
80 81 19
81 82 19
82 68 19
F20
1024
43 38 20
38 40 20
40 36 20
36 32 20
32 29 20
29 27 20
27 26 20
