F1
128
74 75 1
75 76 1
76 77 1
77 63 1
63 64 1
64 78 1
78 77 1
77 94 1
F2
128
69 68 2
68 82 2
82 81 2
81 80 2
F3
128
88 83 3
83 69 3
69 55 3
55 54 3
54 53 3
F4
128
54 68 4
68 82 4
82 81 4
81 80 4
80 79 4
F5
128
93 78 5
78 64 5
64 63 5
63 49 5
49 18 5
18 16 5
16 12 5
F6
128
3 6 6
6 9 6
9 13 6
13 11 6
11 14 6
14 16 6
16 48 6
48 62 6
F7
128
57 56 7
56 55 7
55 35 7
35 36 7
36 32 7
32 29 7
29 30 7
F8
256
54 68 8
68 82 8
82 81 8
81 80 8
80 79 8
F9
256
84 83 9
83 82 9
82 81 9
81 90 9
F10
256
96 95 10
95 76 10
75 77 10
77 63 10
63 49 10
49 18 10
18 17 10
17 20 10
F11
512
85 84 11
84 83 11
83 82 11
82 81 11
81 80 11
80 91 11
F12
512
19 15 12
15 13 12
13 11 12
11 12 12
12 10 12
F13
512
96 95 13
95 76 13
75 77 13
77 63 13
63 49 13
49 18 13
18 17 13
17 20 13
F14
512
83 82 14
82 68 14
68 54 14
54 34 14
F15
1024
21 19 15
19 17 15
17 14 15
14 11 15
11 8 15
8 5 15
F16
1024
27 29 16
29 32 16
32 36 16
36 35 16
35 55 16
F17
1024
22 50 17
50 49 17
49 63 17
63 62 17
62 61 17
F18
1024
97 76 18
76 77 18
77 63 18
63 49 18
49 48 18
48 16 18
16 14 18
F19
1024
50 64 19
64 63 19
63 77 19
77 76 19
F20
1024
74 75 20
75 76 20
76 77 20
77 63 20
63 64 20
64 78 20
78 77 20
77 94 20
