F1
128
70 69 1
69 68 1
68 82 1
82 81 1
F2
128
50 64 2
64 63 2
63 77 2
77 76 2
F3
128
3 6 3
6 9 3
9 13 3
13 11 3
11 14 3
14 16 3
16 48 3
48 62 3
F4
128
96 95 4
95 76 4
75 77 4
77 63 4
63 49 4
49 18 4
18 17 4
17 20 4
F5
128
52 51 5
51 50 5
50 49 5
49 63 5
63 64 5
64 65 5
F6
128
72 20 6
20 17 6
17 14 6
14 11 6
11 8 6
8 9 6
9 6 6
F7
256
71 56 7
56 38 7
38 40 7
40 36 7
36 32 7
32 34 7
34 31 7
31 28 7
F8
256
74 75 8
75 76 8
76 77 8
77 63 8
63 64 8
64 78 8
78 77 8
77 94 8
F9
256
86 87 9
87 88 9
88 83 9
83 82 9
82 81 9
81 80 9
80 79 9
79 92 9
F10
256
44 19 10
19 15 10
15 14 10
14 11 10
11 12 10
12 47 10
47 48 10
48 49 10
F11
256
3 6 11
6 9 11
9 13 11
13 11 11
11 14 11
14 16 11
16 48 11
48 62 11
F12
256
93 78 12
78 64 12
64 63 12
63 49 12
49 18 12
18 16 12
16 12 12
F13
256
95 76 13
76 77 13
77 63 13
63 49 13
49 50 13
50 22 13
22 18 13
F14
256
2 15 14
15 14 14
14 11 14
11 12 14
12 47 14
47 61 14
61 75 14
F15
256
9 8 15
8 11 15
11 14 15
14 15 15
F16
512
52 51 16
51 50 16
50 49 16
49 63 16
63 64 16
64 65 16
F17
512
50 64 17
64 63 17
63 77 17
77 76 17
F18
1024
19 15 18
15 13 18
13 11 18
11 12 18
12 10 18
F19
1024
45 42 19
42 39 19
39 40 19
40 36 19
36 37 19
37 33 19
33 98 19
F20
1024
96 95 20
95 76 20
75 77 20
77 63 20
63 49 20
49 18 20
18 17 20
17 20 20
