F1
128
95 76 1
76 77 1
77 63 1
63 49 1
49 50 1
50 22 1
22 18 1
F2
128
9 8 2
8 11 2
11 14 2
14 15 2
F3
128
50 64 3
64 63 3
63 77 3
77 76 3
F4
256
4 9 4
9 8 4
8 11 4
11 12 4
12 47 4
47 46 4
F5
256
74 75 5
75 76 5
76 77 5
77 63 5
63 64 5
64 78 5
78 77 5
77 94 5
F6
256
2 15 6
15 14 6
14 11 6
11 12 6
12 47 6
47 61 6
61 75 6
F7
256
88 83 7
83 69 7
69 55 7
55 54 7
54 53 7
F8
512
52 51 8
51 50 8
50 49 8
49 63 8
63 64 8
64 65 8
F9
512
21 19 9
19 17 9
17 14 9
14 11 9
11 8 9
8 5 9
F10
512
4 9 10
9 8 10
8 11 10
11 12 10
12 47 10
47 46 10
F11
512
88 83 11
83 69 11
69 55 11
55 54 11
54 53 11
F12
512
1 13 12
13 11 12
11 12 12
12 47 12
47 61 12
61 60 12
F13
1024
50 64 13
64 63 13
63 77 13
77 76 13
F14
1024
57 56 14
56 55 14
55 35 14
35 36 14
36 32 14
32 29 14
29 30 14
F15
1024
96 95 15
95 76 15
75 77 15
77 63 15
63 49 15
49 18 15
18 17 15
17 20 15
F16
1024
54 68 16
68 82 16
82 81 16
81 80 16
80 79 16
F17
1024
70 69 17
69 68 17
68 82 17
82 81 17
F18
1024
97 76 18
76 77 18
77 63 18
63 49 18
49 48 18
48 16 18
16 14 18
F19
1024
59 39 19
39 40 19
40 36 19
36 37 19
37 33 19
33 98 19
F20
1024
93 78 20
78 64 20
64 63 20
63 49 20
49 18 20
18 16 20
16 12 20
