F1
128
51 50 1
50 49 1
49 63 1
63 64 1
F2
128
9 8 2
8 11 2
11 14 2
14 15 2
F3
128
58 19 3
19 15 3
15 13 3
13 11 3
11 8 3
8 10 3
10 7 3
F4
128
72 20 4
20 17 4
17 14 4
14 11 4
11 8 4
8 9 4
9 6 4
F5
128
23 20 5
20 17 5
17 14 5
14 11 5
11 12 5
12 16 5
F6
128
27 29 6
29 32 6
32 36 6
36 35 6
35 55 6
F7
256
66 80 7
80 81 7
81 82 7
82 68 7
F8
256
19 15 8
15 13 8
13 11 8
11 12 8
12 10 8
F9
256
45 42 9
42 39 9
39 40 9
40 36 9
36 37 9
37 33 9
33 98 9
F10
512
88 83 10
83 69 10
69 55 10
55 54 10
54 53 10
F11
512
2 15 11
15 14 11
14 11 11
11 12 11
12 47 11
47 61 11
61 75 11
F12
512
72 20 12
20 17 12
17 14 12
14 11 12
11 8 12
8 9 12
9 6 12
F13
512
57 56 13
56 55 13
55 35 13
35 36 13
36 32 13
32 29 13
29 30 13
F14
512
84 83 14
83 82 14
82 81 14
81 90 14
F15
512
71 56 15
56 38 15
38 40 15
40 36 15
36 32 15
32 34 15
34 31 15
31 28 15
F16
1024
88 83 16
83 69 16
69 55 16
55 54 16
54 53 16
F17
1024
71 56 17
56 38 17
38 40 17
40 36 17
36 32 17
32 34 17
34 31 17
31 28 17
F18
1024
57 56 18
56 55 18
55 35 18
35 36 18
36 32 18
32 29 18
29 30 18
F19
1024
96 95 19
95 76 19
75 77 19
77 63 19
63 49 19
49 18 19
18 17 19
17 20 19
F20
1024
19 15 20
15 13 20
13 11 20
11 12 20
12 10 20
