F1
128
84 83 1
83 82 1
82 81 1
81 90 1
F2
128
59 39 2
39 40 2
40 36 2
36 37 2
37 33 2
33 98 2
F3
128
66 80 3
80 81 3
81 82 3
82 68 3
F4
128
85 84 4
84 83 4
83 82 4
82 81 4
81 80 4
80 91 4
F5
128
21 19 5
19 17 5
17 14 5
14 11 5
11 8 5
8 5 5
F6
128
88 83 6
83 69 6
69 55 6
55 54 6
54 53 6
F7
256
58 19 7
19 15 7
15 13 7
13 11 7
11 8 7
8 10 7
10 7 7
F8
256
95 76 8
76 77 8
77 63 8
63 49 8
49 50 8
50 22 8
22 18 8
F9
256
9 8 9
8 11 9
11 14 9
14 15 9
F10
512
95 76 10
76 77 10
77 63 10
63 49 10
49 50 10
50 22 10
22 18 10
F11
512
43 38 11
38 40 11
40 36 11
36 32 11
32 29 11
29 27 11
27 26 11
F12
512
54 68 12
68 82 12
82 81 12
81 80 12
80 79 12
F13
512
43 38 13
38 40 13
40 36 13
36 32 13
32 29 13
29 27 13
27 26 13
F14
512
42 41 14
41 40 14
40 36 14
36 37 14
37 73 14
73 98 14
98 100 14
F15
512
9 8 15
8 11 15
11 14 15
14 15 15
F16
1024
4 9 16
9 8 16
8 11 16
11 12 16
12 47 16
47 46 16
F17
1024
22 50 17
50 49 17
49 63 17
63 62 17
62 61 17
F18
1024
22 50 18
50 49 18
49 63 18
63 62 18
62 61 18
F19
1024
51 50 19
50 49 19
49 63 19
63 64 19
F20
1024
52 51 20
51 50 20
50 49 20
49 63 20
63 64 20
64 65 20
