F1
128
83 82 1
82 68 1
68 54 1
54 34 1
F2
128
83 82 2
82 68 2
68 54 2
54 34 2
F3
128
84 83 3
83 82 3
82 81 3
81 90 3
F4
128
87 84 4
84 83 4
83 82 4
82 89 4
F5
128
52 51 5
51 50 5
50 49 5
49 63 5
63 64 5
64 65 5
F6
256
72 20 6
20 17 6
17 14 6
14 11 6
11 8 6
8 9 6
9 6 6
F7
256
27 29 7
29 32 7
32 36 7
36 35 7
35 55 7
F8
256
59 39 8
39 40 8
40 36 8
36 37 8
37 33 8
33 98 8
F9
256
84 83 9
83 82 9
82 81 9
81 90 9
F10
256
42 41 10
41 40 10
40 36 10
36 37 10
37 73 10
73 98 10
98 100 10
F11
512
83 82 11
82 68 11
68 54 11
54 34 11
F12
512
22 50 12
50 49 12
49 63 12
63 62 12
62 61 12
F13
512
95 76 13
76 77 13
77 63 13
63 49 13
49 50 13
50 22 13
22 18 13
F14
512
56 55 14
55 54 14
54 68 14
68 82 14
82 81 14
81 67 14
F15
1024
50 64 15
64 63 15
63 77 15
77 76 15
F16
1024
87 84 16
84 83 16
83 82 16
82 89 16
F17
1024
43 38 17
38 40 17
40 36 17
36 32 17
32 29 17
29 27 17
27 26 17
F18
1024
19 15 18
15 13 18
13 11 18
11 12 18
12 10 18
F19
1024
22 50 19
50 49 19
49 63 19
63 62 19
62 61 19
F20
1024
2 15 20
15 14 20
14 11 20
11 12 20
12 47 20
47 61 20
61 75 20
