F1
128
22 50 1
50 49 1
49 63 1
63 62 1
62 61 1
F2
128
66 80 2
80 81 2
81 82 2
82 68 2
F3
128
4 9 3
9 8 3
8 11 3
11 12 3
12 47 3
47 46 3
F4
128
51 50 4
50 49 4
49 63 4
63 64 4
F5
256
3 6 5
6 9 5
9 13 5
13 11 5
11 14 5
14 16 5
16 48 5
48 62 5
F6
256
95 76 6
76 77 6
77 63 6
63 49 6
49 50 6
50 22 6
22 18 6
F7
256
22 50 7
50 49 7
49 63 7
63 62 7
62 61 7
F8
256
87 84 8
84 83 8
83 82 8
82 89 8
F9
256
97 76 9
76 77 9
77 63 9
63 49 9
49 48 9
48 16 9
16 14 9
F10
256
1 13 10
13 11 10
11 12 10
12 47 10
47 61 10
61 60 10
F11
512
97 76 11
76 77 11
77 63 11
63 49 11
49 48 11
48 16 11
16 14 11
F12
512
23 20 12
20 17 12
17 14 12
14 11 12
11 12 12
12 16 12
F13
512
42 41 13
41 40 13
40 36 13
36 37 13
37 73 13
73 98 13
98 100 13
F14
1024
70 69 14
69 68 14
68 82 14
82 81 14
F15
1024
52 51 15
51 50 15
50 49 15
49 63 15
63 64 15
64 65 15
F16
1024
43 38 16
38 40 16
40 36 16
36 32 16
32 29 16
29 27 16
27 26 16
F17
1024
4 9 17
9 8 17
8 11 17
11 12 17
12 47 17
47 46 17
F18
1024
74 75 18
75 76 18
76 77 18
77 63 18
63 64 18
64 78 18
78 77 18
77 94 18
F19
1024
9 8 19
8 11 19
11 14 19
14 15 19
F20
1024
51 50 20
50 49 20
49 63 20
63 64 20
