F1
128
74 75 1
75 76 1
76 77 1
77 63 1
63 64 1
64 78 1
78 77 1
77 94 1
F2
128
58 19 2
19 15 2
15 13 2
13 11 2
11 8 2
8 10 2
10 7 2
F3
128
3 6 3
6 9 3
9 13 3
13 11 3
11 14 3
14 16 3
16 48 3
48 62 3
F4
128
52 51 4
51 50 4
50 49 4
49 63 4
63 64 4
64 65 4
F5
128
17 18 5
18 49 5
49 63 5
63 77 5
F6
128
17 18 6
18 49 6
49 63 6
63 77 6
F7
128
83 82 7
82 68 7
68 54 7
54 34 7
F8
256
85 84 8
84 83 8
83 82 8
82 81 8
81 80 8
80 91 8
F9
256
93 78 9
78 64 9
64 63 9
63 49 9
49 18 9
18 16 9
16 12 9
F10
512
23 20 10
20 17 10
17 14 10
14 11 10
11 12 10
12 16 10
F11
512
2 15 11
15 14 11
14 11 11
11 12 11
12 47 11
47 61 11
61 75 11
F12
1024
72 20 12
20 17 12
17 14 12
14 11 12
11 8 12
8 9 12
9 6 12
F13
1024
21 19 13
19 17 13
17 14 13
14 11 13
11 8 13
8 5 13
F14
1024
69 68 14
68 82 14
82 81 14
81 80 14
F15
1024
1 13 15
13 11 15
11 12 15
12 47 15
47 61 15
61 60 15
F16
1024
22 50 16
50 49 16
49 63 16
63 62 16
62 61 16
F17
1024
58 19 17
19 15 17
15 13 17
13 11 17
11 8 17
8 10 17
10 7 17
F18
1024
21 19 18
19 17 18
17 14 18
14 11 18
11 8 18
8 5 18
F19
1024
70 69 19
69 68 19
68 82 19
82 81 19
F20
1024
88 83 20
83 69 20
69 55 20
55 54 20
54 53 20
