F1
128
9 8 1
8 11 1
11 14 1
14 15 1
F2
128
50 64 2
64 63 2
63 77 2
77 76 2
F3
128
27 29 3
29 32 3
32 36 3
36 35 3
35 55 3
F4
256
21 19 4
19 17 4
17 14 4
14 11 4
11 8 4
8 5 4
F5
256
23 20 5
20 17 5
17 14 5
14 11 5
11 12 5
12 16 5
F6
256
22 50 6
50 49 6
49 63 6
63 62 6
62 61 6
F7
512
43 38 7
38 40 7
40 36 7
36 32 7
32 29 7
29 27 7
27 26 7
F8
512
23 20 8
20 17 8
17 14 8
14 11 8
11 12 8
12 16 8
F9
512
23 20 9
20 17 9
17 14 9
14 11 9
11 12 9
12 16 9
F10
512
85 84 10
84 83 10
83 82 10
82 81 10
81 80 10
80 91 10
F11
512
95 76 11
76 77 11
77 63 11
63 49 11
49 50 11
50 22 11
22 18 11
F12
1024
69 68 12
68 82 12
82 81 12
81 80 12
F13
1024
72 20 13
20 17 13
17 14 13
14 11 13
11 8 13
8 9 13
9 6 13
F14
1024
1 13 14
13 11 14
11 12 14
12 47 14
47 61 14
61 60 14
F15
1024
93 78 15
78 64 15
64 63 15
63 49 15
49 18 15
18 16 15
16 12 15
F16
1024
87 84 16
84 83 16
83 82 16
82 89 16
F17
1024
50 64 17
64 63 17
63 77 17
77 76 17
F18
1024
85 84 18
84 83 18
83 82 18
82 81 18
81 80 18
80 91 18
F19
1024
88 83 19
83 69 19
69 55 19
55 54 19
54 53 19
F20
1024
2 15 20
15 14 20
14 11 20
11 12 20
12 47 20
47 61 20
61 75 20
