F1
128
4 9 1
9 8 1
8 11 1
11 12 1
12 47 1
47 46 1
F2
128
83 82 2
82 68 2
68 54 2
54 34 2
F3
128
85 84 3
84 83 3
83 82 3
82 81 3
81 80 3
80 91 3
F4
128
66 80 4
80 81 4
81 82 4
82 68 4
F5
256
41 40 5
40 36 5
36 37 5
37 73 5
F6
256
44 19 6
19 15 6
15 14 6
14 11 6
11 12 6
12 47 6
47 48 6
48 49 6
F7
256
45 42 7
42 39 7
39 40 7
40 36 7
36 37 7
37 33 7
33 98 7
F8
256
2 15 8
15 14 8
14 11 8
11 12 8
12 47 8
47 61 8
61 75 8
F9
256
69 68 9
68 82 9
82 81 9
81 80 9
F10
256
95 76 10
76 77 10
77 63 10
63 49 10
49 50 10
50 22 10
22 18 10
F11
512
74 75 11
75 76 11
76 77 11
77 63 11
63 64 11
64 78 11
78 77 11
77 94 11
F12
512
42 41 12
41 40 12
40 36 12
36 37 12
37 73 12
73 98 12
98 100 12
F13
512
74 75 13
75 76 13
76 77 13
77 63 13
63 64 13
64 78 13
78 77 13
77 94 13
F14
512
1 13 14
13 11 14
11 12 14
12 47 14
47 61 14
61 60 14
F15
512
22 50 15
50 49 15
49 63 15
63 62 15
62 61 15
F16
512
43 38 16
38 40 16
40 36 16
36 32 16
32 29 16
29 27 16
27 26 16
F17
1024
4 9 17
9 8 17
8 11 17
11 12 17
12 47 17
47 46 17
F18
1024
83 82 18
82 68 18
68 54 18
54 34 18
F19
1024
21 19 19
19 17 19
17 14 19
14 11 19
11 8 19
8 5 19
F20
1024
22 50 20
50 49 20
49 63 20
63 62 20
62 61 20
