F1
128
71 56 1
56 38 1
38 40 1
40 36 1
36 32 1
32 34 1
34 31 1
31 28 1
F2
128
3 6 2
6 9 2
9 13 2
13 11 2
11 14 2
14 16 2
16 48 2
48 62 2
F3
128
42 41 3
41 40 3
40 36 3
36 37 3
37 73 3
73 98 3
98 100 3
F4
128
54 68 4
68 82 4
82 81 4
81 80 4
80 79 4
F5
128
96 95 5
95 76 5
75 77 5
77 63 5
63 49 5
49 18 5
18 17 5
17 20 5
F6
128
45 42 6
42 39 6
39 40 6
40 36 6
36 37 6
37 33 6
33 98 6
F7
128
19 15 7
15 13 7
13 11 7
11 12 7
12 10 7
F8
256
57 56 8
56 55 8
55 35 8
35 36 8
36 32 8
32 29 8
29 30 8
F9
256
74 75 9
75 76 9
76 77 9
77 63 9
63 64 9
64 78 9
78 77 9
77 94 9
F10
256
93 78 10
78 64 10
64 63 10
63 49 10
49 18 10
18 16 10
16 12 10
F11
512
57 56 11
56 55 11
55 35 11
35 36 11
36 32 11
32 29 11
29 30 11
F12
512
9 8 12
8 11 12
11 14 12
14 15 12
F13
512
17 18 13
18 49 13
49 63 13
63 77 13
F14
512
85 84 14
84 83 14
83 82 14
82 81 14
81 80 14
80 91 14
F15
1024
88 83 15
83 69 15
69 55 15
55 54 15
54 53 15
F16
1024
95 76 16
76 77 16
77 63 16
63 49 16
49 50 16
50 22 16
22 18 16
F17
1024
66 80 17
80 81 17
81 82 17
82 68 17
F18
1024
54 68 18
68 82 18
82 81 18
81 80 18
80 79 18
F19
1024
86 87 19
87 88 19
88 83 19
83 82 19
82 81 19
81 80 19
80 79 19
79 92 19
F20
1024
27 29 20
29 32 20
32 36 20
36 35 20
35 55 20
