F1
128
54 68 1
68 82 1
82 81 1
81 80 1
80 79 1
F2
128
51 50 2
50 49 2
49 63 2
63 64 2
F3
128
59 39 3
39 40 3
40 36 3
36 37 3
37 33 3
33 98 3
F4
128
41 40 4
40 36 4
36 37 4
37 73 4
F5
128
86 87 5
87 88 5
88 83 5
83 82 5
82 81 5
81 80 5
80 79 5
79 92 5
F6
128
17 18 6
18 49 6
49 63 6
63 77 6
F7
128
84 83 7
83 82 7
82 81 7
81 90 7
F8
128
57 56 8
56 55 8
55 35 8
35 36 8
36 32 8
32 29 8
29 30 8
F9
128
57 56 9
56 55 9
55 35 9
35 36 9
36 32 9
32 29 9
29 30 9
F10
256
52 51 10
51 50 10
50 49 10
49 63 10
63 64 10
64 65 10
F11
256
54 68 11
68 82 11
82 81 11
81 80 11
80 79 11
F12
256
70 69 12
69 68 12
68 82 12
82 81 12
F13
256
19 15 13
15 13 13
13 11 13
11 12 13
12 10 13
F14
256
3 6 14
6 9 14
9 13 14
13 11 14
11 14 14
14 16 14
16 48 14
48 62 14
F15
512
57 56 15
56 55 15
55 35 15
35 36 15
36 32 15
32 29 15
29 30 15
F16
512
71 56 16
56 38 16
38 40 16
40 36 16
36 32 16
32 34 16
34 31 16
31 28 16
F17
1024
3 6 17
6 9 17
9 13 17
13 11 17
11 14 17
14 16 17
16 48 17
48 62 17
F18
1024
56 55 18
55 54 18
54 68 18
68 82 18
82 81 18
81 67 18
F19
1024
42 41 19
41 40 19
40 36 19
36 37 19
37 73 19
73 98 19
98 100 19
F20
1024
2 15 20
15 14 20
14 11 20
11 12 20
12 47 20
47 61 20
61 75 20
