F1
256
26 21 1
21 16 1
16 11 1
11 58 1
58 56 1
56 83 1
F2
256
10 12 2
12 14 2
14 11 2
11 56 2
56 79 2
79 75 2
F3
256
99 89 3
89 87 3
87 53 3
53 50 3
50 33 3
33 32 3
32 29 3
F4
256
1 6 4
6 8 4
8 35 4
35 56 4
56 44 4
44 60 4
F5
256
94 97 5
97 86 5
86 68 5
68 76 5
76 82 5
82 74 5
F6
256
66 49 6
49 83 6
83 35 6
35 56 6
F7
1024
90 85 7
85 100 7
100 76 7
76 61 7
61 28 7
28 25 7
25 30 7
F8
1024
42 77 8
77 70 8
70 98 8
98 76 8
76 68 8
68 87 8
F9
1024
42 77 9
77 70 9
70 98 9
98 76 9
76 68 9
68 87 9
F10
1024
80 78 10
78 93 10
93 68 10
68 76 10
76 100 10
100 91 10
