F1
256
46 52 1
52 58 1
58 11 1
11 16 1
16 21 1
21 24 1
24 15 1
F2
256
46 52 2
52 58 2
58 11 2
11 16 2
16 21 2
21 24 2
24 15 2
F3
256
25 28 3
28 61 3
61 76 3
76 98 3
98 63 3
63 65 3
F4
256
24 20 4
20 16 4
16 11 4
11 13 4
13 12 4
F5
512
5 7 5
7 9 5
9 13 5
13 11 5
11 16 5
16 21 5
21 26 5
26 19 5
F6
512
94 97 6
97 86 6
86 68 6
68 76 6
76 82 6
82 74 6
F7
512
66 49 7
49 83 7
83 35 7
35 56 7
F8
512
46 52 8
52 58 8
58 11 8
11 16 8
16 21 8
21 24 8
24 15 8
F9
512
92 96 9
96 93 9
93 68 9
68 76 9
76 82 9
82 95 9
F10
1024
21 16 10
16 11 10
11 14 10
