F1
256
10 12 1
12 14 1
14 11 1
11 56 1
56 79 1
79 75 1
F2
256
22 18 2
18 14 2
14 11 2
11 58 2
58 52 2
52 71 2
F3
256
94 97 3
97 86 3
86 68 3
68 76 3
76 82 3
82 74 3
F4
256
18 14 4
14 11 4
11 56 4
56 83 4
83 49 4
49 69 4
F5
512
22 18 5
18 14 5
14 11 5
11 58 5
58 52 5
52 71 5
F6
512
99 89 6
89 87 6
87 53 6
53 50 6
50 33 6
33 32 6
32 29 6
F7
512
72 50 7
50 53 7
53 73 7
F8
512
45 37 8
37 32 8
32 39 8
39 50 8
50 72 8
72 68 8
68 86 8
86 97 8
F9
1024
38 47 9
47 53 9
53 50 9
50 72 9
72 68 9
68 93 9
F10
1024
42 77 10
77 70 10
70 98 10
98 76 10
76 68 10
68 87 10
