F1
256
90 85 1
85 100 1
100 76 1
76 61 1
61 28 1
28 25 1
25 30 1
F2
512
24 20 2
20 16 2
16 11 2
11 13 2
13 12 2
F3
512
54 31 3
31 41 3
41 8 3
8 35 3
35 56 3
56 58 3
58 16 3
F4
512
89 87 4
87 68 4
68 76 4
76 61 4
F5
512
20 58 5
58 11 5
11 13 5
13 9 5
F6
512
4 41 6
41 55 6
55 35 6
35 13 6
F7
1024
22 18 7
18 14 7
14 11 7
11 58 7
58 52 7
52 71 7
F8
1024
20 58 8
58 11 8
11 13 8
13 9 8
F9
1024
38 47 9
47 53 9
53 50 9
50 72 9
72 68 9
68 93 9
F10
1024
37 32 10
32 39 10
39 50 10
50 28 10
28 23 10
23 40 10
