F1
256
45 37 1
37 32 1
32 39 1
39 50 1
50 72 1
72 68 1
68 86 1
86 97 1
F2
256
33 50 2
50 57 2
F3
256
4 41 3
41 55 3
55 35 3
35 13 3
F4
256
46 52 4
52 58 4
58 11 4
11 16 4
16 21 4
21 24 4
24 15 4
F5
512
90 85 5
85 100 5
100 76 5
76 61 5
61 28 5
28 25 5
25 30 5
F6
512
3 4 6
4 41 6
41 8 6
8 35 6
35 83 6
83 49 6
49 66 6
66 59 6
F7
512
27 63 7
63 98 7
98 76 7
76 61 7
61 28 7
F8
1024
26 21 8
21 16 8
16 11 8
11 58 8
58 56 8
56 83 8
F9
1024
20 58 9
58 11 9
11 13 9
13 9 9
F10
1024
43 4 10
4 6 10
6 8 10
8 35 10
35 55 10
