F1
256
42 77 1
77 70 1
70 98 1
98 76 1
76 68 1
68 87 1
F2
256
84 73 2
73 53 2
53 50 2
50 39 2
39 36 2
F3
512
66 49 3
49 83 3
83 35 3
35 56 3
F4
512
24 20 4
20 16 4
16 11 4
11 13 4
13 12 4
F5
512
38 47 5
47 53 5
53 50 5
50 72 5
72 68 5
68 93 5
F6
512
99 89 6
89 87 6
87 53 6
53 50 6
50 33 6
33 32 6
32 29 6
F7
1024
94 97 7
97 86 7
86 68 7
68 76 7
76 82 7
82 74 7
F8
1024
94 97 8
97 86 8
86 68 8
68 76 8
76 82 8
82 74 8
F9
1024
8 35 9
35 55 9
55 41 9
F10
1024
92 96 10
96 93 10
93 68 10
68 76 10
76 82 10
82 95 10
