F1
256
1 6 1
6 8 1
8 35 1
35 56 1
56 44 1
44 60 1
F2
256
25 28 2
28 61 2
61 76 2
76 98 2
98 63 2
63 65 2
F3
512
80 78 3
78 93 3
93 68 3
68 76 3
76 100 3
100 91 3
F4
512
80 78 4
78 93 4
93 68 4
68 76 4
76 100 4
100 91 4
F5
512
20 58 5
58 11 5
11 13 5
13 9 5
F6
512
99 89 6
89 87 6
87 53 6
53 50 6
50 33 6
33 32 6
32 29 6
F7
1024
17 14 7
14 11 7
11 56 7
56 79 7
79 88 7
F8
1024
72 50 8
50 53 8
53 73 8
F9
1024
66 49 9
49 83 9
83 35 9
35 56 9
F10
1024
38 47 10
47 53 10
53 50 10
50 72 10
72 68 10
68 93 10
