F1
256
47 33 1
33 50 1
50 39 1
F2
256
72 50 2
50 53 2
53 73 2
F3
256
48 34 3
34 33 3
33 50 3
50 53 3
53 73 3
73 51 3
F4
512
66 49 4
49 83 4
83 35 4
35 56 4
F5
512
27 63 5
63 98 5
98 76 5
76 61 5
61 28 5
F6
512
2 1 6
1 6 6
6 8 6
8 35 6
35 55 6
55 67 6
67 62 6
62 64 6
F7
512
46 52 7
52 58 7
58 11 7
11 16 7
16 21 7
21 24 7
24 15 7
F8
1024
22 18 8
18 14 8
14 11 8
11 58 8
58 52 8
52 71 8
F9
1024
37 32 9
32 39 9
39 50 9
50 28 9
28 23 9
23 40 9
F10
1024
10 12 10
12 14 10
14 11 10
11 56 10
56 79 10
79 75 10
