F1
256
37 32 1
32 39 1
39 50 1
50 28 1
28 23 1
23 40 1
F2
256
22 21 2
21 16 2
16 11 2
11 58 2
58 44 2
44 60 2
F3
512
27 63 3
63 98 3
98 76 3
76 61 3
61 28 3
F4
512
17 14 4
14 11 4
11 56 4
56 79 4
79 88 4
F5
512
26 21 5
21 16 5
16 11 5
11 58 5
58 56 5
56 83 5
F6
512
99 89 6
89 87 6
87 53 6
53 50 6
50 33 6
33 32 6
32 29 6
F7
1024
80 78 7
78 93 7
93 68 7
68 76 7
76 100 7
100 91 7
F8
1024
21 16 8
16 11 8
11 14 8
F9
1024
2 1 9
1 6 9
6 8 9
8 35 9
35 55 9
55 67 9
67 62 9
62 64 9
F10
1024
2 1 10
1 6 10
6 8 10
8 35 10
35 55 10
55 67 10
67 62 10
62 64 10
