F1
256
25 28 1
28 61 1
61 76 1
76 98 1
98 63 1
63 65 1
F2
256
43 4 2
4 6 2
6 8 2
8 35 2
35 55 2
F3
256
37 32 3
32 39 3
39 50 3
50 28 3
28 23 3
23 40 3
F4
256
80 78 4
78 93 4
93 68 4
68 76 4
76 100 4
100 91 4
F5
512
92 96 5
96 93 5
93 68 5
68 76 5
76 82 5
82 95 5
F6
512
99 89 6
89 87 6
87 53 6
53 50 6
50 33 6
33 32 6
32 29 6
F7
512
99 89 7
89 87 7
87 53 7
53 50 7
50 33 7
33 32 7
32 29 7
F8
1024
22 21 8
21 16 8
16 11 8
11 58 8
58 44 8
44 60 8
F9
1024
18 14 9
14 11 9
11 56 9
56 83 9
83 49 9
49 69 9
F10
1024
72 50 10
50 53 10
53 73 10
