F1
256
20 58 1
58 11 1
11 13 1
13 9 1
F2
256
99 89 2
89 87 2
87 53 2
53 50 2
50 33 2
33 32 2
32 29 2
F3
256
92 96 3
96 93 3
93 68 3
68 76 3
76 82 3
82 95 3
F4
256
5 7 4
7 9 4
9 13 4
13 11 4
11 16 4
16 21 4
21 26 4
26 19 4
F5
256
4 41 5
41 55 5
55 35 5
35 13 5
F6
256
38 47 6
47 53 6
53 50 6
50 72 6
72 68 6
68 93 6
F7
512
46 52 7
52 58 7
58 11 7
11 16 7
16 21 7
21 24 7
24 15 7
F8
512
72 50 8
50 53 8
53 73 8
F9
512
5 7 9
7 9 9
9 13 9
13 11 9
11 16 9
16 21 9
21 26 9
26 19 9
F10
1024
37 32 10
32 39 10
39 50 10
50 28 10
28 23 10
23 40 10
