F1
256
38 47 1
47 53 1
53 50 1
50 72 1
72 68 1
68 93 1
F2
256
85 91 2
91 100 2
100 76 2
76 82 2
82 74 2
74 81 2
F3
256
37 32 3
32 39 3
39 50 3
50 28 3
28 23 3
23 40 3
F4
256
2 1 4
1 6 4
6 8 4
8 35 4
35 55 4
55 67 4
67 62 4
62 64 4
F5
512
48 34 5
34 33 5
33 50 5
50 53 5
53 73 5
73 51 5
F6
512
72 50 6
50 53 6
53 73 6
F7
512
90 85 7
85 100 7
100 76 7
76 61 7
61 28 7
28 25 7
25 30 7
F8
1024
33 50 8
50 57 8
F9
1024
43 4 9
4 6 9
6 8 9
8 35 9
35 55 9
F10
1024
45 37 10
37 32 10
32 39 10
39 50 10
50 72 10
72 68 10
68 86 10
86 97 10
