F1
256
22 18 1
18 14 1
14 11 1
11 58 1
58 52 1
52 71 1
F2
256
18 14 2
14 11 2
11 56 2
56 83 2
83 49 2
49 69 2
F3
256
3 4 3
4 41 3
41 8 3
8 35 3
35 83 3
83 49 3
49 66 3
66 59 3
F4
512
72 50 4
50 53 4
53 73 4
F5
512
66 49 5
49 83 5
83 35 5
35 56 5
F6
512
5 7 6
7 9 6
9 13 6
13 11 6
11 16 6
16 21 6
21 26 6
26 19 6
F7
1024
79 56 7
56 35 7
35 55 7
55 67 7
F8
1024
43 4 8
4 6 8
6 8 8
8 35 8
35 55 8
F9
1024
5 7 9
7 9 9
9 13 9
13 11 9
11 16 9
16 21 9
21 26 9
26 19 9
F10
1024
66 49 10
49 83 10
83 35 10
35 56 10
