F1
256
99 89 1
89 87 1
87 53 1
53 50 1
50 33 1
33 32 1
32 29 1
F2
256
27 63 2
63 98 2
98 76 2
76 61 2
61 28 2
F3
256
54 31 3
31 41 3
41 8 3
8 35 3
35 56 3
56 58 3
58 16 3
F4
256
2 1 4
1 6 4
6 8 4
8 35 4
35 55 4
55 67 4
67 62 4
62 64 4
F5
256
22 21 5
21 16 5
16 11 5
11 58 5
58 44 5
44 60 5
F6
256
18 14 6
14 11 6
11 56 6
56 83 6
83 49 6
49 69 6
F7
1024
1 6 7
6 8 7
8 35 7
35 56 7
56 44 7
44 60 7
F8
1024
38 47 8
47 53 8
53 50 8
50 72 8
72 68 8
68 93 8
F9
1024
22 18 9
18 14 9
14 11 9
11 58 9
58 52 9
52 71 9
F10
1024
94 97 10
97 86 10
86 68 10
68 76 10
76 82 10
82 74 10
