F1
256
4 41 1
41 55 1
55 35 1
35 13 1
F2
256
92 96 2
96 93 2
93 68 2
68 76 2
76 82 2
82 95 2
F3
256
3 4 3
4 41 3
41 8 3
8 35 3
35 83 3
83 49 3
49 66 3
66 59 3
F4
256
20 58 4
58 11 4
11 13 4
13 9 4
F5
256
89 87 5
87 68 5
68 76 5
76 61 5
F6
512
42 77 6
77 70 6
70 98 6
98 76 6
76 68 6
68 87 6
F7
512
26 21 7
21 16 7
16 11 7
11 58 7
58 56 7
56 83 7
F8
512
24 20 8
20 16 8
16 11 8
11 13 8
13 12 8
F9
1024
90 85 9
85 100 9
100 76 9
76 61 9
61 28 9
28 25 9
25 30 9
F10
1024
46 52 10
52 58 10
58 11 10
11 16 10
16 21 10
21 24 10
24 15 10
