F1
256
27 63 1
63 98 1
98 76 1
76 61 1
61 28 1
F2
256
45 37 2
37 32 2
32 39 2
39 50 2
50 72 2
72 68 2
68 86 2
86 97 2
F3
256
85 91 3
91 100 3
100 76 3
76 82 3
82 74 3
74 81 3
F4
512
8 35 4
35 55 4
55 41 4
F5
512
85 91 5
91 100 5
100 76 5
76 82 5
82 74 5
74 81 5
F6
512
94 97 6
97 86 6
86 68 6
68 76 6
76 82 6
82 74 6
F7
1024
37 32 7
32 39 7
39 50 7
50 28 7
28 23 7
23 40 7
F8
1024
10 12 8
12 14 8
14 11 8
11 56 8
56 79 8
79 75 8
F9
1024
22 18 9
18 14 9
14 11 9
11 58 9
58 52 9
52 71 9
F10
1024
5 7 10
7 9 10
9 13 10
13 11 10
11 16 10
16 21 10
21 26 10
26 19 10
