F1
256
45 37 1
37 32 1
32 39 1
39 50 1
50 72 1
72 68 1
68 86 1
86 97 1
F2
256
54 31 2
31 41 2
41 8 2
8 35 2
35 56 2
56 58 2
58 16 2
F3
256
54 31 3
31 41 3
41 8 3
8 35 3
35 56 3
56 58 3
58 16 3
F4
256
3 4 4
4 41 4
41 8 4
8 35 4
35 83 4
83 49 4
49 66 4
66 59 4
F5
256
37 32 5
32 39 5
39 50 5
50 28 5
28 23 5
23 40 5
F6
256
22 21 6
21 16 6
16 11 6
11 58 6
58 44 6
44 60 6
F7
256
8 35 7
35 55 7
55 41 7
F8
256
99 89 8
89 87 8
87 53 8
53 50 8
50 33 8
33 32 8
32 29 8
F9
256
20 58 9
58 11 9
11 13 9
13 9 9
F10
256
94 97 10
97 86 10
86 68 10
68 76 10
76 82 10
82 74 10
F11
256
2 1 11
1 6 11
6 8 11
8 35 11
35 55 11
55 67 11
67 62 11
62 64 11
F12
256
47 33 12
33 50 12
50 39 12
F13
256
45 37 13
37 32 13
32 39 13
39 50 13
50 72 13
72 68 13
68 86 13
86 97 13
F14
256
38 47 14
47 53 14
53 50 14
50 72 14
72 68 14
68 93 14
F15
256
92 96 15
96 93 15
93 68 15
68 76 15
76 82 15
82 95 15
F16
512
94 97 16
97 86 16
86 68 16
68 76 16
76 82 16
82 74 16
F17
512
5 7 17
7 9 17
9 13 17
13 11 17
11 16 17
16 21 17
21 26 17
26 19 17
F18
512
42 77 18
77 70 18
70 98 18
98 76 18
76 68 18
68 87 18
F19
512
45 37 19
37 32 19
32 39 19
39 50 19
50 72 19
72 68 19
68 86 19
86 97 19
F20
512
89 87 20
87 68 20
68 76 20
76 61 20
F21
512
54 31 21
31 41 21
41 8 21
8 35 21
35 56 21
56 58 21
58 16 21
F22
512
25 28 22
28 61 22
61 76 22
76 98 22
98 63 22
63 65 22
F23
512
20 58 23
58 11 23
11 13 23
13 9 23
F24
512
20 58 24
58 11 24
11 13 24
13 9 24
F25
512
54 31 25
31 41 25
41 8 25
8 35 25
35 56 25
56 58 25
58 16 25
F26
512
92 96 26
96 93 26
93 68 26
68 76 26
76 82 26
82 95 26
F27
1024
80 78 27
78 93 27
93 68 27
68 76 27
76 100 27
100 91 27
F28
1024
79 56 28
56 35 28
35 55 28
55 67 28
F29
1024
85 91 29
91 100 29
100 76 29
76 82 29
82 74 29
74 81 29
F30
1024
100 76 30
76 98 30
98 63 30
F31
1024
3 4 31
4 41 31
41 8 31
8 35 31
35 83 31
83 49 31
49 66 31
66 59 31
F32
1024
33 50 32
50 57 32
F33
1024
1 6 33
6 8 33
8 35 33
35 56 33
56 44 33
44 60 33
F34
1024
26 21 34
21 16 34
16 11 34
11 58 34
58 56 34
56 83 34
F35
1024
25 28 35
28 61 35
61 76 35
76 98 35
98 63 35
63 65 35
F36
1024
80 78 36
78 93 36
93 68 36
68 76 36
76 100 36
100 91 36
F37
1024
33 50 37
50 57 37
F38
1024
90 85 38
85 100 38
100 76 38
76 61 38
61 28 38
28 25 38
25 30 38
F39
1024
48 34 39
34 33 39
33 50 39
50 53 39
53 73 39
73 51 39
F40
1024
72 50 40
50 53 40
53 73 40
