F1
256
72 50 1
50 53 1
53 73 1
F2
256
79 56 2
56 35 2
35 55 2
55 67 2
F3
256
92 96 3
96 93 3
93 68 3
68 76 3
76 82 3
82 95 3
F4
256
85 91 4
91 100 4
100 76 4
76 82 4
82 74 4
74 81 4
F5
256
92 96 5
96 93 5
93 68 5
68 76 5
76 82 5
82 95 5
F6
256
3 4 6
4 41 6
41 8 6
8 35 6
35 83 6
83 49 6
49 66 6
66 59 6
F7
256
45 37 7
37 32 7
32 39 7
39 50 7
50 72 7
72 68 7
68 86 7
86 97 7
F8
256
17 14 8
14 11 8
11 56 8
56 79 8
79 88 8
F9
256
5 7 9
7 9 9
9 13 9
13 11 9
11 16 9
16 21 9
21 26 9
26 19 9
F10
256
84 73 10
73 53 10
53 50 10
50 39 10
39 36 10
F11
256
42 77 11
77 70 11
70 98 11
98 76 11
76 68 11
68 87 11
F12
256
46 52 12
52 58 12
58 11 12
11 16 12
16 21 12
21 24 12
24 15 12
F13
256
66 49 13
49 83 13
83 35 13
35 56 13
F14
256
90 85 14
85 100 14
100 76 14
76 61 14
61 28 14
28 25 14
25 30 14
F15
256
10 12 15
12 14 15
14 11 15
11 56 15
56 79 15
79 75 15
F16
256
90 85 16
85 100 16
100 76 16
76 61 16
61 28 16
28 25 16
25 30 16
F17
512
33 50 17
50 57 17
F18
512
100 76 18
76 98 18
98 63 18
F19
512
85 91 19
91 100 19
100 76 19
76 82 19
82 74 19
74 81 19
F20
512
21 16 20
16 11 20
11 14 20
F21
512
72 50 21
50 53 21
53 73 21
F22
512
20 58 22
58 11 22
11 13 22
13 9 22
F23
512
4 41 23
41 55 23
55 35 23
35 13 23
F24
512
80 78 24
78 93 24
93 68 24
68 76 24
76 100 24
100 91 24
F25
512
72 50 25
50 53 25
53 73 25
F26
512
85 91 26
91 100 26
100 76 26
76 82 26
82 74 26
74 81 26
F27
1024
20 58 27
58 11 27
11 13 27
13 9 27
F28
1024
84 73 28
73 53 28
53 50 28
50 39 28
39 36 28
F29
1024
26 21 29
21 16 29
16 11 29
11 58 29
58 56 29
56 83 29
F30
1024
90 85 30
85 100 30
100 76 30
76 61 30
61 28 30
28 25 30
25 30 30
F31
1024
89 87 31
87 68 31
68 76 31
76 61 31
F32
1024
80 78 32
78 93 32
93 68 32
68 76 32
76 100 32
100 91 32
F33
1024
25 28 33
28 61 33
61 76 33
76 98 33
98 63 33
63 65 33
F34
1024
72 50 34
50 53 34
53 73 34
F35
1024
80 78 35
78 93 35
93 68 35
68 76 35
76 100 35
100 91 35
F36
1024
45 37 36
37 32 36
32 39 36
39 50 36
50 72 36
72 68 36
68 86 36
86 97 36
F37
1024
45 37 37
37 32 37
32 39 37
39 50 37
50 72 37
72 68 37
68 86 37
86 97 37
F38
1024
3 4 38
4 41 38
41 8 38
8 35 38
35 83 38
83 49 38
49 66 38
66 59 38
F39
1024
84 73 39
73 53 39
53 50 39
50 39 39
39 36 39
F40
1024
80 78 40
78 93 40
93 68 40
68 76 40
76 100 40
100 91 40
