F1
256
25 28 1
28 61 1
61 76 1
76 98 1
98 63 1
63 65 1
F2
256
2 1 2
1 6 2
6 8 2
8 35 2
35 55 2
55 67 2
67 62 2
62 64 2
F3
256
26 21 3
21 16 3
16 11 3
11 58 3
58 56 3
56 83 3
F4
256
18 14 4
14 11 4
11 56 4
56 83 4
83 49 4
49 69 4
F5
256
84 73 5
73 53 5
53 50 5
50 39 5
39 36 5
F6
256
25 28 6
28 61 6
61 76 6
76 98 6
98 63 6
63 65 6
F7
256
43 4 7
4 6 7
6 8 7
8 35 7
35 55 7
F8
256
72 50 8
50 53 8
53 73 8
F9
256
42 77 9
77 70 9
70 98 9
98 76 9
76 68 9
68 87 9
F10
256
46 52 10
52 58 10
58 11 10
11 16 10
16 21 10
21 24 10
24 15 10
F11
256
79 56 11
56 35 11
35 55 11
55 67 11
F12
256
20 58 12
58 11 12
11 13 12
13 9 12
F13
256
1 6 13
6 8 13
8 35 13
35 56 13
56 44 13
44 60 13
F14
256
27 63 14
63 98 14
98 76 14
76 61 14
61 28 14
F15
256
8 35 15
35 55 15
55 41 15
F16
256
33 50 16
50 57 16
F17
512
2 1 17
1 6 17
6 8 17
8 35 17
35 55 17
55 67 17
67 62 17
62 64 17
F18
512
80 78 18
78 93 18
93 68 18
68 76 18
76 100 18
100 91 18
F19
512
22 18 19
18 14 19
14 11 19
11 58 19
58 52 19
52 71 19
F20
512
89 87 20
87 68 20
68 76 20
76 61 20
F21
512
48 34 21
34 33 21
33 50 21
50 53 21
53 73 21
73 51 21
F22
512
85 91 22
91 100 22
100 76 22
76 82 22
82 74 22
74 81 22
F23
512
90 85 23
85 100 23
100 76 23
76 61 23
61 28 23
28 25 23
25 30 23
F24
512
89 87 24
87 68 24
68 76 24
76 61 24
F25
512
43 4 25
4 6 25
6 8 25
8 35 25
35 55 25
F26
512
1 6 26
6 8 26
8 35 26
35 56 26
56 44 26
44 60 26
F27
512
80 78 27
78 93 27
93 68 27
68 76 27
76 100 27
100 91 27
F28
512
37 32 28
32 39 28
39 50 28
50 28 28
28 23 28
23 40 28
F29
1024
37 32 29
32 39 29
39 50 29
50 28 29
28 23 29
23 40 29
F30
1024
42 77 30
77 70 30
70 98 30
98 76 30
76 68 30
68 87 30
F31
1024
27 63 31
63 98 31
98 76 31
76 61 31
61 28 31
F32
1024
21 16 32
16 11 32
11 14 32
F33
1024
94 97 33
97 86 33
86 68 33
68 76 33
76 82 33
82 74 33
F34
1024
92 96 34
96 93 34
93 68 34
68 76 34
76 82 34
82 95 34
F35
1024
85 91 35
91 100 35
100 76 35
76 82 35
82 74 35
74 81 35
F36
1024
92 96 36
96 93 36
93 68 36
68 76 36
76 82 36
82 95 36
F37
1024
17 14 37
14 11 37
11 56 37
56 79 37
79 88 37
F38
1024
26 21 38
21 16 38
16 11 38
11 58 38
58 56 38
56 83 38
F39
1024
24 20 39
20 16 39
16 11 39
11 13 39
13 12 39
F40
1024
37 32 40
32 39 40
39 50 40
50 28 40
28 23 40
23 40 40
