F1
256
54 31 1
31 41 1
41 8 1
8 35 1
35 56 1
56 58 1
58 16 1
F2
256
46 52 2
52 58 2
58 11 2
11 16 2
16 21 2
21 24 2
24 15 2
F3
256
5 7 3
7 9 3
9 13 3
13 11 3
11 16 3
16 21 3
21 26 3
26 19 3
F4
256
22 18 4
18 14 4
14 11 4
11 58 4
58 52 4
52 71 4
F5
256
80 78 5
78 93 5
93 68 5
68 76 5
76 100 5
100 91 5
F6
256
85 91 6
91 100 6
100 76 6
76 82 6
82 74 6
74 81 6
F7
256
3 4 7
4 41 7
41 8 7
8 35 7
35 83 7
83 49 7
49 66 7
66 59 7
F8
256
7 9 8
9 13 8
13 11 8
11 58 8
58 52 8
F9
256
38 47 9
47 53 9
53 50 9
50 72 9
72 68 9
68 93 9
F10
256
79 56 10
56 35 10
35 55 10
55 67 10
F11
256
18 14 11
14 11 11
11 56 11
56 83 11
83 49 11
49 69 11
F12
256
54 31 12
31 41 12
41 8 12
8 35 12
35 56 12
56 58 12
58 16 12
F13
256
5 7 13
7 9 13
9 13 13
13 11 13
11 16 13
16 21 13
21 26 13
26 19 13
F14
256
22 21 14
21 16 14
16 11 14
11 58 14
58 44 14
44 60 14
F15
256
100 76 15
76 98 15
98 63 15
F16
256
1 6 16
6 8 16
8 35 16
35 56 16
56 44 16
44 60 16
F17
256
45 37 17
37 32 17
32 39 17
39 50 17
50 72 17
72 68 17
68 86 17
86 97 17
F18
512
42 77 18
77 70 18
70 98 18
98 76 18
76 68 18
68 87 18
F19
512
3 4 19
4 41 19
41 8 19
8 35 19
35 83 19
83 49 19
49 66 19
66 59 19
F20
512
5 7 20
7 9 20
9 13 20
13 11 20
11 16 20
16 21 20
21 26 20
26 19 20
F21
512
26 21 21
21 16 21
16 11 21
11 58 21
58 56 21
56 83 21
F22
512
42 77 22
77 70 22
70 98 22
98 76 22
76 68 22
68 87 22
F23
512
24 20 23
20 16 23
16 11 23
11 13 23
13 12 23
F24
512
79 56 24
56 35 24
35 55 24
55 67 24
F25
512
37 32 25
32 39 25
39 50 25
50 28 25
28 23 25
23 40 25
F26
512
1 6 26
6 8 26
8 35 26
35 56 26
56 44 26
44 60 26
F27
1024
21 16 27
16 11 27
11 14 27
F28
1024
21 16 28
16 11 28
11 14 28
F29
1024
2 1 29
1 6 29
6 8 29
8 35 29
35 55 29
55 67 29
67 62 29
62 64 29
F30
1024
94 97 30
97 86 30
86 68 30
68 76 30
76 82 30
82 74 30
F31
1024
47 33 31
33 50 31
50 39 31
F32
1024
4 41 32
41 55 32
55 35 32
35 13 32
F33
1024
21 16 33
16 11 33
11 14 33
F34
1024
25 28 34
28 61 34
61 76 34
76 98 34
98 63 34
63 65 34
F35
1024
2 1 35
1 6 35
6 8 35
8 35 35
35 55 35
55 67 35
67 62 35
62 64 35
F36
1024
43 4 36
4 6 36
6 8 36
8 35 36
35 55 36
F37
1024
26 21 37
21 16 37
16 11 37
11 58 37
58 56 37
56 83 37
F38
1024
94 97 38
97 86 38
86 68 38
68 76 38
76 82 38
82 74 38
F39
1024
7 9 39
9 13 39
13 11 39
11 58 39
58 52 39
F40
1024
18 14 40
14 11 40
11 56 40
56 83 40
83 49 40
49 69 40
