F1
256
79 56 1
56 35 1
35 55 1
55 67 1
F2
256
3 4 2
4 41 2
41 8 2
8 35 2
35 83 2
83 49 2
49 66 2
66 59 2
F3
256
92 96 3
96 93 3
93 68 3
68 76 3
76 82 3
82 95 3
F4
256
8 35 4
35 55 4
55 41 4
F5
256
26 21 5
21 16 5
16 11 5
11 58 5
58 56 5
56 83 5
F6
256
20 58 6
58 11 6
11 13 6
13 9 6
F7
256
25 28 7
28 61 7
61 76 7
76 98 7
98 63 7
63 65 7
F8
256
5 7 8
7 9 8
9 13 8
13 11 8
11 16 8
16 21 8
21 26 8
26 19 8
F9
256
20 58 9
58 11 9
11 13 9
13 9 9
F10
256
18 14 10
14 11 10
11 56 10
56 83 10
83 49 10
49 69 10
F11
256
45 37 11
37 32 11
32 39 11
39 50 11
50 72 11
72 68 11
68 86 11
86 97 11
F12
256
37 32 12
32 39 12
39 50 12
50 28 12
28 23 12
23 40 12
F13
256
27 63 13
63 98 13
98 76 13
76 61 13
61 28 13
F14
256
90 85 14
85 100 14
100 76 14
76 61 14
61 28 14
28 25 14
25 30 14
F15
256
2 1 15
1 6 15
6 8 15
8 35 15
35 55 15
55 67 15
67 62 15
62 64 15
F16
512
79 56 16
56 35 16
35 55 16
55 67 16
F17
512
42 77 17
77 70 17
70 98 17
98 76 17
76 68 17
68 87 17
F18
512
45 37 18
37 32 18
32 39 18
39 50 18
50 72 18
72 68 18
68 86 18
86 97 18
F19
512
66 49 19
49 83 19
83 35 19
35 56 19
F20
512
54 31 20
31 41 20
41 8 20
8 35 20
35 56 20
56 58 20
58 16 20
F21
512
47 33 21
33 50 21
50 39 21
F22
512
18 14 22
14 11 22
11 56 22
56 83 22
83 49 22
49 69 22
F23
512
46 52 23
52 58 23
58 11 23
11 16 23
16 21 23
21 24 23
24 15 23
F24
1024
7 9 24
9 13 24
13 11 24
11 58 24
58 52 24
F25
1024
26 21 25
21 16 25
16 11 25
11 58 25
58 56 25
56 83 25
F26
1024
24 20 26
20 16 26
16 11 26
11 13 26
13 12 26
F27
1024
27 63 27
63 98 27
98 76 27
76 61 27
61 28 27
F28
1024
37 32 28
32 39 28
39 50 28
50 28 28
28 23 28
23 40 28
F29
1024
94 97 29
97 86 29
86 68 29
68 76 29
76 82 29
82 74 29
F30
1024
25 28 30
28 61 30
61 76 30
76 98 30
98 63 30
63 65 30
F31
1024
80 78 31
78 93 31
93 68 31
68 76 31
76 100 31
100 91 31
F32
1024
54 31 32
31 41 32
41 8 32
8 35 32
35 56 32
56 58 32
58 16 32
F33
1024
4 41 33
41 55 33
55 35 33
35 13 33
F34
1024
26 21 34
21 16 34
16 11 34
11 58 34
58 56 34
56 83 34
F35
1024
79 56 35
56 35 35
35 55 35
55 67 35
F36
1024
99 89 36
89 87 36
87 53 36
53 50 36
50 33 36
33 32 36
32 29 36
F37
1024
84 73 37
73 53 37
53 50 37
50 39 37
39 36 37
F38
1024
17 14 38
14 11 38
11 56 38
56 79 38
79 88 38
F39
1024
54 31 39
31 41 39
41 8 39
8 35 39
35 56 39
56 58 39
58 16 39
F40
1024
27 63 40
63 98 40
98 76 40
76 61 40
61 28 40
