F1
256
43 4 1
4 6 1
6 8 1
8 35 1
35 55 1
F2
256
89 87 2
87 68 2
68 76 2
76 61 2
F3
256
2 1 3
1 6 3
6 8 3
8 35 3
35 55 3
55 67 3
67 62 3
62 64 3
F4
256
2 1 4
1 6 4
6 8 4
8 35 4
35 55 4
55 67 4
67 62 4
62 64 4
F5
256
1 6 5
6 8 5
8 35 5
35 56 5
56 44 5
44 60 5
F6
256
47 33 6
33 50 6
50 39 6
F7
256
43 4 7
4 6 7
6 8 7
8 35 7
35 55 7
F8
256
38 47 8
47 53 8
53 50 8
50 72 8
72 68 8
68 93 8
F9
256
84 73 9
73 53 9
53 50 9
50 39 9
39 36 9
F10
512
10 12 10
12 14 10
14 11 10
11 56 10
56 79 10
79 75 10
F11
512
33 50 11
50 57 11
F12
512
17 14 12
14 11 12
11 56 12
56 79 12
79 88 12
F13
512
80 78 13
78 93 13
93 68 13
68 76 13
76 100 13
100 91 13
F14
512
20 58 14
58 11 14
11 13 14
13 9 14
F15
512
92 96 15
96 93 15
93 68 15
68 76 15
76 82 15
82 95 15
F16
512
18 14 16
14 11 16
11 56 16
56 83 16
83 49 16
49 69 16
F17
512
7 9 17
9 13 17
13 11 17
11 58 17
58 52 17
F18
512
45 37 18
37 32 18
32 39 18
39 50 18
50 72 18
72 68 18
68 86 18
86 97 18
F19
512
26 21 19
21 16 19
16 11 19
11 58 19
58 56 19
56 83 19
F20
512
37 32 20
32 39 20
39 50 20
50 28 20
28 23 20
23 40 20
F21
512
80 78 21
78 93 21
93 68 21
68 76 21
76 100 21
100 91 21
F22
512
37 32 22
32 39 22
39 50 22
50 28 22
28 23 22
23 40 22
F23
512
42 77 23
77 70 23
70 98 23
98 76 23
76 68 23
68 87 23
F24
512
100 76 24
76 98 24
98 63 24
F25
1024
54 31 25
31 41 25
41 8 25
8 35 25
35 56 25
56 58 25
58 16 25
F26
1024
1 6 26
6 8 26
8 35 26
35 56 26
56 44 26
44 60 26
F27
1024
7 9 27
9 13 27
13 11 27
11 58 27
58 52 27
F28
1024
1 6 28
6 8 28
8 35 28
35 56 28
56 44 28
44 60 28
F29
1024
84 73 29
73 53 29
53 50 29
50 39 29
39 36 29
F30
1024
84 73 30
73 53 30
53 50 30
50 39 30
39 36 30
F31
1024
20 58 31
58 11 31
11 13 31
13 9 31
F32
1024
4 41 32
41 55 32
55 35 32
35 13 32
F33
1024
46 52 33
52 58 33
58 11 33
11 16 33
16 21 33
21 24 33
24 15 33
F34
1024
17 14 34
14 11 34
11 56 34
56 79 34
79 88 34
F35
1024
3 4 35
4 41 35
41 8 35
8 35 35
35 83 35
83 49 35
49 66 35
66 59 35
F36
1024
26 21 36
21 16 36
16 11 36
11 58 36
58 56 36
56 83 36
F37
1024
25 28 37
28 61 37
61 76 37
76 98 37
98 63 37
63 65 37
F38
1024
5 7 38
7 9 38
9 13 38
13 11 38
11 16 38
16 21 38
21 26 38
26 19 38
F39
1024
100 76 39
76 98 39
98 63 39
F40
1024
46 52 40
52 58 40
58 11 40
11 16 40
16 21 40
21 24 40
24 15 40
