F1
256
92 96 1
96 93 1
93 68 1
68 76 1
76 82 1
82 95 1
F2
256
25 28 2
28 61 2
61 76 2
76 98 2
98 63 2
63 65 2
F3
256
94 97 3
97 86 3
86 68 3
68 76 3
76 82 3
82 74 3
F4
256
8 35 4
35 55 4
55 41 4
F5
256
45 37 5
37 32 5
32 39 5
39 50 5
50 72 5
72 68 5
68 86 5
86 97 5
F6
256
38 47 6
47 53 6
53 50 6
50 72 6
72 68 6
68 93 6
F7
256
85 91 7
91 100 7
100 76 7
76 82 7
82 74 7
74 81 7
F8
256
7 9 8
9 13 8
13 11 8
11 58 8
58 52 8
F9
256
3 4 9
4 41 9
41 8 9
8 35 9
35 83 9
83 49 9
49 66 9
66 59 9
F10
256
79 56 10
56 35 10
35 55 10
55 67 10
F11
256
47 33 11
33 50 11
50 39 11
F12
256
85 91 12
91 100 12
100 76 12
76 82 12
82 74 12
74 81 12
F13
512
25 28 13
28 61 13
61 76 13
76 98 13
98 63 13
63 65 13
F14
512
21 16 14
16 11 14
11 14 14
F15
512
17 14 15
14 11 15
11 56 15
56 79 15
79 88 15
F16
512
25 28 16
28 61 16
61 76 16
76 98 16
98 63 16
63 65 16
F17
512
24 20 17
20 16 17
16 11 17
11 13 17
13 12 17
F18
512
42 77 18
77 70 18
70 98 18
98 76 18
76 68 18
68 87 18
F19
512
10 12 19
12 14 19
14 11 19
11 56 19
56 79 19
79 75 19
F20
512
89 87 20
87 68 20
68 76 20
76 61 20
F21
512
90 85 21
85 100 21
100 76 21
76 61 21
61 28 21
28 25 21
25 30 21
F22
512
43 4 22
4 6 22
6 8 22
8 35 22
35 55 22
F23
512
20 58 23
58 11 23
11 13 23
13 9 23
F24
512
79 56 24
56 35 24
35 55 24
55 67 24
F25
1024
22 21 25
21 16 25
16 11 25
11 58 25
58 44 25
44 60 25
F26
1024
54 31 26
31 41 26
41 8 26
8 35 26
35 56 26
56 58 26
58 16 26
F27
1024
66 49 27
49 83 27
83 35 27
35 56 27
F28
1024
2 1 28
1 6 28
6 8 28
8 35 28
35 55 28
55 67 28
67 62 28
62 64 28
F29
1024
33 50 29
50 57 29
F30
1024
92 96 30
96 93 30
93 68 30
68 76 30
76 82 30
82 95 30
F31
1024
22 18 31
18 14 31
14 11 31
11 58 31
58 52 31
52 71 31
F32
1024
25 28 32
28 61 32
61 76 32
76 98 32
98 63 32
63 65 32
F33
1024
3 4 33
4 41 33
41 8 33
8 35 33
35 83 33
83 49 33
49 66 33
66 59 33
F34
1024
43 4 34
4 6 34
6 8 34
8 35 34
35 55 34
F35
1024
48 34 35
34 33 35
33 50 35
50 53 35
53 73 35
73 51 35
F36
1024
17 14 36
14 11 36
11 56 36
56 79 36
79 88 36
F37
1024
54 31 37
31 41 37
41 8 37
8 35 37
35 56 37
56 58 37
58 16 37
F38
1024
33 50 38
50 57 38
F39
1024
3 4 39
4 41 39
41 8 39
8 35 39
35 83 39
83 49 39
49 66 39
66 59 39
F40
1024
46 52 40
52 58 40
58 11 40
11 16 40
16 21 40
21 24 40
24 15 40
