F1
256
92 96 1
96 93 1
93 68 1
68 76 1
76 82 1
82 95 1
F2
256
66 49 2
49 83 2
83 35 2
35 56 2
F3
256
22 18 3
18 14 3
14 11 3
11 58 3
58 52 3
52 71 3
F4
256
48 34 4
34 33 4
33 50 4
50 53 4
53 73 4
73 51 4
F5
256
2 1 5
1 6 5
6 8 5
8 35 5
35 55 5
55 67 5
67 62 5
62 64 5
F6
256
92 96 6
96 93 6
93 68 6
68 76 6
76 82 6
82 95 6
F7
256
84 73 7
73 53 7
53 50 7
50 39 7
39 36 7
F8
512
22 21 8
21 16 8
16 11 8
11 58 8
58 44 8
44 60 8
F9
512
5 7 9
7 9 9
9 13 9
13 11 9
11 16 9
16 21 9
21 26 9
26 19 9
F10
512
54 31 10
31 41 10
41 8 10
8 35 10
35 56 10
56 58 10
58 16 10
F11
512
99 89 11
89 87 11
87 53 11
53 50 11
50 33 11
33 32 11
32 29 11
F12
512
42 77 12
77 70 12
70 98 12
98 76 12
76 68 12
68 87 12
F13
512
22 21 13
21 16 13
16 11 13
11 58 13
58 44 13
44 60 13
F14
512
17 14 14
14 11 14
11 56 14
56 79 14
79 88 14
F15
512
20 58 15
58 11 15
11 13 15
13 9 15
F16
512
18 14 16
14 11 16
11 56 16
56 83 16
83 49 16
49 69 16
F17
512
79 56 17
56 35 17
35 55 17
55 67 17
F18
512
45 37 18
37 32 18
32 39 18
39 50 18
50 72 18
72 68 18
68 86 18
86 97 18
F19
512
22 21 19
21 16 19
16 11 19
11 58 19
58 44 19
44 60 19
F20
512
54 31 20
31 41 20
41 8 20
8 35 20
35 56 20
56 58 20
58 16 20
F21
1024
10 12 21
12 14 21
14 11 21
11 56 21
56 79 21
79 75 21
F22
1024
8 35 22
35 55 22
55 41 22
F23
1024
90 85 23
85 100 23
100 76 23
76 61 23
61 28 23
28 25 23
25 30 23
F24
1024
99 89 24
89 87 24
87 53 24
53 50 24
50 33 24
33 32 24
32 29 24
F25
1024
4 41 25
41 55 25
55 35 25
35 13 25
F26
1024
33 50 26
50 57 26
F27
1024
26 21 27
21 16 27
16 11 27
11 58 27
58 56 27
56 83 27
F28
1024
47 33 28
33 50 28
50 39 28
F29
1024
5 7 29
7 9 29
9 13 29
13 11 29
11 16 29
16 21 29
21 26 29
26 19 29
F30
1024
47 33 30
33 50 30
50 39 30
F31
1024
1 6 31
6 8 31
8 35 31
35 56 31
56 44 31
44 60 31
F32
1024
85 91 32
91 100 32
100 76 32
76 82 32
82 74 32
74 81 32
F33
1024
47 33 33
33 50 33
50 39 33
F34
1024
43 4 34
4 6 34
6 8 34
8 35 34
35 55 34
F35
1024
22 18 35
18 14 35
14 11 35
11 58 35
58 52 35
52 71 35
F36
1024
3 4 36
4 41 36
41 8 36
8 35 36
35 83 36
83 49 36
49 66 36
66 59 36
F37
1024
48 34 37
34 33 37
33 50 37
50 53 37
53 73 37
73 51 37
F38
1024
26 21 38
21 16 38
16 11 38
11 58 38
58 56 38
56 83 38
F39
1024
24 20 39
20 16 39
16 11 39
11 13 39
13 12 39
F40
1024
84 73 40
73 53 40
53 50 40
50 39 40
39 36 40
