F1
256
22 18 1
18 14 1
14 11 1
11 58 1
58 52 1
52 71 1
F2
256
21 16 2
16 11 2
11 14 2
F3
256
79 56 3
56 35 3
35 55 3
55 67 3
F4
256
54 31 4
31 41 4
41 8 4
8 35 4
35 56 4
56 58 4
58 16 4
F5
256
99 89 5
89 87 5
87 53 5
53 50 5
50 33 5
33 32 5
32 29 5
F6
256
66 49 6
49 83 6
83 35 6
35 56 6
F7
256
47 33 7
33 50 7
50 39 7
F8
256
100 76 8
76 98 8
98 63 8
F9
256
54 31 9
31 41 9
41 8 9
8 35 9
35 56 9
56 58 9
58 16 9
F10
256
45 37 10
37 32 10
32 39 10
39 50 10
50 72 10
72 68 10
68 86 10
86 97 10
F11
256
21 16 11
16 11 11
11 14 11
F12
256
21 16 12
16 11 12
11 14 12
F13
256
2 1 13
1 6 13
6 8 13
8 35 13
35 55 13
55 67 13
67 62 13
62 64 13
F14
256
20 58 14
58 11 14
11 13 14
13 9 14
F15
256
1 6 15
6 8 15
8 35 15
35 56 15
56 44 15
44 60 15
F16
512
17 14 16
14 11 16
11 56 16
56 79 16
79 88 16
F17
512
90 85 17
85 100 17
100 76 17
76 61 17
61 28 17
28 25 17
25 30 17
F18
512
89 87 18
87 68 18
68 76 18
76 61 18
F19
512
43 4 19
4 6 19
6 8 19
8 35 19
35 55 19
F20
512
26 21 20
21 16 20
16 11 20
11 58 20
58 56 20
56 83 20
F21
512
46 52 21
52 58 21
58 11 21
11 16 21
16 21 21
21 24 21
24 15 21
F22
512
27 63 22
63 98 22
98 76 22
76 61 22
61 28 22
F23
512
89 87 23
87 68 23
68 76 23
76 61 23
F24
512
24 20 24
20 16 24
16 11 24
11 13 24
13 12 24
F25
512
45 37 25
37 32 25
32 39 25
39 50 25
50 72 25
72 68 25
68 86 25
86 97 25
F26
512
22 18 26
18 14 26
14 11 26
11 58 26
58 52 26
52 71 26
F27
512
80 78 27
78 93 27
93 68 27
68 76 27
76 100 27
100 91 27
F28
512
37 32 28
32 39 28
39 50 28
50 28 28
28 23 28
23 40 28
F29
512
5 7 29
7 9 29
9 13 29
13 11 29
11 16 29
16 21 29
21 26 29
26 19 29
F30
512
45 37 30
37 32 30
32 39 30
39 50 30
50 72 30
72 68 30
68 86 30
86 97 30
F31
512
89 87 31
87 68 31
68 76 31
76 61 31
F32
512
22 18 32
18 14 32
14 11 32
11 58 32
58 52 32
52 71 32
F33
1024
84 73 33
73 53 33
53 50 33
50 39 33
39 36 33
F34
1024
100 76 34
76 98 34
98 63 34
F35
1024
38 47 35
47 53 35
53 50 35
50 72 35
72 68 35
68 93 35
F36
1024
5 7 36
7 9 36
9 13 36
13 11 36
11 16 36
16 21 36
21 26 36
26 19 36
F37
1024
80 78 37
78 93 37
93 68 37
68 76 37
76 100 37
100 91 37
F38
1024
27 63 38
63 98 38
98 76 38
76 61 38
61 28 38
F39
1024
4 41 39
41 55 39
55 35 39
35 13 39
F40
1024
1 6 40
6 8 40
8 35 40
35 56 40
56 44 40
44 60 40
