F1
256
47 33 1
33 50 1
50 39 1
F2
256
54 31 2
31 41 2
41 8 2
8 35 2
35 56 2
56 58 2
58 16 2
F3
256
18 14 3
14 11 3
11 56 3
56 83 3
83 49 3
49 69 3
F4
256
1 6 4
6 8 4
8 35 4
35 56 4
56 44 4
44 60 4
F5
256
25 28 5
28 61 5
61 76 5
76 98 5
98 63 5
63 65 5
F6
256
48 34 6
34 33 6
33 50 6
50 53 6
53 73 6
73 51 6
F7
256
38 47 7
47 53 7
53 50 7
50 72 7
72 68 7
68 93 7
F8
256
89 87 8
87 68 8
68 76 8
76 61 8
F9
256
37 32 9
32 39 9
39 50 9
50 28 9
28 23 9
23 40 9
F10
256
3 4 10
4 41 10
41 8 10
8 35 10
35 83 10
83 49 10
49 66 10
66 59 10
F11
256
43 4 11
4 6 11
6 8 11
8 35 11
35 55 11
F12
512
66 49 12
49 83 12
83 35 12
35 56 12
F13
512
5 7 13
7 9 13
9 13 13
13 11 13
11 16 13
16 21 13
21 26 13
26 19 13
F14
512
66 49 14
49 83 14
83 35 14
35 56 14
F15
512
66 49 15
49 83 15
83 35 15
35 56 15
F16
512
47 33 16
33 50 16
50 39 16
F17
512
72 50 17
50 53 17
53 73 17
F18
512
7 9 18
9 13 18
13 11 18
11 58 18
58 52 18
F19
512
42 77 19
77 70 19
70 98 19
98 76 19
76 68 19
68 87 19
F20
512
100 76 20
76 98 20
98 63 20
F21
512
42 77 21
77 70 21
70 98 21
98 76 21
76 68 21
68 87 21
F22
512
20 58 22
58 11 22
11 13 22
13 9 22
F23
512
3 4 23
4 41 23
41 8 23
8 35 23
35 83 23
83 49 23
49 66 23
66 59 23
F24
512
25 28 24
28 61 24
61 76 24
76 98 24
98 63 24
63 65 24
F25
512
1 6 25
6 8 25
8 35 25
35 56 25
56 44 25
44 60 25
F26
1024
80 78 26
78 93 26
93 68 26
68 76 26
76 100 26
100 91 26
F27
1024
38 47 27
47 53 27
53 50 27
50 72 27
72 68 27
68 93 27
F28
1024
5 7 28
7 9 28
9 13 28
13 11 28
11 16 28
16 21 28
21 26 28
26 19 28
F29
1024
38 47 29
47 53 29
53 50 29
50 72 29
72 68 29
68 93 29
F30
1024
4 41 30
41 55 30
55 35 30
35 13 30
F31
1024
100 76 31
76 98 31
98 63 31
F32
1024
47 33 32
33 50 32
50 39 32
F33
1024
5 7 33
7 9 33
9 13 33
13 11 33
11 16 33
16 21 33
21 26 33
26 19 33
F34
1024
46 52 34
52 58 34
58 11 34
11 16 34
16 21 34
21 24 34
24 15 34
F35
1024
3 4 35
4 41 35
41 8 35
8 35 35
35 83 35
83 49 35
49 66 35
66 59 35
F36
1024
92 96 36
96 93 36
93 68 36
68 76 36
76 82 36
82 95 36
F37
1024
54 31 37
31 41 37
41 8 37
8 35 37
35 56 37
56 58 37
58 16 37
F38
1024
80 78 38
78 93 38
93 68 38
68 76 38
76 100 38
100 91 38
F39
1024
45 37 39
37 32 39
32 39 39
39 50 39
50 72 39
72 68 39
68 86 39
86 97 39
F40
1024
33 50 40
50 57 40
