F1
256
3 4 1
4 41 1
41 8 1
8 35 1
35 83 1
83 49 1
49 66 1
66 59 1
F2
256
99 89 2
89 87 2
87 53 2
53 50 2
50 33 2
33 32 2
32 29 2
F3
256
2 1 3
1 6 3
6 8 3
8 35 3
35 55 3
55 67 3
67 62 3
62 64 3
F4
256
48 34 4
34 33 4
33 50 4
50 53 4
53 73 4
73 51 4
F5
256
37 32 5
32 39 5
39 50 5
50 28 5
28 23 5
23 40 5
F6
256
43 4 6
4 6 6
6 8 6
8 35 6
35 55 6
F7
256
94 97 7
97 86 7
86 68 7
68 76 7
76 82 7
82 74 7
F8
256
22 18 8
18 14 8
14 11 8
11 58 8
58 52 8
52 71 8
F9
256
22 18 9
18 14 9
14 11 9
11 58 9
58 52 9
52 71 9
F10
256
7 9 10
9 13 10
13 11 10
11 58 10
58 52 10
F11
256
54 31 11
31 41 11
41 8 11
8 35 11
35 56 11
56 58 11
58 16 11
F12
256
85 91 12
91 100 12
100 76 12
76 82 12
82 74 12
74 81 12
F13
256
94 97 13
97 86 13
86 68 13
68 76 13
76 82 13
82 74 13
F14
512
5 7 14
7 9 14
9 13 14
13 11 14
11 16 14
16 21 14
21 26 14
26 19 14
F15
512
7 9 15
9 13 15
13 11 15
11 58 15
58 52 15
F16
512
21 16 16
16 11 16
11 14 16
F17
512
42 77 17
77 70 17
70 98 17
98 76 17
76 68 17
68 87 17
F18
512
33 50 18
50 57 18
F19
512
46 52 19
52 58 19
58 11 19
11 16 19
16 21 19
21 24 19
24 15 19
F20
512
79 56 20
56 35 20
35 55 20
55 67 20
F21
512
10 12 21
12 14 21
14 11 21
11 56 21
56 79 21
79 75 21
F22
512
48 34 22
34 33 22
33 50 22
50 53 22
53 73 22
73 51 22
F23
512
17 14 23
14 11 23
11 56 23
56 79 23
79 88 23
F24
512
26 21 24
21 16 24
16 11 24
11 58 24
58 56 24
56 83 24
F25
512
3 4 25
4 41 25
41 8 25
8 35 25
35 83 25
83 49 25
49 66 25
66 59 25
F26
1024
33 50 26
50 57 26
F27
1024
94 97 27
97 86 27
86 68 27
68 76 27
76 82 27
82 74 27
F28
1024
79 56 28
56 35 28
35 55 28
55 67 28
F29
1024
79 56 29
56 35 29
35 55 29
55 67 29
F30
1024
27 63 30
63 98 30
98 76 30
76 61 30
61 28 30
F31
1024
54 31 31
31 41 31
41 8 31
8 35 31
35 56 31
56 58 31
58 16 31
F32
1024
33 50 32
50 57 32
F33
1024
18 14 33
14 11 33
11 56 33
56 83 33
83 49 33
49 69 33
F34
1024
84 73 34
73 53 34
53 50 34
50 39 34
39 36 34
F35
1024
25 28 35
28 61 35
61 76 35
76 98 35
98 63 35
63 65 35
F36
1024
92 96 36
96 93 36
93 68 36
68 76 36
76 82 36
82 95 36
F37
1024
89 87 37
87 68 37
68 76 37
76 61 37
F38
1024
42 77 38
77 70 38
70 98 38
98 76 38
76 68 38
68 87 38
F39
1024
2 1 39
1 6 39
6 8 39
8 35 39
35 55 39
55 67 39
67 62 39
62 64 39
F40
1024
4 41 40
41 55 40
55 35 40
35 13 40
