F1
256
80 78 1
78 93 1
93 68 1
68 76 1
76 100 1
100 91 1
F2
256
37 32 2
32 39 2
39 50 2
50 28 2
28 23 2
23 40 2
F3
256
66 49 3
49 83 3
83 35 3
35 56 3
F4
256
90 85 4
85 100 4
100 76 4
76 61 4
61 28 4
28 25 4
25 30 4
F5
256
99 89 5
89 87 5
87 53 5
53 50 5
50 33 5
33 32 5
32 29 5
F6
256
20 58 6
58 11 6
11 13 6
13 9 6
F7
256
2 1 7
1 6 7
6 8 7
8 35 7
35 55 7
55 67 7
67 62 7
62 64 7
F8
256
47 33 8
33 50 8
50 39 8
F9
256
8 35 9
35 55 9
55 41 9
F10
256
18 14 10
14 11 10
11 56 10
56 83 10
83 49 10
49 69 10
F11
256
17 14 11
14 11 11
11 56 11
56 79 11
79 88 11
F12
256
89 87 12
87 68 12
68 76 12
76 61 12
F13
256
22 21 13
21 16 13
16 11 13
11 58 13
58 44 13
44 60 13
F14
256
79 56 14
56 35 14
35 55 14
55 67 14
F15
256
84 73 15
73 53 15
53 50 15
50 39 15
39 36 15
F16
512
21 16 16
16 11 16
11 14 16
F17
512
92 96 17
96 93 17
93 68 17
68 76 17
76 82 17
82 95 17
F18
512
25 28 18
28 61 18
61 76 18
76 98 18
98 63 18
63 65 18
F19
512
43 4 19
4 6 19
6 8 19
8 35 19
35 55 19
F20
512
48 34 20
34 33 20
33 50 20
50 53 20
53 73 20
73 51 20
F21
512
48 34 21
34 33 21
33 50 21
50 53 21
53 73 21
73 51 21
F22
512
92 96 22
96 93 22
93 68 22
68 76 22
76 82 22
82 95 22
F23
512
3 4 23
4 41 23
41 8 23
8 35 23
35 83 23
83 49 23
49 66 23
66 59 23
F24
512
48 34 24
34 33 24
33 50 24
50 53 24
53 73 24
73 51 24
F25
512
42 77 25
77 70 25
70 98 25
98 76 25
76 68 25
68 87 25
F26
512
46 52 26
52 58 26
58 11 26
11 16 26
16 21 26
21 24 26
24 15 26
F27
512
1 6 27
6 8 27
8 35 27
35 56 27
56 44 27
44 60 27
F28
1024
46 52 28
52 58 28
58 11 28
11 16 28
16 21 28
21 24 28
24 15 28
F29
1024
79 56 29
56 35 29
35 55 29
55 67 29
F30
1024
79 56 30
56 35 30
35 55 30
55 67 30
F31
1024
84 73 31
73 53 31
53 50 31
50 39 31
39 36 31
F32
1024
89 87 32
87 68 32
68 76 32
76 61 32
F33
1024
84 73 33
73 53 33
53 50 33
50 39 33
39 36 33
F34
1024
89 87 34
87 68 34
68 76 34
76 61 34
F35
1024
38 47 35
47 53 35
53 50 35
50 72 35
72 68 35
68 93 35
F36
1024
54 31 36
31 41 36
41 8 36
8 35 36
35 56 36
56 58 36
58 16 36
F37
1024
45 37 37
37 32 37
32 39 37
39 50 37
50 72 37
72 68 37
68 86 37
86 97 37
F38
1024
66 49 38
49 83 38
83 35 38
35 56 38
F39
1024
1 6 39
6 8 39
8 35 39
35 56 39
56 44 39
44 60 39
F40
1024
47 33 40
33 50 40
50 39 40
