F1
256
37 32 1
32 39 1
39 50 1
50 28 1
28 23 1
23 40 1
F2
256
33 50 2
50 57 2
F3
256
54 31 3
31 41 3
41 8 3
8 35 3
35 56 3
56 58 3
58 16 3
F4
256
18 14 4
14 11 4
11 56 4
56 83 4
83 49 4
49 69 4
F5
256
85 91 5
91 100 5
100 76 5
76 82 5
82 74 5
74 81 5
F6
256
7 9 6
9 13 6
13 11 6
11 58 6
58 52 6
F7
256
26 21 7
21 16 7
16 11 7
11 58 7
58 56 7
56 83 7
F8
256
47 33 8
33 50 8
50 39 8
F9
256
45 37 9
37 32 9
32 39 9
39 50 9
50 72 9
72 68 9
68 86 9
86 97 9
F10
256
10 12 10
12 14 10
14 11 10
11 56 10
56 79 10
79 75 10
F11
256
8 35 11
35 55 11
55 41 11
F12
256
43 4 12
4 6 12
6 8 12
8 35 12
35 55 12
F13
512
43 4 13
4 6 13
6 8 13
8 35 13
35 55 13
F14
512
72 50 14
50 53 14
53 73 14
F15
512
54 31 15
31 41 15
41 8 15
8 35 15
35 56 15
56 58 15
58 16 15
F16
512
79 56 16
56 35 16
35 55 16
55 67 16
F17
512
80 78 17
78 93 17
93 68 17
68 76 17
76 100 17
100 91 17
F18
512
22 18 18
18 14 18
14 11 18
11 58 18
58 52 18
52 71 18
F19
512
43 4 19
4 6 19
6 8 19
8 35 19
35 55 19
F20
512
48 34 20
34 33 20
33 50 20
50 53 20
53 73 20
73 51 20
F21
512
92 96 21
96 93 21
93 68 21
68 76 21
76 82 21
82 95 21
F22
512
46 52 22
52 58 22
58 11 22
11 16 22
16 21 22
21 24 22
24 15 22
F23
512
18 14 23
14 11 23
11 56 23
56 83 23
83 49 23
49 69 23
F24
512
38 47 24
47 53 24
53 50 24
50 72 24
72 68 24
68 93 24
F25
512
5 7 25
7 9 25
9 13 25
13 11 25
11 16 25
16 21 25
21 26 25
26 19 25
F26
1024
5 7 26
7 9 26
9 13 26
13 11 26
11 16 26
16 21 26
21 26 26
26 19 26
F27
1024
66 49 27
49 83 27
83 35 27
35 56 27
F28
1024
21 16 28
16 11 28
11 14 28
F29
1024
94 97 29
97 86 29
86 68 29
68 76 29
76 82 29
82 74 29
F30
1024
89 87 30
87 68 30
68 76 30
76 61 30
F31
1024
38 47 31
47 53 31
53 50 31
50 72 31
72 68 31
68 93 31
F32
1024
4 41 32
41 55 32
55 35 32
35 13 32
F33
1024
22 21 33
21 16 33
16 11 33
11 58 33
58 44 33
44 60 33
F34
1024
27 63 34
63 98 34
98 76 34
76 61 34
61 28 34
F35
1024
48 34 35
34 33 35
33 50 35
50 53 35
53 73 35
73 51 35
F36
1024
43 4 36
4 6 36
6 8 36
8 35 36
35 55 36
F37
1024
99 89 37
89 87 37
87 53 37
53 50 37
50 33 37
33 32 37
32 29 37
F38
1024
20 58 38
58 11 38
11 13 38
13 9 38
F39
1024
90 85 39
85 100 39
100 76 39
76 61 39
61 28 39
28 25 39
25 30 39
F40
1024
94 97 40
97 86 40
86 68 40
68 76 40
76 82 40
82 74 40
