F1
256
100 76 1
76 98 1
98 63 1
F2
256
37 32 2
32 39 2
39 50 2
50 28 2
28 23 2
23 40 2
F3
256
80 78 3
78 93 3
93 68 3
68 76 3
76 100 3
100 91 3
F4
256
79 56 4
56 35 4
35 55 4
55 67 4
F5
256
84 73 5
73 53 5
53 50 5
50 39 5
39 36 5
F6
256
92 96 6
96 93 6
93 68 6
68 76 6
76 82 6
82 95 6
F7
256
3 4 7
4 41 7
41 8 7
8 35 7
35 83 7
83 49 7
49 66 7
66 59 7
F8
256
84 73 8
73 53 8
53 50 8
50 39 8
39 36 8
F9
256
1 6 9
6 8 9
8 35 9
35 56 9
56 44 9
44 60 9
F10
256
5 7 10
7 9 10
9 13 10
13 11 10
11 16 10
16 21 10
21 26 10
26 19 10
F11
256
42 77 11
77 70 11
70 98 11
98 76 11
76 68 11
68 87 11
F12
256
92 96 12
96 93 12
93 68 12
68 76 12
76 82 12
82 95 12
F13
256
5 7 13
7 9 13
9 13 13
13 11 13
11 16 13
16 21 13
21 26 13
26 19 13
F14
256
94 97 14
97 86 14
86 68 14
68 76 14
76 82 14
82 74 14
F15
256
22 18 15
18 14 15
14 11 15
11 58 15
58 52 15
52 71 15
F16
256
85 91 16
91 100 16
100 76 16
76 82 16
82 74 16
74 81 16
F17
256
20 58 17
58 11 17
11 13 17
13 9 17
F18
256
7 9 18
9 13 18
13 11 18
11 58 18
58 52 18
F19
256
10 12 19
12 14 19
14 11 19
11 56 19
56 79 19
79 75 19
F20
256
18 14 20
14 11 20
11 56 20
56 83 20
83 49 20
49 69 20
F21
256
22 21 21
21 16 21
16 11 21
11 58 21
58 44 21
44 60 21
F22
256
46 52 22
52 58 22
58 11 22
11 16 22
16 21 22
21 24 22
24 15 22
F23
512
72 50 23
50 53 23
53 73 23
F24
512
2 1 24
1 6 24
6 8 24
8 35 24
35 55 24
55 67 24
67 62 24
62 64 24
F25
512
20 58 25
58 11 25
11 13 25
13 9 25
F26
512
54 31 26
31 41 26
41 8 26
8 35 26
35 56 26
56 58 26
58 16 26
F27
512
66 49 27
49 83 27
83 35 27
35 56 27
F28
512
100 76 28
76 98 28
98 63 28
F29
512
22 18 29
18 14 29
14 11 29
11 58 29
58 52 29
52 71 29
F30
512
92 96 30
96 93 30
93 68 30
68 76 30
76 82 30
82 95 30
F31
512
100 76 31
76 98 31
98 63 31
F32
512
38 47 32
47 53 32
53 50 32
50 72 32
72 68 32
68 93 32
F33
1024
47 33 33
33 50 33
50 39 33
F34
1024
7 9 34
9 13 34
13 11 34
11 58 34
58 52 34
F35
1024
38 47 35
47 53 35
53 50 35
50 72 35
72 68 35
68 93 35
F36
1024
33 50 36
50 57 36
F37
1024
94 97 37
97 86 37
86 68 37
68 76 37
76 82 37
82 74 37
F38
1024
17 14 38
14 11 38
11 56 38
56 79 38
79 88 38
F39
1024
99 89 39
89 87 39
87 53 39
53 50 39
50 33 39
33 32 39
32 29 39
F40
1024
7 9 40
9 13 40
13 11 40
11 58 40
58 52 40
