F1
256
54 31 1
31 41 1
41 8 1
8 35 1
35 56 1
56 58 1
58 16 1
F2
256
25 28 2
28 61 2
61 76 2
76 98 2
98 63 2
63 65 2
F3
256
2 1 3
1 6 3
6 8 3
8 35 3
35 55 3
55 67 3
67 62 3
62 64 3
F4
256
4 41 4
41 55 4
55 35 4
35 13 4
F5
256
18 14 5
14 11 5
11 56 5
56 83 5
83 49 5
49 69 5
F6
256
4 41 6
41 55 6
55 35 6
35 13 6
F7
256
85 91 7
91 100 7
100 76 7
76 82 7
82 74 7
74 81 7
F8
256
17 14 8
14 11 8
11 56 8
56 79 8
79 88 8
F9
256
22 21 9
21 16 9
16 11 9
11 58 9
58 44 9
44 60 9
F10
256
54 31 10
31 41 10
41 8 10
8 35 10
35 56 10
56 58 10
58 16 10
F11
256
47 33 11
33 50 11
50 39 11
F12
256
22 18 12
18 14 12
14 11 12
11 58 12
58 52 12
52 71 12
F13
256
4 41 13
41 55 13
55 35 13
35 13 13
F14
256
5 7 14
7 9 14
9 13 14
13 11 14
11 16 14
16 21 14
21 26 14
26 19 14
F15
512
100 76 15
76 98 15
98 63 15
F16
512
79 56 16
56 35 16
35 55 16
55 67 16
F17
512
10 12 17
12 14 17
14 11 17
11 56 17
56 79 17
79 75 17
F18
512
84 73 18
73 53 18
53 50 18
50 39 18
39 36 18
F19
512
26 21 19
21 16 19
16 11 19
11 58 19
58 56 19
56 83 19
F20
512
24 20 20
20 16 20
16 11 20
11 13 20
13 12 20
F21
512
24 20 21
20 16 21
16 11 21
11 13 21
13 12 21
F22
512
26 21 22
21 16 22
16 11 22
11 58 22
58 56 22
56 83 22
F23
512
45 37 23
37 32 23
32 39 23
39 50 23
50 72 23
72 68 23
68 86 23
86 97 23
F24
512
42 77 24
77 70 24
70 98 24
98 76 24
76 68 24
68 87 24
F25
512
48 34 25
34 33 25
33 50 25
50 53 25
53 73 25
73 51 25
F26
512
26 21 26
21 16 26
16 11 26
11 58 26
58 56 26
56 83 26
F27
1024
25 28 27
28 61 27
61 76 27
76 98 27
98 63 27
63 65 27
F28
1024
48 34 28
34 33 28
33 50 28
50 53 28
53 73 28
73 51 28
F29
1024
17 14 29
14 11 29
11 56 29
56 79 29
79 88 29
F30
1024
99 89 30
89 87 30
87 53 30
53 50 30
50 33 30
33 32 30
32 29 30
F31
1024
5 7 31
7 9 31
9 13 31
13 11 31
11 16 31
16 21 31
21 26 31
26 19 31
F32
1024
90 85 32
85 100 32
100 76 32
76 61 32
61 28 32
28 25 32
25 30 32
F33
1024
66 49 33
49 83 33
83 35 33
35 56 33
F34
1024
48 34 34
34 33 34
33 50 34
50 53 34
53 73 34
73 51 34
F35
1024
79 56 35
56 35 35
35 55 35
55 67 35
F36
1024
25 28 36
28 61 36
61 76 36
76 98 36
98 63 36
63 65 36
F37
1024
33 50 37
50 57 37
F38
1024
89 87 38
87 68 38
68 76 38
76 61 38
F39
1024
3 4 39
4 41 39
41 8 39
8 35 39
35 83 39
83 49 39
49 66 39
66 59 39
F40
1024
100 76 40
76 98 40
98 63 40
