F1
256
46 52 1
52 58 1
58 11 1
11 16 1
16 21 1
21 24 1
24 15 1
F2
256
1 6 2
6 8 2
8 35 2
35 56 2
56 44 2
44 60 2
F3
256
79 56 3
56 35 3
35 55 3
55 67 3
F4
256
66 49 4
49 83 4
83 35 4
35 56 4
F5
256
54 31 5
31 41 5
41 8 5
8 35 5
35 56 5
56 58 5
58 16 5
F6
256
18 14 6
14 11 6
11 56 6
56 83 6
83 49 6
49 69 6
F7
256
66 49 7
49 83 7
83 35 7
35 56 7
F8
256
5 7 8
7 9 8
9 13 8
13 11 8
11 16 8
16 21 8
21 26 8
26 19 8
F9
256
1 6 9
6 8 9
8 35 9
35 56 9
56 44 9
44 60 9
F10
256
4 41 10
41 55 10
55 35 10
35 13 10
F11
512
45 37 11
37 32 11
32 39 11
39 50 11
50 72 11
72 68 11
68 86 11
86 97 11
F12
512
24 20 12
20 16 12
16 11 12
11 13 12
13 12 12
F13
512
22 21 13
21 16 13
16 11 13
11 58 13
58 44 13
44 60 13
F14
512
94 97 14
97 86 14
86 68 14
68 76 14
76 82 14
82 74 14
F15
512
21 16 15
16 11 15
11 14 15
F16
512
18 14 16
14 11 16
11 56 16
56 83 16
83 49 16
49 69 16
F17
512
47 33 17
33 50 17
50 39 17
F18
512
18 14 18
14 11 18
11 56 18
56 83 18
83 49 18
49 69 18
F19
512
7 9 19
9 13 19
13 11 19
11 58 19
58 52 19
F20
512
37 32 20
32 39 20
39 50 20
50 28 20
28 23 20
23 40 20
F21
512
4 41 21
41 55 21
55 35 21
35 13 21
F22
512
5 7 22
7 9 22
9 13 22
13 11 22
11 16 22
16 21 22
21 26 22
26 19 22
F23
512
85 91 23
91 100 23
100 76 23
76 82 23
82 74 23
74 81 23
F24
512
54 31 24
31 41 24
41 8 24
8 35 24
35 56 24
56 58 24
58 16 24
F25
512
37 32 25
32 39 25
39 50 25
50 28 25
28 23 25
23 40 25
F26
512
22 21 26
21 16 26
16 11 26
11 58 26
58 44 26
44 60 26
F27
512
80 78 27
78 93 27
93 68 27
68 76 27
76 100 27
100 91 27
F28
512
22 21 28
21 16 28
16 11 28
11 58 28
58 44 28
44 60 28
F29
512
20 58 29
58 11 29
11 13 29
13 9 29
F30
512
46 52 30
52 58 30
58 11 30
11 16 30
16 21 30
21 24 30
24 15 30
F31
1024
4 41 31
41 55 31
55 35 31
35 13 31
F32
1024
25 28 32
28 61 32
61 76 32
76 98 32
98 63 32
63 65 32
F33
1024
33 50 33
50 57 33
F34
1024
8 35 34
35 55 34
55 41 34
F35
1024
85 91 35
91 100 35
100 76 35
76 82 35
82 74 35
74 81 35
F36
1024
48 34 36
34 33 36
33 50 36
50 53 36
53 73 36
73 51 36
F37
1024
90 85 37
85 100 37
100 76 37
76 61 37
61 28 37
28 25 37
25 30 37
F38
1024
17 14 38
14 11 38
11 56 38
56 79 38
79 88 38
F39
1024
33 50 39
50 57 39
F40
1024
4 41 40
41 55 40
55 35 40
35 13 40
