F1
256
79 56 1
56 35 1
35 55 1
55 67 1
F2
256
25 28 2
28 61 2
61 76 2
76 98 2
98 63 2
63 65 2
F3
256
80 78 3
78 93 3
93 68 3
68 76 3
76 100 3
100 91 3
F4
256
100 76 4
76 98 4
98 63 4
F5
256
84 73 5
73 53 5
53 50 5
50 39 5
39 36 5
F6
256
84 73 6
73 53 6
53 50 6
50 39 6
39 36 6
F7
256
43 4 7
4 6 7
6 8 7
8 35 7
35 55 7
F8
256
99 89 8
89 87 8
87 53 8
53 50 8
50 33 8
33 32 8
32 29 8
F9
256
72 50 9
50 53 9
53 73 9
F10
256
92 96 10
96 93 10
93 68 10
68 76 10
76 82 10
82 95 10
F11
256
21 16 11
16 11 11
11 14 11
F12
256
17 14 12
14 11 12
11 56 12
56 79 12
79 88 12
F13
256
84 73 13
73 53 13
53 50 13
50 39 13
39 36 13
F14
256
25 28 14
28 61 14
61 76 14
76 98 14
98 63 14
63 65 14
F15
512
7 9 15
9 13 15
13 11 15
11 58 15
58 52 15
F16
512
72 50 16
50 53 16
53 73 16
F17
512
2 1 17
1 6 17
6 8 17
8 35 17
35 55 17
55 67 17
67 62 17
62 64 17
F18
512
72 50 18
50 53 18
53 73 18
F19
512
5 7 19
7 9 19
9 13 19
13 11 19
11 16 19
16 21 19
21 26 19
26 19 19
F20
512
38 47 20
47 53 20
53 50 20
50 72 20
72 68 20
68 93 20
F21
512
45 37 21
37 32 21
32 39 21
39 50 21
50 72 21
72 68 21
68 86 21
86 97 21
F22
1024
48 34 22
34 33 22
33 50 22
50 53 22
53 73 22
73 51 22
F23
1024
79 56 23
56 35 23
35 55 23
55 67 23
F24
1024
72 50 24
50 53 24
53 73 24
F25
1024
94 97 25
97 86 25
86 68 25
68 76 25
76 82 25
82 74 25
F26
1024
24 20 26
20 16 26
16 11 26
11 13 26
13 12 26
F27
1024
24 20 27
20 16 27
16 11 27
11 13 27
13 12 27
F28
1024
66 49 28
49 83 28
83 35 28
35 56 28
F29
1024
17 14 29
14 11 29
11 56 29
56 79 29
79 88 29
F30
1024
66 49 30
49 83 30
83 35 30
35 56 30
F31
1024
94 97 31
97 86 31
86 68 31
68 76 31
76 82 31
82 74 31
F32
1024
21 16 32
16 11 32
11 14 32
F33
1024
20 58 33
58 11 33
11 13 33
13 9 33
F34
1024
10 12 34
12 14 34
14 11 34
11 56 34
56 79 34
79 75 34
F35
1024
42 77 35
77 70 35
70 98 35
98 76 35
76 68 35
68 87 35
F36
1024
90 85 36
85 100 36
100 76 36
76 61 36
61 28 36
28 25 36
25 30 36
F37
1024
7 9 37
9 13 37
13 11 37
11 58 37
58 52 37
F38
1024
54 31 38
31 41 38
41 8 38
8 35 38
35 56 38
56 58 38
58 16 38
F39
1024
47 33 39
33 50 39
50 39 39
F40
1024
85 91 40
91 100 40
100 76 40
76 82 40
82 74 40
74 81 40
