F1
256
48 34 1
34 33 1
33 50 1
50 53 1
53 73 1
73 51 1
F2
256
4 41 2
41 55 2
55 35 2
35 13 2
F3
256
46 52 3
52 58 3
58 11 3
11 16 3
16 21 3
21 24 3
24 15 3
F4
256
54 31 4
31 41 4
41 8 4
8 35 4
35 56 4
56 58 4
58 16 4
F5
256
22 21 5
21 16 5
16 11 5
11 58 5
58 44 5
44 60 5
F6
256
25 28 6
28 61 6
61 76 6
76 98 6
98 63 6
63 65 6
F7
256
27 63 7
63 98 7
98 76 7
76 61 7
61 28 7
F8
256
1 6 8
6 8 8
8 35 8
35 56 8
56 44 8
44 60 8
F9
256
66 49 9
49 83 9
83 35 9
35 56 9
F10
256
94 97 10
97 86 10
86 68 10
68 76 10
76 82 10
82 74 10
F11
256
17 14 11
14 11 11
11 56 11
56 79 11
79 88 11
F12
512
43 4 12
4 6 12
6 8 12
8 35 12
35 55 12
F13
512
3 4 13
4 41 13
41 8 13
8 35 13
35 83 13
83 49 13
49 66 13
66 59 13
F14
512
89 87 14
87 68 14
68 76 14
76 61 14
F15
512
26 21 15
21 16 15
16 11 15
11 58 15
58 56 15
56 83 15
F16
512
72 50 16
50 53 16
53 73 16
F17
512
48 34 17
34 33 17
33 50 17
50 53 17
53 73 17
73 51 17
F18
512
17 14 18
14 11 18
11 56 18
56 79 18
79 88 18
F19
512
8 35 19
35 55 19
55 41 19
F20
512
38 47 20
47 53 20
53 50 20
50 72 20
72 68 20
68 93 20
F21
512
66 49 21
49 83 21
83 35 21
35 56 21
F22
512
42 77 22
77 70 22
70 98 22
98 76 22
76 68 22
68 87 22
F23
512
8 35 23
35 55 23
55 41 23
F24
512
20 58 24
58 11 24
11 13 24
13 9 24
F25
512
100 76 25
76 98 25
98 63 25
F26
1024
22 18 26
18 14 26
14 11 26
11 58 26
58 52 26
52 71 26
F27
1024
66 49 27
49 83 27
83 35 27
35 56 27
F28
1024
48 34 28
34 33 28
33 50 28
50 53 28
53 73 28
73 51 28
F29
1024
25 28 29
28 61 29
61 76 29
76 98 29
98 63 29
63 65 29
F30
1024
100 76 30
76 98 30
98 63 30
F31
1024
46 52 31
52 58 31
58 11 31
11 16 31
16 21 31
21 24 31
24 15 31
F32
1024
94 97 32
97 86 32
86 68 32
68 76 32
76 82 32
82 74 32
F33
1024
22 21 33
21 16 33
16 11 33
11 58 33
58 44 33
44 60 33
F34
1024
79 56 34
56 35 34
35 55 34
55 67 34
F35
1024
47 33 35
33 50 35
50 39 35
F36
1024
66 49 36
49 83 36
83 35 36
35 56 36
F37
1024
5 7 37
7 9 37
9 13 37
13 11 37
11 16 37
16 21 37
21 26 37
26 19 37
F38
1024
27 63 38
63 98 38
98 76 38
76 61 38
61 28 38
F39
1024
22 21 39
21 16 39
16 11 39
11 58 39
58 44 39
44 60 39
F40
1024
37 32 40
32 39 40
39 50 40
50 28 40
28 23 40
23 40 40
