F1
256
38 47 1
47 53 1
53 50 1
50 72 1
72 68 1
68 93 1
F2
256
37 32 2
32 39 2
39 50 2
50 28 2
28 23 2
23 40 2
F3
256
33 50 3
50 57 3
F4
256
100 76 4
76 98 4
98 63 4
F5
256
90 85 5
85 100 5
100 76 5
76 61 5
61 28 5
28 25 5
25 30 5
F6
256
99 89 6
89 87 6
87 53 6
53 50 6
50 33 6
33 32 6
32 29 6
F7
256
80 78 7
78 93 7
93 68 7
68 76 7
76 100 7
100 91 7
F8
256
85 91 8
91 100 8
100 76 8
76 82 8
82 74 8
74 81 8
F9
256
80 78 9
78 93 9
93 68 9
68 76 9
76 100 9
100 91 9
F10
256
72 50 10
50 53 10
53 73 10
F11
256
4 41 11
41 55 11
55 35 11
35 13 11
F12
256
42 77 12
77 70 12
70 98 12
98 76 12
76 68 12
68 87 12
F13
256
66 49 13
49 83 13
83 35 13
35 56 13
F14
256
2 1 14
1 6 14
6 8 14
8 35 14
35 55 14
55 67 14
67 62 14
62 64 14
F15
512
4 41 15
41 55 15
55 35 15
35 13 15
F16
512
66 49 16
49 83 16
83 35 16
35 56 16
F17
512
18 14 17
14 11 17
11 56 17
56 83 17
83 49 17
49 69 17
F18
512
22 21 18
21 16 18
16 11 18
11 58 18
58 44 18
44 60 18
F19
512
10 12 19
12 14 19
14 11 19
11 56 19
56 79 19
79 75 19
F20
512
20 58 20
58 11 20
11 13 20
13 9 20
F21
512
79 56 21
56 35 21
35 55 21
55 67 21
F22
512
7 9 22
9 13 22
13 11 22
11 58 22
58 52 22
F23
512
43 4 23
4 6 23
6 8 23
8 35 23
35 55 23
F24
512
79 56 24
56 35 24
35 55 24
55 67 24
F25
512
84 73 25
73 53 25
53 50 25
50 39 25
39 36 25
F26
512
47 33 26
33 50 26
50 39 26
F27
1024
21 16 27
16 11 27
11 14 27
F28
1024
80 78 28
78 93 28
93 68 28
68 76 28
76 100 28
100 91 28
F29
1024
92 96 29
96 93 29
93 68 29
68 76 29
76 82 29
82 95 29
F30
1024
33 50 30
50 57 30
F31
1024
3 4 31
4 41 31
41 8 31
8 35 31
35 83 31
83 49 31
49 66 31
66 59 31
F32
1024
85 91 32
91 100 32
100 76 32
76 82 32
82 74 32
74 81 32
F33
1024
21 16 33
16 11 33
11 14 33
F34
1024
4 41 34
41 55 34
55 35 34
35 13 34
F35
1024
5 7 35
7 9 35
9 13 35
13 11 35
11 16 35
16 21 35
21 26 35
26 19 35
F36
1024
80 78 36
78 93 36
93 68 36
68 76 36
76 100 36
100 91 36
F37
1024
84 73 37
73 53 37
53 50 37
50 39 37
39 36 37
F38
1024
45 37 38
37 32 38
32 39 38
39 50 38
50 72 38
72 68 38
68 86 38
86 97 38
F39
1024
22 18 39
18 14 39
14 11 39
11 58 39
58 52 39
52 71 39
F40
1024
43 4 40
4 6 40
6 8 40
8 35 40
35 55 40
