F1
256
79 56 1
56 35 1
35 55 1
55 67 1
F2
256
94 97 2
97 86 2
86 68 2
68 76 2
76 82 2
82 74 2
F3
256
22 21 3
21 16 3
16 11 3
11 58 3
58 44 3
44 60 3
F4
256
42 77 4
77 70 4
70 98 4
98 76 4
76 68 4
68 87 4
F5
256
37 32 5
32 39 5
39 50 5
50 28 5
28 23 5
23 40 5
F6
256
8 35 6
35 55 6
55 41 6
F7
256
8 35 7
35 55 7
55 41 7
F8
256
10 12 8
12 14 8
14 11 8
11 56 8
56 79 8
79 75 8
F9
256
18 14 9
14 11 9
11 56 9
56 83 9
83 49 9
49 69 9
F10
256
21 16 10
16 11 10
11 14 10
F11
256
94 97 11
97 86 11
86 68 11
68 76 11
76 82 11
82 74 11
F12
256
89 87 12
87 68 12
68 76 12
76 61 12
F13
256
22 18 13
18 14 13
14 11 13
11 58 13
58 52 13
52 71 13
F14
256
80 78 14
78 93 14
93 68 14
68 76 14
76 100 14
100 91 14
F15
512
25 28 15
28 61 15
61 76 15
76 98 15
98 63 15
63 65 15
F16
512
48 34 16
34 33 16
33 50 16
50 53 16
53 73 16
73 51 16
F17
512
33 50 17
50 57 17
F18
512
7 9 18
9 13 18
13 11 18
11 58 18
58 52 18
F19
512
79 56 19
56 35 19
35 55 19
55 67 19
F20
512
24 20 20
20 16 20
16 11 20
11 13 20
13 12 20
F21
512
38 47 21
47 53 21
53 50 21
50 72 21
72 68 21
68 93 21
F22
512
46 52 22
52 58 22
58 11 22
11 16 22
16 21 22
21 24 22
24 15 22
F23
512
17 14 23
14 11 23
11 56 23
56 79 23
79 88 23
F24
512
54 31 24
31 41 24
41 8 24
8 35 24
35 56 24
56 58 24
58 16 24
F25
512
46 52 25
52 58 25
58 11 25
11 16 25
16 21 25
21 24 25
24 15 25
F26
512
54 31 26
31 41 26
41 8 26
8 35 26
35 56 26
56 58 26
58 16 26
F27
512
22 21 27
21 16 27
16 11 27
11 58 27
58 44 27
44 60 27
F28
512
25 28 28
28 61 28
61 76 28
76 98 28
98 63 28
63 65 28
F29
512
84 73 29
73 53 29
53 50 29
50 39 29
39 36 29
F30
512
37 32 30
32 39 30
39 50 30
50 28 30
28 23 30
23 40 30
F31
1024
46 52 31
52 58 31
58 11 31
11 16 31
16 21 31
21 24 31
24 15 31
F32
1024
24 20 32
20 16 32
16 11 32
11 13 32
13 12 32
F33
1024
2 1 33
1 6 33
6 8 33
8 35 33
35 55 33
55 67 33
67 62 33
62 64 33
F34
1024
3 4 34
4 41 34
41 8 34
8 35 34
35 83 34
83 49 34
49 66 34
66 59 34
F35
1024
100 76 35
76 98 35
98 63 35
F36
1024
1 6 36
6 8 36
8 35 36
35 56 36
56 44 36
44 60 36
F37
1024
26 21 37
21 16 37
16 11 37
11 58 37
58 56 37
56 83 37
F38
1024
26 21 38
21 16 38
16 11 38
11 58 38
58 56 38
56 83 38
F39
1024
17 14 39
14 11 39
11 56 39
56 79 39
79 88 39
F40
1024
18 14 40
14 11 40
11 56 40
56 83 40
83 49 40
49 69 40
