F1
256
22 18 1
18 14 1
14 11 1
11 58 1
58 52 1
52 71 1
F2
256
92 96 2
96 93 2
93 68 2
68 76 2
76 82 2
82 95 2
F3
256
7 9 3
9 13 3
13 11 3
11 58 3
58 52 3
F4
256
80 78 4
78 93 4
93 68 4
68 76 4
76 100 4
100 91 4
F5
256
94 97 5
97 86 5
86 68 5
68 76 5
76 82 5
82 74 5
F6
256
20 58 6
58 11 6
11 13 6
13 9 6
F7
256
3 4 7
4 41 7
41 8 7
8 35 7
35 83 7
83 49 7
49 66 7
66 59 7
F8
256
80 78 8
78 93 8
93 68 8
68 76 8
76 100 8
100 91 8
F9
256
66 49 9
49 83 9
83 35 9
35 56 9
F10
512
42 77 10
77 70 10
70 98 10
98 76 10
76 68 10
68 87 10
F11
512
47 33 11
33 50 11
50 39 11
F12
512
54 31 12
31 41 12
41 8 12
8 35 12
35 56 12
56 58 12
58 16 12
F13
512
20 58 13
58 11 13
11 13 13
13 9 13
F14
512
1 6 14
6 8 14
8 35 14
35 56 14
56 44 14
44 60 14
F15
512
79 56 15
56 35 15
35 55 15
55 67 15
F16
512
54 31 16
31 41 16
41 8 16
8 35 16
35 56 16
56 58 16
58 16 16
F17
512
94 97 17
97 86 17
86 68 17
68 76 17
76 82 17
82 74 17
F18
512
17 14 18
14 11 18
11 56 18
56 79 18
79 88 18
F19
512
5 7 19
7 9 19
9 13 19
13 11 19
11 16 19
16 21 19
21 26 19
26 19 19
F20
512
4 41 20
41 55 20
55 35 20
35 13 20
F21
512
27 63 21
63 98 21
98 76 21
76 61 21
61 28 21
F22
512
45 37 22
37 32 22
32 39 22
39 50 22
50 72 22
72 68 22
68 86 22
86 97 22
F23
512
99 89 23
89 87 23
87 53 23
53 50 23
50 33 23
33 32 23
32 29 23
F24
1024
21 16 24
16 11 24
11 14 24
F25
1024
21 16 25
16 11 25
11 14 25
F26
1024
42 77 26
77 70 26
70 98 26
98 76 26
76 68 26
68 87 26
F27
1024
2 1 27
1 6 27
6 8 27
8 35 27
35 55 27
55 67 27
67 62 27
62 64 27
F28
1024
37 32 28
32 39 28
39 50 28
50 28 28
28 23 28
23 40 28
F29
1024
8 35 29
35 55 29
55 41 29
F30
1024
99 89 30
89 87 30
87 53 30
53 50 30
50 33 30
33 32 30
32 29 30
F31
1024
21 16 31
16 11 31
11 14 31
F32
1024
5 7 32
7 9 32
9 13 32
13 11 32
11 16 32
16 21 32
21 26 32
26 19 32
F33
1024
46 52 33
52 58 33
58 11 33
11 16 33
16 21 33
21 24 33
24 15 33
F34
1024
38 47 34
47 53 34
53 50 34
50 72 34
72 68 34
68 93 34
F35
1024
21 16 35
16 11 35
11 14 35
F36
1024
27 63 36
63 98 36
98 76 36
76 61 36
61 28 36
F37
1024
99 89 37
89 87 37
87 53 37
53 50 37
50 33 37
33 32 37
32 29 37
F38
1024
42 77 38
77 70 38
70 98 38
98 76 38
76 68 38
68 87 38
F39
1024
18 14 39
14 11 39
11 56 39
56 83 39
83 49 39
49 69 39
F40
1024
79 56 40
56 35 40
35 55 40
55 67 40
