F1
256
10 12 1
12 14 1
14 11 1
11 56 1
56 79 1
79 75 1
F2
256
46 52 2
52 58 2
58 11 2
11 16 2
16 21 2
21 24 2
24 15 2
F3
256
85 91 3
91 100 3
100 76 3
76 82 3
82 74 3
74 81 3
F4
256
4 41 4
41 55 4
55 35 4
35 13 4
F5
256
79 56 5
56 35 5
35 55 5
55 67 5
F6
256
47 33 6
33 50 6
50 39 6
F7
256
2 1 7
1 6 7
6 8 7
8 35 7
35 55 7
55 67 7
67 62 7
62 64 7
F8
256
4 41 8
41 55 8
55 35 8
35 13 8
F9
256
84 73 9
73 53 9
53 50 9
50 39 9
39 36 9
F10
256
48 34 10
34 33 10
33 50 10
50 53 10
53 73 10
73 51 10
F11
256
90 85 11
85 100 11
100 76 11
76 61 11
61 28 11
28 25 11
25 30 11
F12
256
46 52 12
52 58 12
58 11 12
11 16 12
16 21 12
21 24 12
24 15 12
F13
512
92 96 13
96 93 13
93 68 13
68 76 13
76 82 13
82 95 13
F14
512
42 77 14
77 70 14
70 98 14
98 76 14
76 68 14
68 87 14
F15
512
10 12 15
12 14 15
14 11 15
11 56 15
56 79 15
79 75 15
F16
512
89 87 16
87 68 16
68 76 16
76 61 16
F17
512
7 9 17
9 13 17
13 11 17
11 58 17
58 52 17
F18
512
48 34 18
34 33 18
33 50 18
50 53 18
53 73 18
73 51 18
F19
512
7 9 19
9 13 19
13 11 19
11 58 19
58 52 19
F20
512
80 78 20
78 93 20
93 68 20
68 76 20
76 100 20
100 91 20
F21
512
27 63 21
63 98 21
98 76 21
76 61 21
61 28 21
F22
512
92 96 22
96 93 22
93 68 22
68 76 22
76 82 22
82 95 22
F23
512
8 35 23
35 55 23
55 41 23
F24
512
84 73 24
73 53 24
53 50 24
50 39 24
39 36 24
F25
512
66 49 25
49 83 25
83 35 25
35 56 25
F26
512
85 91 26
91 100 26
100 76 26
76 82 26
82 74 26
74 81 26
F27
1024
94 97 27
97 86 27
86 68 27
68 76 27
76 82 27
82 74 27
F28
1024
20 58 28
58 11 28
11 13 28
13 9 28
F29
1024
27 63 29
63 98 29
98 76 29
76 61 29
61 28 29
F30
1024
2 1 30
1 6 30
6 8 30
8 35 30
35 55 30
55 67 30
67 62 30
62 64 30
F31
1024
38 47 31
47 53 31
53 50 31
50 72 31
72 68 31
68 93 31
F32
1024
7 9 32
9 13 32
13 11 32
11 58 32
58 52 32
F33
1024
48 34 33
34 33 33
33 50 33
50 53 33
53 73 33
73 51 33
F34
1024
99 89 34
89 87 34
87 53 34
53 50 34
50 33 34
33 32 34
32 29 34
F35
1024
54 31 35
31 41 35
41 8 35
8 35 35
35 56 35
56 58 35
58 16 35
F36
1024
26 21 36
21 16 36
16 11 36
11 58 36
58 56 36
56 83 36
F37
1024
22 21 37
21 16 37
16 11 37
11 58 37
58 44 37
44 60 37
F38
1024
7 9 38
9 13 38
13 11 38
11 58 38
58 52 38
F39
1024
27 63 39
63 98 39
98 76 39
76 61 39
61 28 39
F40
1024
66 49 40
49 83 40
83 35 40
35 56 40
