F1
256
4 41 1
41 55 1
55 35 1
35 13 1
F2
256
2 1 2
1 6 2
6 8 2
8 35 2
35 55 2
55 67 2
67 62 2
62 64 2
F3
256
79 56 3
56 35 3
35 55 3
55 67 3
F4
256
89 87 4
87 68 4
68 76 4
76 61 4
F5
256
94 97 5
97 86 5
86 68 5
68 76 5
76 82 5
82 74 5
F6
256
21 16 6
16 11 6
11 14 6
F7
256
45 37 7
37 32 7
32 39 7
39 50 7
50 72 7
72 68 7
68 86 7
86 97 7
F8
256
33 50 8
50 57 8
F9
256
18 14 9
14 11 9
11 56 9
56 83 9
83 49 9
49 69 9
F10
256
26 21 10
21 16 10
16 11 10
11 58 10
58 56 10
56 83 10
F11
256
4 41 11
41 55 11
55 35 11
35 13 11
F12
256
24 20 12
20 16 12
16 11 12
11 13 12
13 12 12
F13
256
54 31 13
31 41 13
41 8 13
8 35 13
35 56 13
56 58 13
58 16 13
F14
256
80 78 14
78 93 14
93 68 14
68 76 14
76 100 14
100 91 14
F15
256
54 31 15
31 41 15
41 8 15
8 35 15
35 56 15
56 58 15
58 16 15
F16
256
90 85 16
85 100 16
100 76 16
76 61 16
61 28 16
28 25 16
25 30 16
F17
256
72 50 17
50 53 17
53 73 17
F18
512
48 34 18
34 33 18
33 50 18
50 53 18
53 73 18
73 51 18
F19
512
84 73 19
73 53 19
53 50 19
50 39 19
39 36 19
F20
512
2 1 20
1 6 20
6 8 20
8 35 20
35 55 20
55 67 20
67 62 20
62 64 20
F21
512
66 49 21
49 83 21
83 35 21
35 56 21
F22
512
5 7 22
7 9 22
9 13 22
13 11 22
11 16 22
16 21 22
21 26 22
26 19 22
F23
512
25 28 23
28 61 23
61 76 23
76 98 23
98 63 23
63 65 23
F24
512
27 63 24
63 98 24
98 76 24
76 61 24
61 28 24
F25
512
5 7 25
7 9 25
9 13 25
13 11 25
11 16 25
16 21 25
21 26 25
26 19 25
F26
1024
17 14 26
14 11 26
11 56 26
56 79 26
79 88 26
F27
1024
45 37 27
37 32 27
32 39 27
39 50 27
50 72 27
72 68 27
68 86 27
86 97 27
F28
1024
92 96 28
96 93 28
93 68 28
68 76 28
76 82 28
82 95 28
F29
1024
33 50 29
50 57 29
F30
1024
66 49 30
49 83 30
83 35 30
35 56 30
F31
1024
25 28 31
28 61 31
61 76 31
76 98 31
98 63 31
63 65 31
F32
1024
46 52 32
52 58 32
58 11 32
11 16 32
16 21 32
21 24 32
24 15 32
F33
1024
26 21 33
21 16 33
16 11 33
11 58 33
58 56 33
56 83 33
F34
1024
45 37 34
37 32 34
32 39 34
39 50 34
50 72 34
72 68 34
68 86 34
86 97 34
F35
1024
100 76 35
76 98 35
98 63 35
F36
1024
8 35 36
35 55 36
55 41 36
F37
1024
18 14 37
14 11 37
11 56 37
56 83 37
83 49 37
49 69 37
F38
1024
79 56 38
56 35 38
35 55 38
55 67 38
F39
1024
85 91 39
91 100 39
100 76 39
76 82 39
82 74 39
74 81 39
F40
1024
100 76 40
76 98 40
98 63 40
