F1
256
22 21 1
21 16 1
16 11 1
11 58 1
58 44 1
44 60 1
F2
256
80 78 2
78 93 2
93 68 2
68 76 2
76 100 2
100 91 2
F3
256
18 14 3
14 11 3
11 56 3
56 83 3
83 49 3
49 69 3
F4
256
5 7 4
7 9 4
9 13 4
13 11 4
11 16 4
16 21 4
21 26 4
26 19 4
F5
256
54 31 5
31 41 5
41 8 5
8 35 5
35 56 5
56 58 5
58 16 5
F6
256
21 16 6
16 11 6
11 14 6
F7
256
79 56 7
56 35 7
35 55 7
55 67 7
F8
256
94 97 8
97 86 8
86 68 8
68 76 8
76 82 8
82 74 8
F9
256
8 35 9
35 55 9
55 41 9
F10
256
22 21 10
21 16 10
16 11 10
11 58 10
58 44 10
44 60 10
F11
512
38 47 11
47 53 11
53 50 11
50 72 11
72 68 11
68 93 11
F12
512
17 14 12
14 11 12
11 56 12
56 79 12
79 88 12
F13
512
33 50 13
50 57 13
F14
512
47 33 14
33 50 14
50 39 14
F15
512
42 77 15
77 70 15
70 98 15
98 76 15
76 68 15
68 87 15
F16
512
24 20 16
20 16 16
16 11 16
11 13 16
13 12 16
F17
512
8 35 17
35 55 17
55 41 17
F18
512
89 87 18
87 68 18
68 76 18
76 61 18
F19
512
66 49 19
49 83 19
83 35 19
35 56 19
F20
512
99 89 20
89 87 20
87 53 20
53 50 20
50 33 20
33 32 20
32 29 20
F21
512
1 6 21
6 8 21
8 35 21
35 56 21
56 44 21
44 60 21
F22
512
90 85 22
85 100 22
100 76 22
76 61 22
61 28 22
28 25 22
25 30 22
F23
512
27 63 23
63 98 23
98 76 23
76 61 23
61 28 23
F24
1024
66 49 24
49 83 24
83 35 24
35 56 24
F25
1024
10 12 25
12 14 25
14 11 25
11 56 25
56 79 25
79 75 25
F26
1024
24 20 26
20 16 26
16 11 26
11 13 26
13 12 26
F27
1024
92 96 27
96 93 27
93 68 27
68 76 27
76 82 27
82 95 27
F28
1024
33 50 28
50 57 28
F29
1024
38 47 29
47 53 29
53 50 29
50 72 29
72 68 29
68 93 29
F30
1024
47 33 30
33 50 30
50 39 30
F31
1024
24 20 31
20 16 31
16 11 31
11 13 31
13 12 31
F32
1024
54 31 32
31 41 32
41 8 32
8 35 32
35 56 32
56 58 32
58 16 32
F33
1024
5 7 33
7 9 33
9 13 33
13 11 33
11 16 33
16 21 33
21 26 33
26 19 33
F34
1024
54 31 34
31 41 34
41 8 34
8 35 34
35 56 34
56 58 34
58 16 34
F35
1024
37 32 35
32 39 35
39 50 35
50 28 35
28 23 35
23 40 35
F36
1024
54 31 36
31 41 36
41 8 36
8 35 36
35 56 36
56 58 36
58 16 36
F37
1024
27 63 37
63 98 37
98 76 37
76 61 37
61 28 37
F38
1024
8 35 38
35 55 38
55 41 38
F39
1024
2 1 39
1 6 39
6 8 39
8 35 39
35 55 39
55 67 39
67 62 39
62 64 39
F40
1024
22 21 40
21 16 40
16 11 40
11 58 40
58 44 40
44 60 40
