F1
256
66 49 1
49 83 1
83 35 1
35 56 1
F2
256
21 16 2
16 11 2
11 14 2
F3
256
4 41 3
41 55 3
55 35 3
35 13 3
F4
256
20 58 4
58 11 4
11 13 4
13 9 4
F5
256
100 76 5
76 98 5
98 63 5
F6
256
66 49 6
49 83 6
83 35 6
35 56 6
F7
256
66 49 7
49 83 7
83 35 7
35 56 7
F8
256
94 97 8
97 86 8
86 68 8
68 76 8
76 82 8
82 74 8
F9
256
17 14 9
14 11 9
11 56 9
56 79 9
79 88 9
F10
256
90 85 10
85 100 10
100 76 10
76 61 10
61 28 10
28 25 10
25 30 10
F11
256
48 34 11
34 33 11
33 50 11
50 53 11
53 73 11
73 51 11
F12
256
94 97 12
97 86 12
86 68 12
68 76 12
76 82 12
82 74 12
F13
256
99 89 13
89 87 13
87 53 13
53 50 13
50 33 13
33 32 13
32 29 13
F14
256
25 28 14
28 61 14
61 76 14
76 98 14
98 63 14
63 65 14
F15
512
92 96 15
96 93 15
93 68 15
68 76 15
76 82 15
82 95 15
F16
512
80 78 16
78 93 16
93 68 16
68 76 16
76 100 16
100 91 16
F17
512
37 32 17
32 39 17
39 50 17
50 28 17
28 23 17
23 40 17
F18
512
45 37 18
37 32 18
32 39 18
39 50 18
50 72 18
72 68 18
68 86 18
86 97 18
F19
512
7 9 19
9 13 19
13 11 19
11 58 19
58 52 19
F20
512
26 21 20
21 16 20
16 11 20
11 58 20
58 56 20
56 83 20
F21
512
43 4 21
4 6 21
6 8 21
8 35 21
35 55 21
F22
512
8 35 22
35 55 22
55 41 22
F23
512
22 21 23
21 16 23
16 11 23
11 58 23
58 44 23
44 60 23
F24
512
24 20 24
20 16 24
16 11 24
11 13 24
13 12 24
F25
512
25 28 25
28 61 25
61 76 25
76 98 25
98 63 25
63 65 25
F26
512
27 63 26
63 98 26
98 76 26
76 61 26
61 28 26
F27
512
8 35 27
35 55 27
55 41 27
F28
512
26 21 28
21 16 28
16 11 28
11 58 28
58 56 28
56 83 28
F29
512
85 91 29
91 100 29
100 76 29
76 82 29
82 74 29
74 81 29
F30
512
18 14 30
14 11 30
11 56 30
56 83 30
83 49 30
49 69 30
F31
512
48 34 31
34 33 31
33 50 31
50 53 31
53 73 31
73 51 31
F32
1024
10 12 32
12 14 32
14 11 32
11 56 32
56 79 32
79 75 32
F33
1024
8 35 33
35 55 33
55 41 33
F34
1024
20 58 34
58 11 34
11 13 34
13 9 34
F35
1024
46 52 35
52 58 35
58 11 35
11 16 35
16 21 35
21 24 35
24 15 35
F36
1024
24 20 36
20 16 36
16 11 36
11 13 36
13 12 36
F37
1024
17 14 37
14 11 37
11 56 37
56 79 37
79 88 37
F38
1024
24 20 38
20 16 38
16 11 38
11 13 38
13 12 38
F39
1024
25 28 39
28 61 39
61 76 39
76 98 39
98 63 39
63 65 39
F40
1024
92 96 40
96 93 40
93 68 40
68 76 40
76 82 40
82 95 40
