F1
256
20 58 1
58 11 1
11 13 1
13 9 1
F2
256
46 52 2
52 58 2
58 11 2
11 16 2
16 21 2
21 24 2
24 15 2
F3
256
48 34 3
34 33 3
33 50 3
50 53 3
53 73 3
73 51 3
F4
256
20 58 4
58 11 4
11 13 4
13 9 4
F5
256
24 20 5
20 16 5
16 11 5
11 13 5
13 12 5
F6
256
66 49 6
49 83 6
83 35 6
35 56 6
F7
256
24 20 7
20 16 7
16 11 7
11 13 7
13 12 7
F8
256
89 87 8
87 68 8
68 76 8
76 61 8
F9
256
48 34 9
34 33 9
33 50 9
50 53 9
53 73 9
73 51 9
F10
256
25 28 10
28 61 10
61 76 10
76 98 10
98 63 10
63 65 10
F11
256
48 34 11
34 33 11
33 50 11
50 53 11
53 73 11
73 51 11
F12
512
21 16 12
16 11 12
11 14 12
F13
512
25 28 13
28 61 13
61 76 13
76 98 13
98 63 13
63 65 13
F14
512
3 4 14
4 41 14
41 8 14
8 35 14
35 83 14
83 49 14
49 66 14
66 59 14
F15
512
38 47 15
47 53 15
53 50 15
50 72 15
72 68 15
68 93 15
F16
512
99 89 16
89 87 16
87 53 16
53 50 16
50 33 16
33 32 16
32 29 16
F17
512
84 73 17
73 53 17
53 50 17
50 39 17
39 36 17
F18
512
22 21 18
21 16 18
16 11 18
11 58 18
58 44 18
44 60 18
F19
512
94 97 19
97 86 19
86 68 19
68 76 19
76 82 19
82 74 19
F20
1024
94 97 20
97 86 20
86 68 20
68 76 20
76 82 20
82 74 20
F21
1024
84 73 21
73 53 21
53 50 21
50 39 21
39 36 21
F22
1024
10 12 22
12 14 22
14 11 22
11 56 22
56 79 22
79 75 22
F23
1024
33 50 23
50 57 23
F24
1024
37 32 24
32 39 24
39 50 24
50 28 24
28 23 24
23 40 24
F25
1024
5 7 25
7 9 25
9 13 25
13 11 25
11 16 25
16 21 25
21 26 25
26 19 25
F26
1024
99 89 26
89 87 26
87 53 26
53 50 26
50 33 26
33 32 26
32 29 26
F27
1024
26 21 27
21 16 27
16 11 27
11 58 27
58 56 27
56 83 27
F28
1024
66 49 28
49 83 28
83 35 28
35 56 28
F29
1024
1 6 29
6 8 29
8 35 29
35 56 29
56 44 29
44 60 29
F30
1024
26 21 30
21 16 30
16 11 30
11 58 30
58 56 30
56 83 30
