F1
256
24 20 1
20 16 1
16 11 1
11 13 1
13 12 1
F2
256
85 91 2
91 100 2
100 76 2
76 82 2
82 74 2
74 81 2
F3
256
3 4 3
4 41 3
41 8 3
8 35 3
35 83 3
83 49 3
49 66 3
66 59 3
F4
256
24 20 4
20 16 4
16 11 4
11 13 4
13 12 4
F5
256
1 6 5
6 8 5
8 35 5
35 56 5
56 44 5
44 60 5
F6
256
5 7 6
7 9 6
9 13 6
13 11 6
11 16 6
16 21 6
21 26 6
26 19 6
F7
512
92 96 7
96 93 7
93 68 7
68 76 7
76 82 7
82 95 7
F8
512
22 21 8
21 16 8
16 11 8
11 58 8
58 44 8
44 60 8
F9
512
7 9 9
9 13 9
13 11 9
11 58 9
58 52 9
F10
512
99 89 10
89 87 10
87 53 10
53 50 10
50 33 10
33 32 10
32 29 10
F11
512
22 21 11
21 16 11
16 11 11
11 58 11
58 44 11
44 60 11
F12
512
100 76 12
76 98 12
98 63 12
F13
512
47 33 13
33 50 13
50 39 13
F14
512
99 89 14
89 87 14
87 53 14
53 50 14
50 33 14
33 32 14
32 29 14
F15
512
18 14 15
14 11 15
11 56 15
56 83 15
83 49 15
49 69 15
F16
512
24 20 16
20 16 16
16 11 16
11 13 16
13 12 16
F17
512
21 16 17
16 11 17
11 14 17
F18
512
2 1 18
1 6 18
6 8 18
8 35 18
35 55 18
55 67 18
67 62 18
62 64 18
F19
512
8 35 19
35 55 19
55 41 19
F20
512
100 76 20
76 98 20
98 63 20
F21
512
3 4 21
4 41 21
41 8 21
8 35 21
35 83 21
83 49 21
49 66 21
66 59 21
F22
1024
48 34 22
34 33 22
33 50 22
50 53 22
53 73 22
73 51 22
F23
1024
22 18 23
18 14 23
14 11 23
11 58 23
58 52 23
52 71 23
F24
1024
48 34 24
34 33 24
33 50 24
50 53 24
53 73 24
73 51 24
F25
1024
25 28 25
28 61 25
61 76 25
76 98 25
98 63 25
63 65 25
F26
1024
72 50 26
50 53 26
53 73 26
F27
1024
48 34 27
34 33 27
33 50 27
50 53 27
53 73 27
73 51 27
F28
1024
99 89 28
89 87 28
87 53 28
53 50 28
50 33 28
33 32 28
32 29 28
F29
1024
25 28 29
28 61 29
61 76 29
76 98 29
98 63 29
63 65 29
F30
1024
17 14 30
14 11 30
11 56 30
56 79 30
79 88 30
