F1
256
89 87 1
87 68 1
68 76 1
76 61 1
F2
256
1 6 2
6 8 2
8 35 2
35 56 2
56 44 2
44 60 2
F3
256
92 96 3
96 93 3
93 68 3
68 76 3
76 82 3
82 95 3
F4
256
2 1 4
1 6 4
6 8 4
8 35 4
35 55 4
55 67 4
67 62 4
62 64 4
F5
256
48 34 5
34 33 5
33 50 5
50 53 5
53 73 5
73 51 5
F6
256
17 14 6
14 11 6
11 56 6
56 79 6
79 88 6
F7
256
33 50 7
50 57 7
F8
512
94 97 8
97 86 8
86 68 8
68 76 8
76 82 8
82 74 8
F9
512
1 6 9
6 8 9
8 35 9
35 56 9
56 44 9
44 60 9
F10
512
42 77 10
77 70 10
70 98 10
98 76 10
76 68 10
68 87 10
F11
512
7 9 11
9 13 11
13 11 11
11 58 11
58 52 11
F12
512
43 4 12
4 6 12
6 8 12
8 35 12
35 55 12
F13
512
47 33 13
33 50 13
50 39 13
F14
512
45 37 14
37 32 14
32 39 14
39 50 14
50 72 14
72 68 14
68 86 14
86 97 14
F15
512
94 97 15
97 86 15
86 68 15
68 76 15
76 82 15
82 74 15
F16
512
1 6 16
6 8 16
8 35 16
35 56 16
56 44 16
44 60 16
F17
512
43 4 17
4 6 17
6 8 17
8 35 17
35 55 17
F18
512
38 47 18
47 53 18
53 50 18
50 72 18
72 68 18
68 93 18
F19
512
42 77 19
77 70 19
70 98 19
98 76 19
76 68 19
68 87 19
F20
512
100 76 20
76 98 20
98 63 20
F21
512
5 7 21
7 9 21
9 13 21
13 11 21
11 16 21
16 21 21
21 26 21
26 19 21
F22
512
42 77 22
77 70 22
70 98 22
98 76 22
76 68 22
68 87 22
F23
1024
22 18 23
18 14 23
14 11 23
11 58 23
58 52 23
52 71 23
F24
1024
84 73 24
73 53 24
53 50 24
50 39 24
39 36 24
F25
1024
89 87 25
87 68 25
68 76 25
76 61 25
F26
1024
85 91 26
91 100 26
100 76 26
76 82 26
82 74 26
74 81 26
F27
1024
26 21 27
21 16 27
16 11 27
11 58 27
58 56 27
56 83 27
F28
1024
26 21 28
21 16 28
16 11 28
11 58 28
58 56 28
56 83 28
F29
1024
21 16 29
16 11 29
11 14 29
F30
1024
79 56 30
56 35 30
35 55 30
55 67 30
