F1
256
10 12 1
12 14 1
14 11 1
11 56 1
56 79 1
79 75 1
F2
256
27 63 2
63 98 2
98 76 2
76 61 2
61 28 2
F3
256
42 77 3
77 70 3
70 98 3
98 76 3
76 68 3
68 87 3
F4
256
92 96 4
96 93 4
93 68 4
68 76 4
76 82 4
82 95 4
F5
256
1 6 5
6 8 5
8 35 5
35 56 5
56 44 5
44 60 5
F6
512
38 47 6
47 53 6
53 50 6
50 72 6
72 68 6
68 93 6
F7
512
10 12 7
12 14 7
14 11 7
11 56 7
56 79 7
79 75 7
F8
512
99 89 8
89 87 8
87 53 8
53 50 8
50 33 8
33 32 8
32 29 8
F9
512
43 4 9
4 6 9
6 8 9
8 35 9
35 55 9
F10
512
2 1 10
1 6 10
6 8 10
8 35 10
35 55 10
55 67 10
67 62 10
62 64 10
F11
512
48 34 11
34 33 11
33 50 11
50 53 11
53 73 11
73 51 11
F12
512
90 85 12
85 100 12
100 76 12
76 61 12
61 28 12
28 25 12
25 30 12
F13
512
42 77 13
77 70 13
70 98 13
98 76 13
76 68 13
68 87 13
F14
512
10 12 14
12 14 14
14 11 14
11 56 14
56 79 14
79 75 14
F15
512
22 21 15
21 16 15
16 11 15
11 58 15
58 44 15
44 60 15
F16
512
20 58 16
58 11 16
11 13 16
13 9 16
F17
1024
17 14 17
14 11 17
11 56 17
56 79 17
79 88 17
F18
1024
21 16 18
16 11 18
11 14 18
F19
1024
24 20 19
20 16 19
16 11 19
11 13 19
13 12 19
F20
1024
72 50 20
50 53 20
53 73 20
F21
1024
21 16 21
16 11 21
11 14 21
F22
1024
7 9 22
9 13 22
13 11 22
11 58 22
58 52 22
F23
1024
22 18 23
18 14 23
14 11 23
11 58 23
58 52 23
52 71 23
F24
1024
80 78 24
78 93 24
93 68 24
68 76 24
76 100 24
100 91 24
F25
1024
2 1 25
1 6 25
6 8 25
8 35 25
35 55 25
55 67 25
67 62 25
62 64 25
F26
1024
100 76 26
76 98 26
98 63 26
F27
1024
45 37 27
37 32 27
32 39 27
39 50 27
50 72 27
72 68 27
68 86 27
86 97 27
F28
1024
7 9 28
9 13 28
13 11 28
11 58 28
58 52 28
F29
1024
21 16 29
16 11 29
11 14 29
F30
1024
2 1 30
1 6 30
6 8 30
8 35 30
35 55 30
55 67 30
67 62 30
62 64 30
