F1
256
46 52 1
52 58 1
58 11 1
11 16 1
16 21 1
21 24 1
24 15 1
F2
256
3 4 2
4 41 2
41 8 2
8 35 2
35 83 2
83 49 2
49 66 2
66 59 2
F3
256
42 77 3
77 70 3
70 98 3
98 76 3
76 68 3
68 87 3
F4
256
80 78 4
78 93 4
93 68 4
68 76 4
76 100 4
100 91 4
F5
256
90 85 5
85 100 5
100 76 5
76 61 5
61 28 5
28 25 5
25 30 5
F6
256
80 78 6
78 93 6
93 68 6
68 76 6
76 100 6
100 91 6
F7
256
47 33 7
33 50 7
50 39 7
F8
512
8 35 8
35 55 8
55 41 8
F9
512
8 35 9
35 55 9
55 41 9
F10
512
37 32 10
32 39 10
39 50 10
50 28 10
28 23 10
23 40 10
F11
512
22 18 11
18 14 11
14 11 11
11 58 11
58 52 11
52 71 11
F12
512
38 47 12
47 53 12
53 50 12
50 72 12
72 68 12
68 93 12
F13
512
22 21 13
21 16 13
16 11 13
11 58 13
58 44 13
44 60 13
F14
512
99 89 14
89 87 14
87 53 14
53 50 14
50 33 14
33 32 14
32 29 14
F15
512
100 76 15
76 98 15
98 63 15
F16
512
24 20 16
20 16 16
16 11 16
11 13 16
13 12 16
F17
512
45 37 17
37 32 17
32 39 17
39 50 17
50 72 17
72 68 17
68 86 17
86 97 17
F18
512
85 91 18
91 100 18
100 76 18
76 82 18
82 74 18
74 81 18
F19
512
2 1 19
1 6 19
6 8 19
8 35 19
35 55 19
55 67 19
67 62 19
62 64 19
F20
1024
10 12 20
12 14 20
14 11 20
11 56 20
56 79 20
79 75 20
F21
1024
100 76 21
76 98 21
98 63 21
F22
1024
92 96 22
96 93 22
93 68 22
68 76 22
76 82 22
82 95 22
F23
1024
8 35 23
35 55 23
55 41 23
F24
1024
17 14 24
14 11 24
11 56 24
56 79 24
79 88 24
F25
1024
27 63 25
63 98 25
98 76 25
76 61 25
61 28 25
F26
1024
4 41 26
41 55 26
55 35 26
35 13 26
F27
1024
92 96 27
96 93 27
93 68 27
68 76 27
76 82 27
82 95 27
F28
1024
79 56 28
56 35 28
35 55 28
55 67 28
F29
1024
99 89 29
89 87 29
87 53 29
53 50 29
50 33 29
33 32 29
32 29 29
F30
1024
42 77 30
77 70 30
70 98 30
98 76 30
76 68 30
68 87 30
