F1
256
72 50 1
50 53 1
53 73 1
F2
256
54 31 2
31 41 2
41 8 2
8 35 2
35 56 2
56 58 2
58 16 2
F3
256
22 18 3
18 14 3
14 11 3
11 58 3
58 52 3
52 71 3
F4
256
79 56 4
56 35 4
35 55 4
55 67 4
F5
256
79 56 5
56 35 5
35 55 5
55 67 5
F6
256
5 7 6
7 9 6
9 13 6
13 11 6
11 16 6
16 21 6
21 26 6
26 19 6
F7
256
21 16 7
16 11 7
11 14 7
F8
256
2 1 8
1 6 8
6 8 8
8 35 8
35 55 8
55 67 8
67 62 8
62 64 8
F9
256
7 9 9
9 13 9
13 11 9
11 58 9
58 52 9
F10
256
99 89 10
89 87 10
87 53 10
53 50 10
50 33 10
33 32 10
32 29 10
F11
256
94 97 11
97 86 11
86 68 11
68 76 11
76 82 11
82 74 11
F12
256
79 56 12
56 35 12
35 55 12
55 67 12
F13
512
18 14 13
14 11 13
11 56 13
56 83 13
83 49 13
49 69 13
F14
512
42 77 14
77 70 14
70 98 14
98 76 14
76 68 14
68 87 14
F15
512
22 18 15
18 14 15
14 11 15
11 58 15
58 52 15
52 71 15
F16
512
24 20 16
20 16 16
16 11 16
11 13 16
13 12 16
F17
512
54 31 17
31 41 17
41 8 17
8 35 17
35 56 17
56 58 17
58 16 17
F18
512
84 73 18
73 53 18
53 50 18
50 39 18
39 36 18
F19
1024
43 4 19
4 6 19
6 8 19
8 35 19
35 55 19
F20
1024
20 58 20
58 11 20
11 13 20
13 9 20
F21
1024
3 4 21
4 41 21
41 8 21
8 35 21
35 83 21
83 49 21
49 66 21
66 59 21
F22
1024
79 56 22
56 35 22
35 55 22
55 67 22
F23
1024
20 58 23
58 11 23
11 13 23
13 9 23
F24
1024
89 87 24
87 68 24
68 76 24
76 61 24
F25
1024
33 50 25
50 57 25
F26
1024
21 16 26
16 11 26
11 14 26
F27
1024
43 4 27
4 6 27
6 8 27
8 35 27
35 55 27
F28
1024
84 73 28
73 53 28
53 50 28
50 39 28
39 36 28
F29
1024
43 4 29
4 6 29
6 8 29
8 35 29
35 55 29
F30
1024
43 4 30
4 6 30
6 8 30
8 35 30
35 55 30
