F1
256
85 91 1
91 100 1
100 76 1
76 82 1
82 74 1
74 81 1
F2
256
21 16 2
16 11 2
11 14 2
F3
256
38 47 3
47 53 3
53 50 3
50 72 3
72 68 3
68 93 3
F4
256
94 97 4
97 86 4
86 68 4
68 76 4
76 82 4
82 74 4
F5
256
26 21 5
21 16 5
16 11 5
11 58 5
58 56 5
56 83 5
F6
256
8 35 6
35 55 6
55 41 6
F7
256
5 7 7
7 9 7
9 13 7
13 11 7
11 16 7
16 21 7
21 26 7
26 19 7
F8
256
3 4 8
4 41 8
41 8 8
8 35 8
35 83 8
83 49 8
49 66 8
66 59 8
F9
256
90 85 9
85 100 9
100 76 9
76 61 9
61 28 9
28 25 9
25 30 9
F10
256
80 78 10
78 93 10
93 68 10
68 76 10
76 100 10
100 91 10
F11
256
72 50 11
50 53 11
53 73 11
F12
256
54 31 12
31 41 12
41 8 12
8 35 12
35 56 12
56 58 12
58 16 12
F13
512
22 21 13
21 16 13
16 11 13
11 58 13
58 44 13
44 60 13
F14
512
22 21 14
21 16 14
16 11 14
11 58 14
58 44 14
44 60 14
F15
512
1 6 15
6 8 15
8 35 15
35 56 15
56 44 15
44 60 15
F16
512
46 52 16
52 58 16
58 11 16
11 16 16
16 21 16
21 24 16
24 15 16
F17
512
85 91 17
91 100 17
100 76 17
76 82 17
82 74 17
74 81 17
F18
512
42 77 18
77 70 18
70 98 18
98 76 18
76 68 18
68 87 18
F19
512
37 32 19
32 39 19
39 50 19
50 28 19
28 23 19
23 40 19
F20
1024
1 6 20
6 8 20
8 35 20
35 56 20
56 44 20
44 60 20
F21
1024
45 37 21
37 32 21
32 39 21
39 50 21
50 72 21
72 68 21
68 86 21
86 97 21
F22
1024
47 33 22
33 50 22
50 39 22
F23
1024
99 89 23
89 87 23
87 53 23
53 50 23
50 33 23
33 32 23
32 29 23
F24
1024
92 96 24
96 93 24
93 68 24
68 76 24
76 82 24
82 95 24
F25
1024
89 87 25
87 68 25
68 76 25
76 61 25
F26
1024
22 18 26
18 14 26
14 11 26
11 58 26
58 52 26
52 71 26
F27
1024
45 37 27
37 32 27
32 39 27
39 50 27
50 72 27
72 68 27
68 86 27
86 97 27
F28
1024
8 35 28
35 55 28
55 41 28
F29
1024
17 14 29
14 11 29
11 56 29
56 79 29
79 88 29
F30
1024
85 91 30
91 100 30
100 76 30
76 82 30
82 74 30
74 81 30
