F1
256
7 9 1
9 13 1
13 11 1
11 58 1
58 52 1
F2
256
5 7 2
7 9 2
9 13 2
13 11 2
11 16 2
16 21 2
21 26 2
26 19 2
F3
256
1 6 3
6 8 3
8 35 3
35 56 3
56 44 3
44 60 3
F4
256
94 97 4
97 86 4
86 68 4
68 76 4
76 82 4
82 74 4
F5
256
90 85 5
85 100 5
100 76 5
76 61 5
61 28 5
28 25 5
25 30 5
F6
256
90 85 6
85 100 6
100 76 6
76 61 6
61 28 6
28 25 6
25 30 6
F7
512
37 32 7
32 39 7
39 50 7
50 28 7
28 23 7
23 40 7
F8
512
26 21 8
21 16 8
16 11 8
11 58 8
58 56 8
56 83 8
F9
512
45 37 9
37 32 9
32 39 9
39 50 9
50 72 9
72 68 9
68 86 9
86 97 9
F10
512
46 52 10
52 58 10
58 11 10
11 16 10
16 21 10
21 24 10
24 15 10
F11
512
22 21 11
21 16 11
16 11 11
11 58 11
58 44 11
44 60 11
F12
512
46 52 12
52 58 12
58 11 12
11 16 12
16 21 12
21 24 12
24 15 12
F13
512
48 34 13
34 33 13
33 50 13
50 53 13
53 73 13
73 51 13
F14
512
42 77 14
77 70 14
70 98 14
98 76 14
76 68 14
68 87 14
F15
512
100 76 15
76 98 15
98 63 15
F16
512
7 9 16
9 13 16
13 11 16
11 58 16
58 52 16
F17
512
85 91 17
91 100 17
100 76 17
76 82 17
82 74 17
74 81 17
F18
512
92 96 18
96 93 18
93 68 18
68 76 18
76 82 18
82 95 18
F19
512
7 9 19
9 13 19
13 11 19
11 58 19
58 52 19
F20
512
18 14 20
14 11 20
11 56 20
56 83 20
83 49 20
49 69 20
F21
512
10 12 21
12 14 21
14 11 21
11 56 21
56 79 21
79 75 21
F22
1024
38 47 22
47 53 22
53 50 22
50 72 22
72 68 22
68 93 22
F23
1024
46 52 23
52 58 23
58 11 23
11 16 23
16 21 23
21 24 23
24 15 23
F24
1024
79 56 24
56 35 24
35 55 24
55 67 24
F25
1024
79 56 25
56 35 25
35 55 25
55 67 25
F26
1024
66 49 26
49 83 26
83 35 26
35 56 26
F27
1024
18 14 27
14 11 27
11 56 27
56 83 27
83 49 27
49 69 27
F28
1024
22 21 28
21 16 28
16 11 28
11 58 28
58 44 28
44 60 28
F29
1024
22 18 29
18 14 29
14 11 29
11 58 29
58 52 29
52 71 29
F30
1024
80 78 30
78 93 30
93 68 30
68 76 30
76 100 30
100 91 30
