F1
256
43 4 1
4 6 1
6 8 1
8 35 1
35 55 1
F2
256
18 14 2
14 11 2
11 56 2
56 83 2
83 49 2
49 69 2
F3
256
18 14 3
14 11 3
11 56 3
56 83 3
83 49 3
49 69 3
F4
256
48 34 4
34 33 4
33 50 4
50 53 4
53 73 4
73 51 4
F5
256
1 6 5
6 8 5
8 35 5
35 56 5
56 44 5
44 60 5
F6
256
25 28 6
28 61 6
61 76 6
76 98 6
98 63 6
63 65 6
F7
256
7 9 7
9 13 7
13 11 7
11 58 7
58 52 7
F8
256
46 52 8
52 58 8
58 11 8
11 16 8
16 21 8
21 24 8
24 15 8
F9
256
17 14 9
14 11 9
11 56 9
56 79 9
79 88 9
F10
256
10 12 10
12 14 10
14 11 10
11 56 10
56 79 10
79 75 10
F11
256
7 9 11
9 13 11
13 11 11
11 58 11
58 52 11
F12
256
90 85 12
85 100 12
100 76 12
76 61 12
61 28 12
28 25 12
25 30 12
F13
512
43 4 13
4 6 13
6 8 13
8 35 13
35 55 13
F14
512
8 35 14
35 55 14
55 41 14
F15
512
89 87 15
87 68 15
68 76 15
76 61 15
F16
512
10 12 16
12 14 16
14 11 16
11 56 16
56 79 16
79 75 16
F17
512
100 76 17
76 98 17
98 63 17
F18
512
20 58 18
58 11 18
11 13 18
13 9 18
F19
512
43 4 19
4 6 19
6 8 19
8 35 19
35 55 19
F20
512
5 7 20
7 9 20
9 13 20
13 11 20
11 16 20
16 21 20
21 26 20
26 19 20
F21
512
46 52 21
52 58 21
58 11 21
11 16 21
16 21 21
21 24 21
24 15 21
F22
512
2 1 22
1 6 22
6 8 22
8 35 22
35 55 22
55 67 22
67 62 22
62 64 22
F23
512
22 18 23
18 14 23
14 11 23
11 58 23
58 52 23
52 71 23
F24
1024
3 4 24
4 41 24
41 8 24
8 35 24
35 83 24
83 49 24
49 66 24
66 59 24
F25
1024
7 9 25
9 13 25
13 11 25
11 58 25
58 52 25
F26
1024
4 41 26
41 55 26
55 35 26
35 13 26
F27
1024
66 49 27
49 83 27
83 35 27
35 56 27
F28
1024
10 12 28
12 14 28
14 11 28
11 56 28
56 79 28
79 75 28
F29
1024
2 1 29
1 6 29
6 8 29
8 35 29
35 55 29
55 67 29
67 62 29
62 64 29
F30
1024
10 12 30
12 14 30
14 11 30
11 56 30
56 79 30
79 75 30
