F1
256
26 21 1
21 16 1
16 11 1
11 58 1
58 56 1
56 83 1
F2
256
10 12 2
12 14 2
14 11 2
11 56 2
56 79 2
79 75 2
F3
256
2 1 3
1 6 3
6 8 3
8 35 3
35 55 3
55 67 3
67 62 3
62 64 3
F4
256
89 87 4
87 68 4
68 76 4
76 61 4
F5
256
80 78 5
78 93 5
93 68 5
68 76 5
76 100 5
100 91 5
F6
256
92 96 6
96 93 6
93 68 6
68 76 6
76 82 6
82 95 6
F7
256
8 35 7
35 55 7
55 41 7
F8
256
22 21 8
21 16 8
16 11 8
11 58 8
58 44 8
44 60 8
F9
256
48 34 9
34 33 9
33 50 9
50 53 9
53 73 9
73 51 9
F10
256
48 34 10
34 33 10
33 50 10
50 53 10
53 73 10
73 51 10
F11
512
5 7 11
7 9 11
9 13 11
13 11 11
11 16 11
16 21 11
21 26 11
26 19 11
F12
512
25 28 12
28 61 12
61 76 12
76 98 12
98 63 12
63 65 12
F13
512
33 50 13
50 57 13
F14
512
47 33 14
33 50 14
50 39 14
F15
512
94 97 15
97 86 15
86 68 15
68 76 15
76 82 15
82 74 15
F16
512
4 41 16
41 55 16
55 35 16
35 13 16
F17
512
100 76 17
76 98 17
98 63 17
F18
512
21 16 18
16 11 18
11 14 18
F19
1024
21 16 19
16 11 19
11 14 19
F20
1024
66 49 20
49 83 20
83 35 20
35 56 20
F21
1024
37 32 21
32 39 21
39 50 21
50 28 21
28 23 21
23 40 21
F22
1024
3 4 22
4 41 22
41 8 22
8 35 22
35 83 22
83 49 22
49 66 22
66 59 22
F23
1024
2 1 23
1 6 23
6 8 23
8 35 23
35 55 23
55 67 23
67 62 23
62 64 23
F24
1024
89 87 24
87 68 24
68 76 24
76 61 24
F25
1024
85 91 25
91 100 25
100 76 25
76 82 25
82 74 25
74 81 25
F26
1024
4 41 26
41 55 26
55 35 26
35 13 26
F27
1024
33 50 27
50 57 27
F28
1024
22 21 28
21 16 28
16 11 28
11 58 28
58 44 28
44 60 28
F29
1024
8 35 29
35 55 29
55 41 29
F30
1024
47 33 30
33 50 30
50 39 30
