F1
256
22 21 1
21 16 1
16 11 1
11 58 1
58 44 1
44 60 1
F2
256
90 85 2
85 100 2
100 76 2
76 61 2
61 28 2
28 25 2
25 30 2
F3
256
46 52 3
52 58 3
58 11 3
11 16 3
16 21 3
21 24 3
24 15 3
F4
256
5 7 4
7 9 4
9 13 4
13 11 4
11 16 4
16 21 4
21 26 4
26 19 4
F5
256
3 4 5
4 41 5
41 8 5
8 35 5
35 83 5
83 49 5
49 66 5
66 59 5
F6
256
25 28 6
28 61 6
61 76 6
76 98 6
98 63 6
63 65 6
F7
256
92 96 7
96 93 7
93 68 7
68 76 7
76 82 7
82 95 7
F8
256
99 89 8
89 87 8
87 53 8
53 50 8
50 33 8
33 32 8
32 29 8
F9
512
3 4 9
4 41 9
41 8 9
8 35 9
35 83 9
83 49 9
49 66 9
66 59 9
F10
512
42 77 10
77 70 10
70 98 10
98 76 10
76 68 10
68 87 10
F11
512
21 16 11
16 11 11
11 14 11
F12
512
18 14 12
14 11 12
11 56 12
56 83 12
83 49 12
49 69 12
F13
512
48 34 13
34 33 13
33 50 13
50 53 13
53 73 13
73 51 13
F14
512
20 58 14
58 11 14
11 13 14
13 9 14
F15
512
85 91 15
91 100 15
100 76 15
76 82 15
82 74 15
74 81 15
F16
512
24 20 16
20 16 16
16 11 16
11 13 16
13 12 16
F17
512
20 58 17
58 11 17
11 13 17
13 9 17
F18
512
22 21 18
21 16 18
16 11 18
11 58 18
58 44 18
44 60 18
F19
1024
22 18 19
18 14 19
14 11 19
11 58 19
58 52 19
52 71 19
F20
1024
2 1 20
1 6 20
6 8 20
8 35 20
35 55 20
55 67 20
67 62 20
62 64 20
F21
1024
24 20 21
20 16 21
16 11 21
11 13 21
13 12 21
F22
1024
100 76 22
76 98 22
98 63 22
F23
1024
100 76 23
76 98 23
98 63 23
F24
1024
26 21 24
21 16 24
16 11 24
11 58 24
58 56 24
56 83 24
F25
1024
84 73 25
73 53 25
53 50 25
50 39 25
39 36 25
F26
1024
42 77 26
77 70 26
70 98 26
98 76 26
76 68 26
68 87 26
F27
1024
22 18 27
18 14 27
14 11 27
11 58 27
58 52 27
52 71 27
F28
1024
80 78 28
78 93 28
93 68 28
68 76 28
76 100 28
100 91 28
F29
1024
24 20 29
20 16 29
16 11 29
11 13 29
13 12 29
F30
1024
2 1 30
1 6 30
6 8 30
8 35 30
35 55 30
55 67 30
67 62 30
62 64 30
