F1
256
21 16 1
16 11 1
11 14 1
F2
256
38 47 2
47 53 2
53 50 2
50 72 2
72 68 2
68 93 2
F3
256
10 12 3
12 14 3
14 11 3
11 56 3
56 79 3
79 75 3
F4
256
43 4 4
4 6 4
6 8 4
8 35 4
35 55 4
F5
256
85 91 5
91 100 5
100 76 5
76 82 5
82 74 5
74 81 5
F6
256
92 96 6
96 93 6
93 68 6
68 76 6
76 82 6
82 95 6
F7
256
48 34 7
34 33 7
33 50 7
50 53 7
53 73 7
73 51 7
F8
256
33 50 8
50 57 8
F9
256
72 50 9
50 53 9
53 73 9
F10
256
10 12 10
12 14 10
14 11 10
11 56 10
56 79 10
79 75 10
F11
512
27 63 11
63 98 11
98 76 11
76 61 11
61 28 11
F12
512
20 58 12
58 11 12
11 13 12
13 9 12
F13
512
26 21 13
21 16 13
16 11 13
11 58 13
58 56 13
56 83 13
F14
512
100 76 14
76 98 14
98 63 14
F15
512
66 49 15
49 83 15
83 35 15
35 56 15
F16
512
5 7 16
7 9 16
9 13 16
13 11 16
11 16 16
16 21 16
21 26 16
26 19 16
F17
512
26 21 17
21 16 17
16 11 17
11 58 17
58 56 17
56 83 17
F18
512
17 14 18
14 11 18
11 56 18
56 79 18
79 88 18
F19
512
17 14 19
14 11 19
11 56 19
56 79 19
79 88 19
F20
512
80 78 20
78 93 20
93 68 20
68 76 20
76 100 20
100 91 20
F21
512
24 20 21
20 16 21
16 11 21
11 13 21
13 12 21
F22
1024
21 16 22
16 11 22
11 14 22
F23
1024
22 21 23
21 16 23
16 11 23
11 58 23
58 44 23
44 60 23
F24
1024
2 1 24
1 6 24
6 8 24
8 35 24
35 55 24
55 67 24
67 62 24
62 64 24
F25
1024
20 58 25
58 11 25
11 13 25
13 9 25
F26
1024
46 52 26
52 58 26
58 11 26
11 16 26
16 21 26
21 24 26
24 15 26
F27
1024
27 63 27
63 98 27
98 76 27
76 61 27
61 28 27
F28
1024
54 31 28
31 41 28
41 8 28
8 35 28
35 56 28
56 58 28
58 16 28
F29
1024
43 4 29
4 6 29
6 8 29
8 35 29
35 55 29
F30
1024
80 78 30
78 93 30
93 68 30
68 76 30
76 100 30
100 91 30
