F1
256
48 34 1
34 33 1
33 50 1
50 53 1
53 73 1
73 51 1
F2
256
66 49 2
49 83 2
83 35 2
35 56 2
F3
256
22 18 3
18 14 3
14 11 3
11 58 3
58 52 3
52 71 3
F4
256
21 16 4
16 11 4
11 14 4
F5
256
27 63 5
63 98 5
98 76 5
76 61 5
61 28 5
F6
256
24 20 6
20 16 6
16 11 6
11 13 6
13 12 6
F7
256
100 76 7
76 98 7
98 63 7
F8
256
3 4 8
4 41 8
41 8 8
8 35 8
35 83 8
83 49 8
49 66 8
66 59 8
F9
256
18 14 9
14 11 9
11 56 9
56 83 9
83 49 9
49 69 9
F10
256
54 31 10
31 41 10
41 8 10
8 35 10
35 56 10
56 58 10
58 16 10
F11
256
47 33 11
33 50 11
50 39 11
F12
256
89 87 12
87 68 12
68 76 12
76 61 12
F13
512
100 76 13
76 98 13
98 63 13
F14
512
24 20 14
20 16 14
16 11 14
11 13 14
13 12 14
F15
512
5 7 15
7 9 15
9 13 15
13 11 15
11 16 15
16 21 15
21 26 15
26 19 15
F16
512
21 16 16
16 11 16
11 14 16
F17
512
90 85 17
85 100 17
100 76 17
76 61 17
61 28 17
28 25 17
25 30 17
F18
512
21 16 18
16 11 18
11 14 18
F19
512
46 52 19
52 58 19
58 11 19
11 16 19
16 21 19
21 24 19
24 15 19
F20
512
100 76 20
76 98 20
98 63 20
F21
512
7 9 21
9 13 21
13 11 21
11 58 21
58 52 21
F22
1024
33 50 22
50 57 22
F23
1024
46 52 23
52 58 23
58 11 23
11 16 23
16 21 23
21 24 23
24 15 23
F24
1024
54 31 24
31 41 24
41 8 24
8 35 24
35 56 24
56 58 24
58 16 24
F25
1024
80 78 25
78 93 25
93 68 25
68 76 25
76 100 25
100 91 25
F26
1024
17 14 26
14 11 26
11 56 26
56 79 26
79 88 26
F27
1024
8 35 27
35 55 27
55 41 27
F28
1024
46 52 28
52 58 28
58 11 28
11 16 28
16 21 28
21 24 28
24 15 28
F29
1024
25 28 29
28 61 29
61 76 29
76 98 29
98 63 29
63 65 29
F30
1024
26 21 30
21 16 30
16 11 30
11 58 30
58 56 30
56 83 30
