F1
256
43 4 1
4 6 1
6 8 1
8 35 1
35 55 1
F2
256
38 47 2
47 53 2
53 50 2
50 72 2
72 68 2
68 93 2
F3
256
90 85 3
85 100 3
100 76 3
76 61 3
61 28 3
28 25 3
25 30 3
F4
256
22 18 4
18 14 4
14 11 4
11 58 4
58 52 4
52 71 4
F5
256
46 52 5
52 58 5
58 11 5
11 16 5
16 21 5
21 24 5
24 15 5
F6
256
38 47 6
47 53 6
53 50 6
50 72 6
72 68 6
68 93 6
F7
256
94 97 7
97 86 7
86 68 7
68 76 7
76 82 7
82 74 7
F8
256
46 52 8
52 58 8
58 11 8
11 16 8
16 21 8
21 24 8
24 15 8
F9
512
100 76 9
76 98 9
98 63 9
F10
512
21 16 10
16 11 10
11 14 10
F11
512
10 12 11
12 14 11
14 11 11
11 56 11
56 79 11
79 75 11
F12
512
37 32 12
32 39 12
39 50 12
50 28 12
28 23 12
23 40 12
F13
512
47 33 13
33 50 13
50 39 13
F14
512
1 6 14
6 8 14
8 35 14
35 56 14
56 44 14
44 60 14
F15
512
10 12 15
12 14 15
14 11 15
11 56 15
56 79 15
79 75 15
F16
512
46 52 16
52 58 16
58 11 16
11 16 16
16 21 16
21 24 16
24 15 16
F17
512
5 7 17
7 9 17
9 13 17
13 11 17
11 16 17
16 21 17
21 26 17
26 19 17
F18
512
99 89 18
89 87 18
87 53 18
53 50 18
50 33 18
33 32 18
32 29 18
F19
512
26 21 19
21 16 19
16 11 19
11 58 19
58 56 19
56 83 19
F20
1024
22 18 20
18 14 20
14 11 20
11 58 20
58 52 20
52 71 20
F21
1024
3 4 21
4 41 21
41 8 21
8 35 21
35 83 21
83 49 21
49 66 21
66 59 21
F22
1024
25 28 22
28 61 22
61 76 22
76 98 22
98 63 22
63 65 22
F23
1024
33 50 23
50 57 23
F24
1024
84 73 24
73 53 24
53 50 24
50 39 24
39 36 24
F25
1024
2 1 25
1 6 25
6 8 25
8 35 25
35 55 25
55 67 25
67 62 25
62 64 25
F26
1024
45 37 26
37 32 26
32 39 26
39 50 26
50 72 26
72 68 26
68 86 26
86 97 26
F27
1024
79 56 27
56 35 27
35 55 27
55 67 27
F28
1024
25 28 28
28 61 28
61 76 28
76 98 28
98 63 28
63 65 28
F29
1024
42 77 29
77 70 29
70 98 29
98 76 29
76 68 29
68 87 29
F30
1024
22 18 30
18 14 30
14 11 30
11 58 30
58 52 30
52 71 30
