F1
256
18 14 1
14 11 1
11 56 1
56 83 1
83 49 1
49 69 1
F2
256
94 97 2
97 86 2
86 68 2
68 76 2
76 82 2
82 74 2
F3
256
17 14 3
14 11 3
11 56 3
56 79 3
79 88 3
F4
256
37 32 4
32 39 4
39 50 4
50 28 4
28 23 4
23 40 4
F5
256
90 85 5
85 100 5
100 76 5
76 61 5
61 28 5
28 25 5
25 30 5
F6
256
66 49 6
49 83 6
83 35 6
35 56 6
F7
256
17 14 7
14 11 7
11 56 7
56 79 7
79 88 7
F8
256
3 4 8
4 41 8
41 8 8
8 35 8
35 83 8
83 49 8
49 66 8
66 59 8
F9
256
2 1 9
1 6 9
6 8 9
8 35 9
35 55 9
55 67 9
67 62 9
62 64 9
F10
512
26 21 10
21 16 10
16 11 10
11 58 10
58 56 10
56 83 10
F11
512
25 28 11
28 61 11
61 76 11
76 98 11
98 63 11
63 65 11
F12
512
18 14 12
14 11 12
11 56 12
56 83 12
83 49 12
49 69 12
F13
512
47 33 13
33 50 13
50 39 13
F14
512
37 32 14
32 39 14
39 50 14
50 28 14
28 23 14
23 40 14
F15
512
92 96 15
96 93 15
93 68 15
68 76 15
76 82 15
82 95 15
F16
512
92 96 16
96 93 16
93 68 16
68 76 16
76 82 16
82 95 16
F17
512
5 7 17
7 9 17
9 13 17
13 11 17
11 16 17
16 21 17
21 26 17
26 19 17
F18
1024
10 12 18
12 14 18
14 11 18
11 56 18
56 79 18
79 75 18
F19
1024
7 9 19
9 13 19
13 11 19
11 58 19
58 52 19
F20
1024
27 63 20
63 98 20
98 76 20
76 61 20
61 28 20
F21
1024
72 50 21
50 53 21
53 73 21
F22
1024
3 4 22
4 41 22
41 8 22
8 35 22
35 83 22
83 49 22
49 66 22
66 59 22
F23
1024
1 6 23
6 8 23
8 35 23
35 56 23
56 44 23
44 60 23
F24
1024
48 34 24
34 33 24
33 50 24
50 53 24
53 73 24
73 51 24
F25
1024
27 63 25
63 98 25
98 76 25
76 61 25
61 28 25
F26
1024
90 85 26
85 100 26
100 76 26
76 61 26
61 28 26
28 25 26
25 30 26
F27
1024
79 56 27
56 35 27
35 55 27
55 67 27
F28
1024
90 85 28
85 100 28
100 76 28
76 61 28
61 28 28
28 25 28
25 30 28
F29
1024
22 21 29
21 16 29
16 11 29
11 58 29
58 44 29
44 60 29
F30
1024
46 52 30
52 58 30
58 11 30
11 16 30
16 21 30
21 24 30
24 15 30
