F1
256
47 33 1
33 50 1
50 39 1
F2
256
22 21 2
21 16 2
16 11 2
11 58 2
58 44 2
44 60 2
F3
256
100 76 3
76 98 3
98 63 3
F4
256
3 4 4
4 41 4
41 8 4
8 35 4
35 83 4
83 49 4
49 66 4
66 59 4
F5
256
89 87 5
87 68 5
68 76 5
76 61 5
F6
256
4 41 6
41 55 6
55 35 6
35 13 6
F7
256
45 37 7
37 32 7
32 39 7
39 50 7
50 72 7
72 68 7
68 86 7
86 97 7
F8
256
25 28 8
28 61 8
61 76 8
76 98 8
98 63 8
63 65 8
F9
256
26 21 9
21 16 9
16 11 9
11 58 9
58 56 9
56 83 9
F10
256
42 77 10
77 70 10
70 98 10
98 76 10
76 68 10
68 87 10
F11
256
47 33 11
33 50 11
50 39 11
F12
256
5 7 12
7 9 12
9 13 12
13 11 12
11 16 12
16 21 12
21 26 12
26 19 12
F13
512
99 89 13
89 87 13
87 53 13
53 50 13
50 33 13
33 32 13
32 29 13
F14
512
43 4 14
4 6 14
6 8 14
8 35 14
35 55 14
F15
512
89 87 15
87 68 15
68 76 15
76 61 15
F16
512
43 4 16
4 6 16
6 8 16
8 35 16
35 55 16
F17
512
4 41 17
41 55 17
55 35 17
35 13 17
F18
512
80 78 18
78 93 18
93 68 18
68 76 18
76 100 18
100 91 18
F19
512
90 85 19
85 100 19
100 76 19
76 61 19
61 28 19
28 25 19
25 30 19
F20
1024
90 85 20
85 100 20
100 76 20
76 61 20
61 28 20
28 25 20
25 30 20
F21
1024
18 14 21
14 11 21
11 56 21
56 83 21
83 49 21
49 69 21
F22
1024
7 9 22
9 13 22
13 11 22
11 58 22
58 52 22
F23
1024
46 52 23
52 58 23
58 11 23
11 16 23
16 21 23
21 24 23
24 15 23
F24
1024
38 47 24
47 53 24
53 50 24
50 72 24
72 68 24
68 93 24
F25
1024
33 50 25
50 57 25
F26
1024
89 87 26
87 68 26
68 76 26
76 61 26
F27
1024
8 35 27
35 55 27
55 41 27
F28
1024
80 78 28
78 93 28
93 68 28
68 76 28
76 100 28
100 91 28
F29
1024
85 91 29
91 100 29
100 76 29
76 82 29
82 74 29
74 81 29
F30
1024
90 85 30
85 100 30
100 76 30
76 61 30
61 28 30
28 25 30
25 30 30
