F1
256
85 91 1
91 100 1
100 76 1
76 82 1
82 74 1
74 81 1
F2
256
24 20 2
20 16 2
16 11 2
11 13 2
13 12 2
F3
256
33 50 3
50 57 3
F4
256
94 97 4
97 86 4
86 68 4
68 76 4
76 82 4
82 74 4
F5
256
66 49 5
49 83 5
83 35 5
35 56 5
F6
256
25 28 6
28 61 6
61 76 6
76 98 6
98 63 6
63 65 6
F7
256
5 7 7
7 9 7
9 13 7
13 11 7
11 16 7
16 21 7
21 26 7
26 19 7
F8
256
37 32 8
32 39 8
39 50 8
50 28 8
28 23 8
23 40 8
F9
256
17 14 9
14 11 9
11 56 9
56 79 9
79 88 9
F10
256
22 21 10
21 16 10
16 11 10
11 58 10
58 44 10
44 60 10
F11
256
47 33 11
33 50 11
50 39 11
F12
512
79 56 12
56 35 12
35 55 12
55 67 12
F13
512
54 31 13
31 41 13
41 8 13
8 35 13
35 56 13
56 58 13
58 16 13
F14
512
18 14 14
14 11 14
11 56 14
56 83 14
83 49 14
49 69 14
F15
512
3 4 15
4 41 15
41 8 15
8 35 15
35 83 15
83 49 15
49 66 15
66 59 15
F16
512
94 97 16
97 86 16
86 68 16
68 76 16
76 82 16
82 74 16
F17
512
4 41 17
41 55 17
55 35 17
35 13 17
F18
512
4 41 18
41 55 18
55 35 18
35 13 18
F19
1024
3 4 19
4 41 19
41 8 19
8 35 19
35 83 19
83 49 19
49 66 19
66 59 19
F20
1024
18 14 20
14 11 20
11 56 20
56 83 20
83 49 20
49 69 20
F21
1024
72 50 21
50 53 21
53 73 21
F22
1024
20 58 22
58 11 22
11 13 22
13 9 22
F23
1024
84 73 23
73 53 23
53 50 23
50 39 23
39 36 23
F24
1024
42 77 24
77 70 24
70 98 24
98 76 24
76 68 24
68 87 24
F25
1024
45 37 25
37 32 25
32 39 25
39 50 25
50 72 25
72 68 25
68 86 25
86 97 25
F26
1024
94 97 26
97 86 26
86 68 26
68 76 26
76 82 26
82 74 26
F27
1024
90 85 27
85 100 27
100 76 27
76 61 27
61 28 27
28 25 27
25 30 27
F28
1024
85 91 28
91 100 28
100 76 28
76 82 28
82 74 28
74 81 28
F29
1024
25 28 29
28 61 29
61 76 29
76 98 29
98 63 29
63 65 29
F30
1024
42 77 30
77 70 30
70 98 30
98 76 30
76 68 30
68 87 30
