F1
256
27 63 1
63 98 1
98 76 1
76 61 1
61 28 1
F2
256
85 91 2
91 100 2
100 76 2
76 82 2
82 74 2
74 81 2
F3
256
99 89 3
89 87 3
87 53 3
53 50 3
50 33 3
33 32 3
32 29 3
F4
256
20 58 4
58 11 4
11 13 4
13 9 4
F5
256
24 20 5
20 16 5
16 11 5
11 13 5
13 12 5
F6
256
24 20 6
20 16 6
16 11 6
11 13 6
13 12 6
F7
256
43 4 7
4 6 7
6 8 7
8 35 7
35 55 7
F8
256
17 14 8
14 11 8
11 56 8
56 79 8
79 88 8
F9
256
17 14 9
14 11 9
11 56 9
56 79 9
79 88 9
F10
512
33 50 10
50 57 10
F11
512
80 78 11
78 93 11
93 68 11
68 76 11
76 100 11
100 91 11
F12
512
46 52 12
52 58 12
58 11 12
11 16 12
16 21 12
21 24 12
24 15 12
F13
512
4 41 13
41 55 13
55 35 13
35 13 13
F14
512
47 33 14
33 50 14
50 39 14
F15
512
100 76 15
76 98 15
98 63 15
F16
512
22 21 16
21 16 16
16 11 16
11 58 16
58 44 16
44 60 16
F17
512
10 12 17
12 14 17
14 11 17
11 56 17
56 79 17
79 75 17
F18
512
46 52 18
52 58 18
58 11 18
11 16 18
16 21 18
21 24 18
24 15 18
F19
512
38 47 19
47 53 19
53 50 19
50 72 19
72 68 19
68 93 19
F20
1024
5 7 20
7 9 20
9 13 20
13 11 20
11 16 20
16 21 20
21 26 20
26 19 20
F21
1024
80 78 21
78 93 21
93 68 21
68 76 21
76 100 21
100 91 21
F22
1024
4 41 22
41 55 22
55 35 22
35 13 22
F23
1024
92 96 23
96 93 23
93 68 23
68 76 23
76 82 23
82 95 23
F24
1024
24 20 24
20 16 24
16 11 24
11 13 24
13 12 24
F25
1024
92 96 25
96 93 25
93 68 25
68 76 25
76 82 25
82 95 25
F26
1024
85 91 26
91 100 26
100 76 26
76 82 26
82 74 26
74 81 26
F27
1024
25 28 27
28 61 27
61 76 27
76 98 27
98 63 27
63 65 27
F28
1024
21 16 28
16 11 28
11 14 28
F29
1024
84 73 29
73 53 29
53 50 29
50 39 29
39 36 29
F30
1024
43 4 30
4 6 30
6 8 30
8 35 30
35 55 30
