F1
256
46 52 1
52 58 1
58 11 1
11 16 1
16 21 1
21 24 1
24 15 1
F2
256
8 35 2
35 55 2
55 41 2
F3
256
3 4 3
4 41 3
41 8 3
8 35 3
35 83 3
83 49 3
49 66 3
66 59 3
F4
256
24 20 4
20 16 4
16 11 4
11 13 4
13 12 4
F5
256
43 4 5
4 6 5
6 8 5
8 35 5
35 55 5
F6
256
94 97 6
97 86 6
86 68 6
68 76 6
76 82 6
82 74 6
F7
256
100 76 7
76 98 7
98 63 7
F8
256
20 58 8
58 11 8
11 13 8
13 9 8
F9
256
37 32 9
32 39 9
39 50 9
50 28 9
28 23 9
23 40 9
F10
256
17 14 10
14 11 10
11 56 10
56 79 10
79 88 10
F11
256
72 50 11
50 53 11
53 73 11
F12
512
25 28 12
28 61 12
61 76 12
76 98 12
98 63 12
63 65 12
F13
512
22 21 13
21 16 13
16 11 13
11 58 13
58 44 13
44 60 13
F14
512
72 50 14
50 53 14
53 73 14
F15
512
7 9 15
9 13 15
13 11 15
11 58 15
58 52 15
F16
512
8 35 16
35 55 16
55 41 16
F17
512
1 6 17
6 8 17
8 35 17
35 56 17
56 44 17
44 60 17
F18
512
1 6 18
6 8 18
8 35 18
35 56 18
56 44 18
44 60 18
F19
512
22 18 19
18 14 19
14 11 19
11 58 19
58 52 19
52 71 19
F20
512
10 12 20
12 14 20
14 11 20
11 56 20
56 79 20
79 75 20
F21
1024
46 52 21
52 58 21
58 11 21
11 16 21
16 21 21
21 24 21
24 15 21
F22
1024
22 18 22
18 14 22
14 11 22
11 58 22
58 52 22
52 71 22
F23
1024
22 18 23
18 14 23
14 11 23
11 58 23
58 52 23
52 71 23
F24
1024
3 4 24
4 41 24
41 8 24
8 35 24
35 83 24
83 49 24
49 66 24
66 59 24
F25
1024
100 76 25
76 98 25
98 63 25
F26
1024
48 34 26
34 33 26
33 50 26
50 53 26
53 73 26
73 51 26
F27
1024
100 76 27
76 98 27
98 63 27
F28
1024
43 4 28
4 6 28
6 8 28
8 35 28
35 55 28
F29
1024
89 87 29
87 68 29
68 76 29
76 61 29
F30
1024
27 63 30
63 98 30
98 76 30
76 61 30
61 28 30
