F1
256
90 85 1
85 100 1
100 76 1
76 61 1
61 28 1
28 25 1
25 30 1
F2
256
42 77 2
77 70 2
70 98 2
98 76 2
76 68 2
68 87 2
F3
256
37 32 3
32 39 3
39 50 3
50 28 3
28 23 3
23 40 3
F4
256
92 96 4
96 93 4
93 68 4
68 76 4
76 82 4
82 95 4
F5
256
17 14 5
14 11 5
11 56 5
56 79 5
79 88 5
F6
256
54 31 6
31 41 6
41 8 6
8 35 6
35 56 6
56 58 6
58 16 6
F7
256
10 12 7
12 14 7
14 11 7
11 56 7
56 79 7
79 75 7
F8
256
42 77 8
77 70 8
70 98 8
98 76 8
76 68 8
68 87 8
F9
512
17 14 9
14 11 9
11 56 9
56 79 9
79 88 9
F10
512
2 1 10
1 6 10
6 8 10
8 35 10
35 55 10
55 67 10
67 62 10
62 64 10
F11
512
8 35 11
35 55 11
55 41 11
F12
512
8 35 12
35 55 12
55 41 12
F13
512
25 28 13
28 61 13
61 76 13
76 98 13
98 63 13
63 65 13
F14
512
25 28 14
28 61 14
61 76 14
76 98 14
98 63 14
63 65 14
F15
512
21 16 15
16 11 15
11 14 15
F16
512
85 91 16
91 100 16
100 76 16
76 82 16
82 74 16
74 81 16
F17
512
24 20 17
20 16 17
16 11 17
11 13 17
13 12 17
F18
512
26 21 18
21 16 18
16 11 18
11 58 18
58 56 18
56 83 18
F19
512
10 12 19
12 14 19
14 11 19
11 56 19
56 79 19
79 75 19
F20
512
100 76 20
76 98 20
98 63 20
F21
512
100 76 21
76 98 21
98 63 21
F22
512
47 33 22
33 50 22
50 39 22
F23
512
22 21 23
21 16 23
16 11 23
11 58 23
58 44 23
44 60 23
F24
512
90 85 24
85 100 24
100 76 24
76 61 24
61 28 24
28 25 24
25 30 24
F25
1024
89 87 25
87 68 25
68 76 25
76 61 25
F26
1024
84 73 26
73 53 26
53 50 26
50 39 26
39 36 26
F27
1024
2 1 27
1 6 27
6 8 27
8 35 27
35 55 27
55 67 27
67 62 27
62 64 27
F28
1024
99 89 28
89 87 28
87 53 28
53 50 28
50 33 28
33 32 28
32 29 28
F29
1024
27 63 29
63 98 29
98 76 29
76 61 29
61 28 29
F30
1024
43 4 30
4 6 30
6 8 30
8 35 30
35 55 30
