F1
256
80 78 1
78 93 1
93 68 1
68 76 1
76 100 1
100 91 1
F2
256
2 1 2
1 6 2
6 8 2
8 35 2
35 55 2
55 67 2
67 62 2
62 64 2
F3
256
38 47 3
47 53 3
53 50 3
50 72 3
72 68 3
68 93 3
F4
256
43 4 4
4 6 4
6 8 4
8 35 4
35 55 4
F5
256
100 76 5
76 98 5
98 63 5
F6
256
54 31 6
31 41 6
41 8 6
8 35 6
35 56 6
56 58 6
58 16 6
F7
256
94 97 7
97 86 7
86 68 7
68 76 7
76 82 7
82 74 7
F8
256
1 6 8
6 8 8
8 35 8
35 56 8
56 44 8
44 60 8
F9
256
66 49 9
49 83 9
83 35 9
35 56 9
F10
256
46 52 10
52 58 10
58 11 10
11 16 10
16 21 10
21 24 10
24 15 10
F11
256
21 16 11
16 11 11
11 14 11
F12
256
26 21 12
21 16 12
16 11 12
11 58 12
58 56 12
56 83 12
F13
256
47 33 13
33 50 13
50 39 13
F14
256
18 14 14
14 11 14
11 56 14
56 83 14
83 49 14
49 69 14
F15
512
45 37 15
37 32 15
32 39 15
39 50 15
50 72 15
72 68 15
68 86 15
86 97 15
F16
512
92 96 16
96 93 16
93 68 16
68 76 16
76 82 16
82 95 16
F17
512
3 4 17
4 41 17
41 8 17
8 35 17
35 83 17
83 49 17
49 66 17
66 59 17
F18
512
37 32 18
32 39 18
39 50 18
50 28 18
28 23 18
23 40 18
F19
512
43 4 19
4 6 19
6 8 19
8 35 19
35 55 19
F20
512
46 52 20
52 58 20
58 11 20
11 16 20
16 21 20
21 24 20
24 15 20
F21
512
20 58 21
58 11 21
11 13 21
13 9 21
F22
512
22 21 22
21 16 22
16 11 22
11 58 22
58 44 22
44 60 22
F23
1024
20 58 23
58 11 23
11 13 23
13 9 23
F24
1024
26 21 24
21 16 24
16 11 24
11 58 24
58 56 24
56 83 24
F25
1024
20 58 25
58 11 25
11 13 25
13 9 25
F26
1024
80 78 26
78 93 26
93 68 26
68 76 26
76 100 26
100 91 26
F27
1024
3 4 27
4 41 27
41 8 27
8 35 27
35 83 27
83 49 27
49 66 27
66 59 27
F28
1024
99 89 28
89 87 28
87 53 28
53 50 28
50 33 28
33 32 28
32 29 28
F29
1024
22 21 29
21 16 29
16 11 29
11 58 29
58 44 29
44 60 29
F30
1024
84 73 30
73 53 30
53 50 30
50 39 30
39 36 30
