F1
256
38 47 1
47 53 1
53 50 1
50 72 1
72 68 1
68 93 1
F2
256
46 52 2
52 58 2
58 11 2
11 16 2
16 21 2
21 24 2
24 15 2
F3
256
33 50 3
50 57 3
F4
256
54 31 4
31 41 4
41 8 4
8 35 4
35 56 4
56 58 4
58 16 4
F5
256
10 12 5
12 14 5
14 11 5
11 56 5
56 79 5
79 75 5
F6
256
42 77 6
77 70 6
70 98 6
98 76 6
76 68 6
68 87 6
F7
256
46 52 7
52 58 7
58 11 7
11 16 7
16 21 7
21 24 7
24 15 7
F8
256
85 91 8
91 100 8
100 76 8
76 82 8
82 74 8
74 81 8
F9
256
22 21 9
21 16 9
16 11 9
11 58 9
58 44 9
44 60 9
F10
256
47 33 10
33 50 10
50 39 10
F11
256
54 31 11
31 41 11
41 8 11
8 35 11
35 56 11
56 58 11
58 16 11
F12
512
25 28 12
28 61 12
61 76 12
76 98 12
98 63 12
63 65 12
F13
512
10 12 13
12 14 13
14 11 13
11 56 13
56 79 13
79 75 13
F14
512
42 77 14
77 70 14
70 98 14
98 76 14
76 68 14
68 87 14
F15
512
94 97 15
97 86 15
86 68 15
68 76 15
76 82 15
82 74 15
F16
512
4 41 16
41 55 16
55 35 16
35 13 16
F17
512
25 28 17
28 61 17
61 76 17
76 98 17
98 63 17
63 65 17
F18
512
8 35 18
35 55 18
55 41 18
F19
512
47 33 19
33 50 19
50 39 19
F20
512
33 50 20
50 57 20
F21
512
37 32 21
32 39 21
39 50 21
50 28 21
28 23 21
23 40 21
F22
512
92 96 22
96 93 22
93 68 22
68 76 22
76 82 22
82 95 22
F23
512
54 31 23
31 41 23
41 8 23
8 35 23
35 56 23
56 58 23
58 16 23
F24
1024
25 28 24
28 61 24
61 76 24
76 98 24
98 63 24
63 65 24
F25
1024
3 4 25
4 41 25
41 8 25
8 35 25
35 83 25
83 49 25
49 66 25
66 59 25
F26
1024
21 16 26
16 11 26
11 14 26
F27
1024
90 85 27
85 100 27
100 76 27
76 61 27
61 28 27
28 25 27
25 30 27
F28
1024
22 21 28
21 16 28
16 11 28
11 58 28
58 44 28
44 60 28
F29
1024
89 87 29
87 68 29
68 76 29
76 61 29
F30
1024
1 6 30
6 8 30
8 35 30
35 56 30
56 44 30
44 60 30
